X Y Z F A
-17.280 8.160 49.500 53.061 .000
-17.460 8.160 49.620 53.231 1.280
-17.460 8.160 49.620 53.231 1.293
-17.820 8.340 49.440 53.211 1.293
-17.820 8.340 49.440 53.211 1.306
-17.820 8.160 48.960 52.737 1.306
-17.820 8.160 48.960 52.737 1.387
-17.160 8.220 49.140 52.695 1.387
-17.160 8.220 49.140 52.695 1.434
-16.980 7.980 48.540 52.040 1.434
-16.980 7.980 48.540 52.040 1.378
-16.440 7.980 48.180 51.529 1.659
-16.440 7.980 48.180 51.529 1.659
-16.740 8.340 48.240 51.739 1.553
-16.740 8.340 48.240 51.739 1.553
-16.920 8.880 47.760 51.441 1.437
-16.920 8.880 47.760 51.441 1.437
-16.560 9.600 46.860 50.619 1.533
-16.560 9.600 46.860 50.619 1.533
-15.780 9.600 45.480 49.088 1.077
-15.780 9.600 45.480 49.088 1.397
-14.520 9.120 43.920 47.148 1.397
-14.520 9.120 43.920 47.148 1.306
-13.260 8.040 42.480 45.222 1.306
-13.260 8.040 42.480 45.222 .956
-12.120 6.300 40.920 43.140 .956
-12.120 6.300 40.920 43.140 1.432
-11.280 4.680 40.080 41.899 1.432
-11.280 4.680 40.080 41.899 2.019
-10.680 3.540 38.280 39.899 1.436
-10.680 3.540 38.280 39.899 1.436
-9.960 2.340 36.300 37.714 1.558
-9.960 2.340 36.300 37.714 1.558
-9.660 1.680 34.500 35.866 1.886
-9.660 1.680 34.500 35.866 1.886
-9.180 1.980 31.920 33.273 1.650
-9.180 1.980 31.920 33.273 1.110
-8.220 2.520 29.580 30.804 1.110
-8.220 2.520 29.580 30.804 1.613
-8.160 3.600 27.360 28.777 1.613
-8.160 3.600 27.360 28.777 1.840
-7.980 5.760 25.260 27.110 1.840
-7.980 5.760 25.260 27.110 1.237
-8.700 7.740 23.400 26.137 1.237
-8.700 7.740 23.400 26.137 .931
-10.200 9.840 22.200 26.338 1.131
-10.200 9.840 22.200 26.338 1.131
-11.760 11.760 22.080 27.643 1.034
-11.760 11.760 22.080 27.643 1.034
-13.260 12.360 21.660 28.245 .809
-13.260 12.360 21.660 28.245 .809
-14.880 11.580 21.840 28.853 1.143
-14.880 11.580 21.840 28.853 1.143
-16.620 10.740 22.800 30.190 .963
-16.620 10.740 22.800 30.190 1.370
-18.660 8.460 23.460 31.147 1.370
-18.660 8.460 23.460 31.147 1.394
-20.580 5.760 25.020 32.905 1.394
-20.580 5.760 25.020 32.905 1.498
-22.320 4.320 26.880 35.205 1.498
-22.320 4.320 26.880 35.205 1.332
-23.820 1.800 29.280 37.788 1.332
-23.820 1.800 29.280 37.788 1.661
-25.860 1.260 31.200 40.543 1.684
-25.860 1.260 31.200 40.543 1.684
-28.260 1.500 33.300 43.701 1.451
-28.260 1.500 33.300 43.701 1.451
-30.420 .900 36.180 47.278 1.637
-30.420 .900 36.180 47.278 1.637
-32.220 1.620 38.340 50.107 1.646
-32.220 1.620 38.340 50.107 1.646
-33.660 1.740 40.260 52.506 1.645
-33.660 1.740 40.260 52.506 1.652
-34.440 1.800 41.280 53.790 1.652
-34.440 1.800 41.280 53.790 1.743
-35.280 2.100 41.100 54.206 1.743
-35.280 2.100 41.100 54.206 1.693
-35.460 1.800 39.660 53.231 1.693
-35.460 1.800 39.660 53.231 1.439
-34.680 .720 38.280 51.658 1.695
-34.680 .720 38.280 51.658 1.695
-33.600 -.540 36.600 49.687 1.749
-33.600 -.540 36.600 49.687 1.749
-31.500 -1.620 34.200 46.524 1.948
-31.500 -1.620 34.200 46.524 1.948
-29.760 -1.980 32.520 44.126 1.812
-29.760 -1.980 32.520 44.126 1.812
-27.600 -1.080 30.960 41.490 1.777
-27.600 -1.080 30.960 41.490 1.638
-25.380 -.240 30.240 39.480 1.638
-22.860 .840 30.480 38.109 1.802
-22.860 .840 30.480 38.109 1.802
-22.860 .840 30.480 38.109 1.710
-20.340 1.320 31.020 37.117 1.710
-20.340 1.320 31.020 37.117 1.296
-17.520 1.440 31.260 35.864 1.640
-17.520 1.440 31.260 35.864 1.640
-15.600 2.100 31.260 34.999 1.679
-15.600 2.100 31.260 34.999 1.679
-15.360 3.240 30.600 34.392 1.351
-15.360 3.240 30.600 34.392 1.351
-14.280 4.080 30.120 33.582 1.530
-14.280 4.080 30.120 33.582 1.530
-13.860 5.040 29.580 33.053 1.489
-13.860 5.040 29.580 33.053 1.129
-12.840 6.600 29.100 32.484 1.129
-12.840 6.600 29.100 32.484 1.396
-10.620 7.800 28.440 31.344 1.396
-10.620 7.800 28.440 31.344 1.274
-9.960 9.480 27.900 31.104 1.274
-9.960 9.480 27.900 31.104 1.268
-9.060 10.620 27.540 30.876 1.268
-9.060 10.620 27.540 30.876 .836
-7.320 9.960 26.880 29.586 .836
-7.320 9.960 26.880 29.586 1.224
-5.880 9.240 26.520 28.693 1.161
-5.880 9.240 26.520 28.693 1.161
-2.460 9.180 25.260 26.989 -.066
-2.460 9.180 25.260 26.989 -.066
1.020 8.820 23.520 25.140 .324
1.020 8.820 23.520 25.140 .324
3.600 9.060 21.300 23.425 -.158
6.480 8.700 19.020 21.896 -.061
6.480 8.700 19.020 21.896 -.061
6.480 8.700 19.020 21.896 -.791
8.280 7.020 16.260 19.551 -.791
8.280 7.020 16.260 19.551 -1.223
10.620 5.820 12.180 17.176 -1.223
10.620 5.820 12.180 17.176 -1.261
13.560 4.380 8.100 16.391 -1.261
13.560 4.380 8.100 16.391 -1.407
15.540 2.880 4.080 16.323 -1.442
15.540 2.880 4.080 16.323 -1.442
17.940 .960 .000 17.966 -1.552
17.940 .960 .000 17.966 -1.552
19.380 -2.760 -1.680 19.648 -1.709
19.680 -6.660 -2.280 20.901 -1.709
19.680 -6.660 -2.280 20.901 -1.877
20.640 -10.260 -3.240 23.276 -2.035
20.640 -10.260 -3.240 23.276 -2.035
20.640 -10.260 -3.240 23.276 -2.012
19.680 -13.080 -1.860 23.703 -2.012
28.440 -15.000 5.460 32.614 -2.140
28.440 -15.000 5.460 32.614 -2.140
26.820 -17.100 8.100 32.823 -2.074
26.820 -17.100 8.100 32.823 -2.074
23.880 -19.020 13.020 33.189 -2.205
23.880 -19.020 13.020 33.189 -2.258
21.480 -20.400 17.160 34.235 -2.258
21.480 -20.400 17.160 34.235 -2.325
19.860 -20.100 21.180 35.313 -2.325
19.860 -20.100 21.180 35.313 -2.412
16.620 -19.200 24.420 35.231 -2.412
16.620 -19.200 24.420 35.231 -2.442
14.280 -17.880 26.160 34.756 -2.409
14.280 -17.880 26.160 34.756 -2.409
13.320 -15.600 27.000 33.908 -2.494
13.320 -15.600 27.000 33.908 -2.494
12.120 -13.980 27.960 33.528 -2.495
12.120 -13.980 27.960 33.528 -2.495
12.240 -11.880 28.680 33.369 -2.452
12.240 -11.880 28.680 33.369 -2.452
11.820 -10.140 29.460 33.323 -2.394
11.820 -10.140 29.460 33.323 -2.394
11.700 -8.100 29.880 33.096 -2.322
11.700 -8.100 29.880 33.096 -2.059
11.820 -5.880 30.960 33.657 -2.059
11.820 -5.880 30.960 33.657 -1.839
12.000 -4.440 31.860 34.333 -1.839
12.000 -4.440 31.860 34.333 -2.063
13.440 -2.100 32.640 35.361 -2.063
13.440 -2.100 32.640 35.361 -1.886
14.760 -.120 33.900 36.974 -1.886
14.760 -.120 33.900 36.974 -1.804
15.660 1.380 35.160 38.514 -1.737
15.660 1.380 35.160 38.514 -1.737
15.840 2.760 36.180 39.592 -1.584
15.840 2.760 36.180 39.592 -1.584
15.720 3.180 38.580 41.781 -1.423
15.720 3.180 38.580 41.781 -1.423
15.720 3.120 40.740 43.779 -1.849
15.720 3.120 40.740 43.779 -1.849
15.780 3.240 42.240 45.208 -1.662
15.780 3.240 42.240 45.208 -1.673
16.500 3.300 44.640 47.706 -1.673
16.500 3.300 44.640 47.706 -1.959
16.260 3.660 46.200 49.114 -1.959
16.260 3.660 46.200 49.114 -1.474
15.540 4.200 47.760 50.400 -1.474
15.540 4.200 47.760 50.400 -1.378
15.000 5.220 49.920 52.386 -1.820
15.000 5.220 49.920 52.386 -1.820
14.160 6.420 51.900 54.179 -1.372
14.160 6.420 51.900 54.179 -1.372
14.520 7.320 52.800 55.247 -1.566
14.520 7.320 52.800 55.247 -1.566
15.180 8.220 52.740 55.493 -1.286
15.180 8.220 52.740 55.493 -1.286
15.420 8.460 51.180 54.118 -1.468
15.420 8.460 51.180 54.118 -.990
16.320 8.220 49.800 53.047 -.990
16.320 8.220 49.800 53.047 -1.683
16.740 7.920 47.940 51.393 -1.683
16.740 7.920 47.940 51.393 -1.492
17.460 7.680 46.560 50.316 -1.492
17.460 7.680 46.560 50.316 -1.287
18.480 6.600 45.720 49.753 -1.287
18.480 6.600 45.720 49.753 -1.431
18.180 5.460 44.220 48.122 -1.442
18.180 5.460 44.220 48.122 -1.442
17.940 4.260 43.500 47.247 -.987
17.940 4.260 43.500 47.247 -.987
17.460 2.580 43.260 46.722 -1.675
17.460 2.580 43.260 46.722 -1.675
16.920 1.140 42.540 45.796 -1.517
16.920 1.140 42.540 45.796 -1.517
17.340 -.180 42.240 45.661 -1.149
17.340 -.180 42.240 45.661 -1.873
18.060 -1.500 41.280 45.083 -1.873
18.060 -1.500 41.280 45.083 -1.791
18.060 -2.640 39.840 43.822 -1.791
18.060 -2.640 39.840 43.822 -1.177
18.600 -3.540 38.760 43.137 -1.177
18.600 -3.540 38.760 43.137 -1.910
19.320 -3.720 37.680 42.507 -1.910
19.320 -3.720 37.680 42.507 -1.817
19.800 -3.540 36.960 42.079 -1.377
19.800 -3.540 36.960 42.079 -1.377
20.700 -3.540 36.540 42.145 -1.873
20.700 -3.540 36.540 42.145 -1.873
20.160 -3.480 37.140 42.402 -1.795
20.160 -3.480 37.140 42.402 -1.795
18.660 -3.720 37.680 42.212 -1.467
18.660 -3.720 37.680 42.212 -1.467
16.740 -4.560 38.640 42.356 -1.870
16.740 -4.560 38.640 42.356 -1.932
14.520 -4.860 40.080 42.905 -1.932
14.520 -4.860 40.080 42.905 -1.405
13.200 -4.980 41.160 43.511 -1.405
13.200 -4.980 41.160 43.511 -2.222
12.060 -5.580 42.660 44.682 -2.222
12.060 -5.580 42.660 44.682 -1.998
10.500 -5.580 44.400 45.965 -1.710
10.500 -5.580 44.400 45.965 -1.710
9.840 -5.880 46.620 48.009 -2.055
9.840 -5.880 46.620 48.009 -2.055
9.480 -4.740 48.660 49.801 -2.240
9.480 -4.740 48.660 49.801 -2.240
9.180 -3.300 50.100 51.041 -1.349
9.180 -3.300 50.100 51.041 -1.349
9.180 -.900 51.780 52.595 -1.876
9.180 -.900 51.780 52.595 -1.988
8.760 2.400 52.380 53.162 -1.988
8.760 2.400 52.380 53.162 -1.937
7.860 5.100 53.460 54.275 -1.937
7.860 5.100 53.460 54.275 -1.348
7.680 8.460 54.420 55.607 -1.348
7.680 8.460 54.420 55.607 -1.463
7.980 10.560 54.420 56.007 -1.463
7.980 10.560 54.420 56.007 -.966
8.580 12.480 54.600 56.662 -.916
8.580 12.480 54.600 56.662 -.916
9.060 13.380 54.600 56.941 -.873
9.060 13.380 54.600 56.941 -.873
9.060 13.560 54.420 56.811 -1.109
9.060 13.560 54.420 56.811 -1.109
8.880 12.720 54.960 57.107 -.668
8.880 12.720 54.960 57.107 -.668
8.880 10.800 55.620 57.350 -1.285
8.880 10.800 55.620 57.350 -1.217
8.700 8.640 55.800 57.131 -1.217
8.700 8.640 55.800 57.131 -1.170
8.580 6.120 56.160 57.140 -1.170
8.580 6.120 56.160 57.140 -1.478
8.220 4.140 56.100 56.850 -1.478
8.220 4.140 56.100 56.850 -1.597
8.040 1.980 55.200 55.818 -1.597
8.040 1.980 55.200 55.818 -1.121
8.580 -.180 54.300 54.974 -2.246
8.580 -.180 54.300 54.974 -2.246
9.300 -1.980 53.280 54.122 -1.990
9.300 -1.980 53.280 54.122 -1.990
10.440 -3.600 52.560 53.708 -1.909
10.440 -3.600 52.560 53.708 -1.909
11.340 -4.920 51.780 53.235 -2.094
11.340 -4.920 51.780 53.235 -2.094
11.760 -5.280 50.100 51.732 -2.301
11.760 -5.280 50.100 51.732 -2.115
13.380 -5.820 49.440 51.548 -1.556
13.380 -5.820 49.440 51.548 -2.202
15.360 -5.820 48.480 51.187 -2.202
15.360 -5.820 48.480 51.187 -2.171
17.760 -4.920 47.520 50.968 -2.171
17.760 -4.920 47.520 50.968 -1.769
21.120 -3.900 47.940 52.531 -1.769
21.120 -3.900 47.940 52.531 -1.902
23.040 -2.760 47.460 52.829 -1.918
23.040 -2.760 47.460 52.829 -1.918
25.380 -1.440 48.240 54.528 -1.606
25.380 -1.440 48.240 54.528 -1.606
28.020 .000 49.800 57.142 -1.746
28.020 .000 49.800 57.142 -1.746
30.000 1.380 51.120 59.289 -1.823
30.000 1.380 51.120 59.289 -1.823
32.580 2.760 53.280 62.513 -1.608
32.580 2.760 53.280 62.513 -1.559
34.320 3.720 54.600 64.598 -1.559
34.320 3.720 54.600 64.598 -1.631
34.920 4.320 55.380 65.613 -1.631
34.920 4.320 55.380 65.613 -1.667
35.580 4.980 56.640 67.073 -1.667
35.580 4.980 56.640 67.073 -1.573
35.820 5.700 56.880 67.460 -1.573
35.820 5.700 56.880 67.460 -1.654
36.000 7.200 56.700 67.548 -1.320
36.000 7.200 56.700 67.548 -1.320
36.060 7.980 56.460 67.467 -1.566
36.060 7.980 56.460 67.467 -1.566
35.700 8.100 54.240 65.438 -1.474
35.700 8.100 54.240 65.438 -1.474
34.560 8.100 52.200 63.126 -1.198
34.560 8.100 52.200 63.126 -1.551
33.180 7.440 50.160 60.599 -1.551
33.180 7.440 50.160 60.599 -1.388
32.040 7.140 48.000 58.151 -1.388
32.040 7.140 48.000 58.151 -1.482
30.600 7.020 47.400 56.854 -1.482
30.600 7.020 47.400 56.854 -1.433
29.520 6.960 46.620 55.617 -1.433
29.520 6.960 46.620 55.617 -1.481
28.020 6.660 45.420 53.782 -1.481
28.020 6.660 45.420 53.782 -1.177
27.060 6.420 45.060 52.952 -1.696
27.060 6.420 45.060 52.952 -1.696
26.520 6.120 44.280 51.976 -1.485
26.520 6.120 44.280 51.976 -1.485
25.680 5.640 43.260 50.623 -1.561
25.680 5.640 43.260 50.623 -1.561
25.380 5.400 43.080 50.291 -1.423
25.380 5.400 43.080 50.291 -1.423
24.240 5.160 41.580 48.406 -1.512
24.240 5.160 41.580 48.406 -1.543
23.040 4.560 40.500 46.818 -1.543
23.040 4.560 40.500 46.818 -1.723
22.560 3.960 39.480 45.643 -1.723
22.560 3.960 39.480 45.643 -1.459
21.720 3.480 37.860 43.786 -1.459
21.720 3.480 37.860 43.786 -1.461
20.820 3.060 37.020 42.583 -1.596
20.820 3.060 37.020 42.583 -1.596
19.200 2.880 35.580 40.532 -1.571
19.200 2.880 35.580 40.532 -1.571
17.220 2.820 34.320 38.501 -1.550
17.220 2.820 34.320 38.501 -1.550
15.720 2.880 33.660 37.261 -1.732
15.720 2.880 33.660 37.261 -1.732
14.580 2.760 32.520 35.746 -1.566
14.580 2.760 32.520 35.746 -1.335
13.740 3.480 31.980 34.980 -1.335
13.740 3.480 31.980 34.980 -1.610
12.660 4.380 31.800 34.507 -1.610
12.660 4.380 31.800 34.507 -1.592
10.680 5.100 32.100 34.212 -1.592
10.680 5.100 32.100 34.212 -1.177
8.760 6.000 33.000 34.666 -1.177
8.760 6.000 33.000 34.666 -1.653
7.380 6.180 34.020 35.356 -1.277
7.380 6.180 34.020 35.356 -1.277
6.480 6.540 34.140 35.360 -.789
6.480 6.540 34.140 35.360 -.789
6.180 6.720 33.960 35.166 -1.225
6.180 6.720 33.960 35.166 -1.225
5.940 6.360 33.540 34.651 -1.344
5.940 6.360 33.540 34.651 -1.344
5.700 6.000 32.880 33.906 -.513
5.700 6.000 32.880 33.906 -1.642
6.060 4.560 33.240 34.094 -1.642
6.060 4.560 33.240 34.094 -1.150
6.180 3.360 34.140 34.857 -1.150
6.180 3.360 34.140 34.857 -.815
6.900 2.580 35.580 36.335 -.815
6.900 2.580 35.580 36.335 -1.935
7.440 1.920 37.380 38.162 -1.935
7.440 1.920 37.380 38.162 -1.877
7.380 2.460 39.360 40.121 -1.209
7.380 2.460 39.360 40.121 -1.209
8.400 2.640 41.940 42.854 -2.146
8.400 2.640 41.940 42.854 -2.146
9.120 2.880 44.400 45.418 -1.543
9.120 2.880 44.400 45.418 -1.543
10.260 3.480 47.340 48.564 -.981
10.260 3.480 47.340 48.564 -.981
11.700 3.420 50.640 52.086 -1.851
11.700 3.420 50.640 52.086 -1.923
12.420 3.060 53.040 54.561 -1.923
12.420 3.060 53.040 54.561 -.476
13.320 2.100 55.980 57.581 -.476
13.320 2.100 55.980 57.581 -2.081
13.980 .060 58.980 60.614 -2.081
13.980 .060 58.980 60.614 -2.097
14.760 -2.760 60.720 62.549 -1.549
14.760 -2.760 60.720 62.549 -1.549
15.660 -5.400 62.220 64.387 -2.636
15.660 -5.400 62.220 64.387 -2.636
16.140 -8.400 62.040 64.653 -2.288
16.140 -8.400 62.040 64.653 -2.288
16.260 -11.100 59.940 63.090 -2.123
16.260 -11.100 59.940 63.090 -2.123
16.920 -13.020 58.320 62.105 -2.528
16.920 -13.020 58.320 62.105 -2.398
17.940 -14.760 56.100 60.720 -2.398
17.940 -14.760 56.100 60.720 -2.187
19.140 -15.240 53.520 58.847 -2.187
19.140 -15.240 53.520 58.847 -2.351
20.100 -15.240 51.420 57.274 -2.351
20.100 -15.240 51.420 57.274 -2.318
19.860 -15.180 48.960 54.972 -2.318
19.860 -15.180 48.960 54.972 -2.314
19.380 -14.100 46.440 52.260 -2.204
19.380 -14.100 46.440 52.260 -2.204
18.900 -13.680 44.220 49.998 -2.278
18.900 -13.680 44.220 49.998 -2.278
19.560 -12.060 42.060 47.928 -2.168
19.560 -12.060 42.060 47.928 -2.168
20.520 -9.540 40.140 46.079 -1.996
20.520 -9.540 40.140 46.079 -1.996
20.820 -7.380 37.980 43.937 -2.099
20.820 -7.380 37.980 43.937 -2.316
20.280 -3.900 36.480 41.920 -2.316
20.280 -3.900 36.480 41.920 -1.761
19.080 -1.680 35.700 40.514 -1.761
19.080 -1.680 35.700 40.514 -1.850
17.640 -.420 35.040 39.232 -1.850
17.640 -.420 35.040 39.232 -1.960
17.100 .300 35.040 38.991 -1.960
17.100 .300 35.040 38.991 -1.614
16.800 -.420 35.100 38.916 -1.872
16.800 -.420 35.100 38.916 -1.872
15.420 -2.340 35.040 38.354 -2.211
15.420 -2.340 35.040 38.354 -2.211
15.000 -4.500 34.860 38.216 -1.737
15.000 -4.500 34.860 38.216 -1.737
15.240 -7.380 35.100 38.971 -2.246
16.380 -10.260 35.340 40.280 -2.387
16.380 -10.260 35.340 40.280 -2.387
18.480 -12.780 35.160 41.726 -2.198
18.480 -12.780 35.160 41.726 -2.198
20.580 -14.880 34.140 42.550 -2.416
20.580 -14.880 34.140 42.550 -2.416
22.380 -16.560 32.340 42.673 -2.242
22.380 -16.560 32.340 42.673 -2.242
26.280 -16.680 30.660 43.691 -2.365
26.280 -16.680 30.660 43.691 -2.261
32.580 -14.100 29.040 45.865 -2.261
32.580 -14.100 29.040 45.865 -2.057
39.660 -8.040 27.960 49.187 -2.057
39.660 -8.040 27.960 49.187 -1.638
47.580 .300 27.780 55.097 -1.638
47.580 .300 27.780 55.097 -1.569
53.280 10.440 27.600 60.906 -1.569
53.280 10.440 27.600 60.906 -1.454
55.980 22.080 28.140 66.432 -1.258
55.980 22.080 28.140 66.432 -1.258
56.460 32.040 29.460 71.289 -1.205
56.460 32.040 29.460 71.289 -1.205
54.600 41.220 31.260 75.216 -1.169
54.600 41.220 31.260 75.216 -1.169
52.200 48.840 34.020 79.168 -.947
52.200 48.840 34.020 79.168 -.947
50.280 53.160 37.500 82.221 -.887
50.280 53.160 37.500 82.221 -.768
49.020 55.320 41.640 84.836 -.768
49.020 55.320 41.640 84.836 -.781
48.960 55.740 45.840 87.209 -.781
48.960 55.740 45.840 87.209 -.735
48.180 54.720 49.260 87.989 -.735
48.180 54.720 49.260 87.989 -.882
47.340 53.220 51.960 88.166 -.882
47.340 53.220 51.960 88.166 -.787
45.720 52.020 53.640 87.599 -.700
45.720 52.020 53.640 87.599 -.700
43.740 49.620 54.000 85.389 -.751
43.740 49.620 54.000 85.389 -.751
42.420 46.200 53.940 82.725 -.866
42.420 46.200 53.940 82.725 -.866
41.400 42.060 53.520 79.671 -.668
41.400 42.060 53.520 79.671 -.668
40.980 37.920 52.080 76.352 -.727
40.980 37.920 52.080 76.352 -.959
40.560 34.800 50.100 73.254 -.959
40.560 34.800 50.100 73.254 -.981
40.200 32.700 47.820 70.513 -.981
40.200 32.700 47.820 70.513 -.976
39.960 31.740 45.420 68.317 -.976
39.960 31.740 45.420 68.317 -1.242
39.240 31.440 43.320 66.369 -.942
39.240 31.440 43.320 66.369 -.942
38.760 31.920 42.120 65.539 -.838
38.760 31.920 42.120 65.539 -.838
38.580 33.480 41.220 65.639 -.942
38.580 33.480 41.220 65.639 -.942
37.920 36.000 40.560 66.174 -.920
37.920 36.000 40.560 66.174 -.920
37.860 38.940 40.320 67.642 -.896
37.860 38.940 40.320 67.642 -.842
37.740 41.760 40.680 69.448 -.842
37.740 41.760 40.680 69.448 -.902
37.380 43.380 40.980 70.416 -.902
37.380 43.380 40.980 70.416 -.800
36.960 42.840 41.040 69.897 -.800
36.960 42.840 41.040 69.897 -.693
36.780 41.940 42.120 69.899 -.693
36.780 41.940 42.120 69.899 -.745
36.120 40.140 42.720 68.854 -.818
36.120 40.140 42.720 68.854 -.818
36.540 38.640 44.100 69.087 -.975
36.540 38.640 44.100 69.087 -.975
36.780 37.740 46.200 70.082 -.751
36.780 37.740 46.200 70.082 -.751
36.780 35.940 48.120 70.427 -.917
36.780 35.940 48.120 70.427 -.917
36.960 34.200 49.980 70.948 -.968
36.960 34.200 49.980 70.948 -.725
35.940 32.040 51.600 70.575 -.725
35.940 32.040 51.600 70.575 -.886
34.920 30.120 51.900 69.428 -.886
34.920 30.120 51.900 69.428 -1.091
34.380 28.680 51.600 68.316 -1.091
34.380 28.680 51.600 68.316 -1.151
33.840 27.780 51.300 67.443 -1.151
33.840 27.780 51.300 67.443 -.868
33.600 26.700 51.360 66.931 -1.108
33.600 26.700 51.360 66.931 -1.108
33.540 25.500 51.540 66.570 -1.082
33.540 25.500 51.540 66.570 -1.082
33.420 24.420 52.020 66.478 -.897
33.420 24.420 52.020 66.478 -.897
33.240 23.640 52.260 66.294 -.890
33.240 23.640 52.260 66.294 -.890
33.060 23.580 51.480 65.568 -1.133
33.060 23.580 51.480 65.568 -1.123
33.660 24.240 51.000 65.739 -1.123
33.660 24.240 51.000 65.739 -1.022
33.840 25.440 50.700 66.052 -1.022
33.840 25.440 50.700 66.052 -1.109
34.080 26.460 50.700 66.574 -1.109
34.080 26.460 50.700 66.574 -1.083
34.740 27.480 50.640 67.279 -.825
34.740 27.480 50.640 67.279 -.825
34.620 28.980 50.880 68.023 -.897
34.620 28.980 50.880 68.023 -.897
34.620 30.660 50.580 68.534 -1.156
34.620 30.660 50.580 68.534 -1.156
35.100 33.000 50.160 69.549 -1.027
35.100 33.000 50.160 69.549 -1.027
35.880 35.640 51.180 71.951 -.993
35.880 35.640 51.180 71.951 -.951
36.540 37.440 51.840 73.650 -.951
36.540 37.440 51.840 73.650 -.969
37.800 38.640 52.680 75.479 -.969
37.800 38.640 52.680 75.479 -.881
38.460 39.420 54.120 77.215 -.881
38.460 39.420 54.120 77.215 -.890
38.820 39.780 54.780 78.040 -.890
38.820 39.780 54.780 78.040 -.862
39.660 40.140 56.040 79.527 -.911
39.660 40.140 56.040 79.527 -.911
39.420 39.720 57.300 80.093 -.828
39.420 39.720 57.300 80.093 -.828
38.940 37.920 58.440 79.809 -.903
38.940 37.920 58.440 79.809 -.903
38.340 35.460 58.860 78.688 -.901
38.340 35.460 58.860 78.688 -.901
37.680 33.300 58.200 76.915 -.743
37.680 33.300 58.200 76.915 -1.128
37.380 31.680 56.760 74.984 -1.128
37.380 31.680 56.760 74.984 -.984
36.840 31.140 54.480 72.766 -.984
36.840 31.140 54.480 72.766 -.737
36.660 31.080 52.020 70.824 -.737
36.660 31.080 52.020 70.824 -.950
36.240 30.120 49.980 68.692 -.950
36.240 30.120 49.980 68.692 -1.003
35.700 29.520 47.280 66.192 -.777
35.700 29.520 47.280 66.192 -.777
35.340 28.620 44.460 63.598 -1.031
35.340 28.620 44.460 63.598 -1.031
34.440 28.200 41.820 61.076 -.981
34.440 28.200 41.820 61.076 -.981
33.720 28.440 39.000 58.880 -.790
33.720 28.440 39.000 58.880 -1.012
33.360 28.800 37.140 57.634 -.913
33.360 28.800 37.140 57.634 -1.035
32.640 29.820 35.820 56.901 -1.035
32.640 29.820 35.820 56.901 -1.087
31.500 31.560 35.160 56.785 -1.087
31.500 31.560 35.160 56.785 -.959
30.360 34.680 35.400 58.117 -.959
30.360 34.680 35.400 58.117 -.925
27.540 38.520 35.880 59.411 -.742
27.540 38.520 35.880 59.411 -.742
24.300 42.360 36.780 61.136 -.551
24.300 42.360 36.780 61.136 -.551
21.060 45.660 37.680 62.834 -.466
21.060 45.660 37.680 62.834 -.466
17.580 47.580 38.400 63.620 -.370
17.580 47.580 38.400 63.620 -.370
15.000 48.900 39.600 64.687 -.405
15.000 48.900 39.600 64.687 -.315
12.960 49.920 40.260 65.428 -.315
12.960 49.920 40.260 65.428 -.314
11.460 50.820 40.980 66.282 -.314
11.460 50.820 40.980 66.282 -.360
10.320 51.780 41.160 66.946 -.360
10.320 51.780 41.160 66.946 -.312
9.660 52.020 40.800 66.813 -.312
9.660 52.020 40.800 66.813 -.243
9.540 52.200 40.500 66.754 -.373
9.540 52.200 40.500 66.754 -.373
9.540 51.660 39.720 65.859 -.244
9.540 51.660 39.720 65.859 -.244
9.000 50.220 39.060 64.255 -.232
9.000 50.220 39.060 64.255 -.232
8.880 49.020 38.520 62.973 -.275
8.880 49.020 38.520 62.973 -.275
8.580 47.100 38.100 61.185 -.327
8.580 47.100 38.100 61.185 -.231
8.160 46.140 37.920 60.278 -.231
8.160 46.140 37.920 60.278 -.308
8.040 46.020 38.160 60.321 -.308
8.040 46.020 38.160 60.321 -.230
6.960 46.440 38.400 60.660 -.230
6.960 46.440 38.400 60.660 -.151
6.060 47.940 38.040 61.498 -.178
6.060 47.940 38.040 61.498 -.178
5.220 49.920 37.680 62.762 -.158
5.220 49.920 37.680 62.762 -.158
4.260 51.240 36.720 63.183 -.090
4.260 51.240 36.720 63.183 -.090
4.020 53.160 35.760 64.194 -.203
4.020 53.160 35.760 64.194 -.203
3.780 55.260 35.340 65.703 -.028
3.780 55.260 35.340 65.703 -.097
3.780 56.160 34.080 65.800 -.097
3.780 56.160 34.080 65.800 -.066
3.780 57.000 32.640 65.793 -.066
3.780 57.000 32.640 65.793 -.081
4.140 56.880 30.660 64.750 -.081
4.140 56.880 30.660 64.750 -.112
4.800 55.980 27.480 62.546 -.112
4.800 55.980 27.480 62.546 -.162
5.280 55.620 24.420 60.974 -.128
5.280 55.620 24.420 60.974 -.128
5.700 55.560 21.120 59.711 -.145
5.700 55.560 21.120 59.711 -.145
5.220 55.380 17.160 58.212 -.118
5.220 55.380 17.160 58.212 -.118
4.860 56.580 14.100 58.513 -.112
4.860 56.580 14.100 58.513 -.112
5.100 58.200 12.480 59.741 -.108
5.100 58.200 12.480 59.741 -.113
6.180 60.480 11.280 61.833 -.113
6.180 60.480 11.280 61.833 -.151
7.800 63.780 12.660 65.490 -.151
7.800 63.780 12.660 65.490 -.150
9.180 65.340 14.640 67.586 -.150
9.180 65.340 14.640 67.586 -.151
9.780 66.480 16.740 69.249 -.151
9.780 66.480 16.740 69.249 -.190
10.200 66.540 20.220 70.288 -.202
10.200 66.540 20.220 70.288 -.202
11.520 65.280 23.040 70.179 -.231
11.520 65.280 23.040 70.179 -.231
13.020 64.200 26.040 70.493 -.268
13.020 64.200 26.040 70.493 -.268
15.300 61.980 28.920 70.085 -.238
15.300 61.980 28.920 70.085 -.238
17.520 60.180 31.380 70.095 -.346
19.200 58.800 34.200 70.680 -.369
19.200 58.800 34.200 70.680 -.369
21.720 57.300 37.080 71.624 -.453
21.720 57.300 37.080 71.624 -.453
23.760 56.640 40.200 73.408 -.489
23.760 56.640 40.200 73.408 -.489
26.160 56.280 43.320 75.686 -.492
26.160 56.280 43.320 75.686 -.426
28.560 55.860 45.360 77.418 -.426
28.560 55.860 45.360 77.418 -.582
29.220 55.860 47.100 78.693 -.582
29.220 55.860 47.100 78.693 -.597
30.060 56.400 48.180 80.037 -.597
30.060 56.400 48.180 80.037 -.786
30.420 56.280 48.960 80.560 -.786
30.420 56.280 48.960 80.560 -.575
29.760 56.160 49.020 80.266 -.714
29.760 56.160 49.020 80.266 -.714
28.860 56.340 49.080 80.100 -.531
28.860 56.340 49.080 80.100 -.531
27.120 56.580 49.200 79.733 -.674
27.120 56.580 49.200 79.733 -.674
24.840 57.300 49.440 79.653 -.486
24.840 57.300 49.440 79.653 -.486
22.620 58.680 50.880 80.894 -.472
22.620 58.680 50.880 80.894 -.432
20.760 60.180 52.560 82.554 -.432
20.760 60.180 52.560 82.554 -.514
18.960 61.440 54.360 84.198 -.514
18.960 61.440 54.360 84.198 -.280
16.980 62.760 55.740 85.639 -.280
16.980 62.760 55.740 85.639 -.313
14.820 63.720 57.120 86.848 -.313
14.820 63.720 57.120 86.848 -.271
12.900 64.140 58.260 87.605 -.222
12.900 64.140 58.260 87.605 -.222
11.640 64.080 58.800 87.745 -.335
11.640 64.080 58.800 87.745 -.335
10.440 63.240 59.160 87.225 -.307
10.440 63.240 59.160 87.225 -.307
9.540 61.740 57.660 85.015 -.169
9.540 61.740 57.660 85.015 -.169
7.860 59.880 55.140 81.779 -.230
7.860 59.880 55.140 81.779 -.264
5.520 58.140 52.680 78.651 -.264
5.520 58.140 52.680 78.651 -.205
3.660 56.580 50.520 75.941 -.205
3.660 56.580 50.520 75.941 -.177
1.860 55.560 49.860 74.675 -.177
1.860 55.560 49.860 74.675 -.127
.900 55.020 49.980 74.337 -.127
.900 55.020 49.980 74.337 -.123
-.480 54.360 50.580 74.253 -.080
-.480 54.360 50.580 74.253 -.080
-1.920 54.660 51.420 75.069 -.110
-1.920 54.660 51.420 75.069 -.110
-3.360 55.080 52.500 76.167 -.165
-3.360 55.080 52.500 76.167 -.165
-4.680 56.280 53.580 77.847 -.093
-4.680 56.280 53.580 77.847 -.016
-5.220 58.200 54.300 79.768 -.016
-5.220 58.200 54.300 79.768 -.105
-6.180 60.120 55.260 81.892 -.105
-6.180 60.120 55.260 81.892 .010
-7.200 62.820 56.040 84.491 .010
-7.200 62.820 56.040 84.491 .101
-7.800 65.040 55.740 86.012 .101
-7.800 65.040 55.740 86.012 .092
-9.240 66.600 55.560 87.223 -.055
-9.240 66.600 55.560 87.223 -.055
-10.260 67.860 54.720 87.775 .099
-10.260 67.860 54.720 87.775 .099
-10.380 68.700 54.120 88.070 .060
-10.380 68.700 54.120 88.070 .060
-11.460 69.240 53.700 88.370 -.133
-11.460 69.240 53.700 88.370 -.133
-12.120 69.420 52.680 87.984 .192
-12.120 69.420 52.680 87.984 .187
-12.360 69.120 51.360 86.995 .187
-12.360 69.120 51.360 86.995 -.018
-12.720 67.860 48.660 84.466 -.018
-12.720 67.860 48.660 84.466 .155
-11.880 66.240 46.140 81.595 .155
-11.880 66.240 46.140 81.595 .145
-10.260 64.860 43.500 78.768 .145
-10.260 64.860 43.500 78.768 .163
-8.520 63.360 39.720 75.265 .060
-8.520 63.360 39.720 75.265 .060
-6.660 62.280 36.060 72.274 .093
-6.660 62.280 36.060 72.274 .093
-4.080 61.740 31.560 69.459 .021
-4.080 61.740 31.560 69.459 .021
-.900 61.740 26.640 67.248 .036
-.900 61.740 26.640 67.248 .036
2.280 63.780 23.400 67.975 .046
2.280 63.780 23.400 67.975 -.024
5.220 67.020 20.880 70.391 -.024
5.220 67.020 20.880 70.391 -.121
6.600 70.200 19.800 73.237 -.121
6.600 70.200 19.800 73.237 -.139
6.960 73.680 20.580 76.816 -.139
6.960 73.680 20.580 76.816 -.133
7.380 75.780 21.540 79.127 -.119
7.380 75.780 21.540 79.127 -.119
6.840 76.440 23.100 80.147 -.158
6.840 76.440 23.100 80.147 -.158
5.940 76.320 24.840 80.480 -.084
5.940 76.320 24.840 80.480 -.084
5.040 74.940 26.580 79.674 -.107
5.040 74.940 26.580 79.674 -.107
2.700 72.540 27.660 77.682 -.151
2.700 72.540 27.660 77.682 -.055
1.140 70.080 28.800 75.776 -.055
1.140 70.080 28.800 75.776 -.030
-.840 67.740 30.540 74.311 -.030
-.840 67.740 30.540 74.311 .011
-2.760 65.460 31.980 72.906 .011
-2.760 65.460 31.980 72.906 .060
-3.960 63.300 33.720 71.830 .088
-3.960 63.300 33.720 71.830 .088
-5.280 61.440 35.940 71.375 .045
-5.280 61.440 35.940 71.375 .045
-5.400 59.880 37.740 70.986 -.020
-5.400 59.880 37.740 70.986 -.020
-5.400 59.040 39.660 71.329 .099
-5.400 59.040 39.660 71.329 .099
-4.800 59.160 42.360 72.920 .132
-4.800 59.160 42.360 72.920 .048
-4.380 59.040 44.220 73.894 .048
-4.380 59.040 44.220 73.894 .088
-4.500 59.220 45.960 75.097 .088
-4.500 59.220 45.960 75.097 .040
-4.380 59.100 47.520 75.961 .040
-4.380 59.100 47.520 75.961 -.107
-4.920 58.620 48.420 76.191 -.107
-4.920 58.620 48.420 76.191 .066
-4.980 59.100 49.260 77.098 .077
-4.980 59.100 49.260 77.098 .077
-5.520 59.460 50.220 78.026 .104
-5.520 59.460 50.220 78.026 .104
-6.540 60.000 50.460 78.670 .054
-6.540 60.000 50.460 78.670 .054
-7.740 60.480 50.040 78.878 .046
-7.740 60.480 50.040 78.878 .046
-9.000 60.000 48.480 77.662 -.038
-9.000 60.000 48.480 77.662 .149
-9.420 59.880 46.980 76.691 .149
-9.420 59.880 46.980 76.691 .187
-10.200 59.280 45.720 75.554 .187
-10.200 59.280 45.720 75.554 .161
-10.320 58.380 44.640 74.212 .161
-10.320 58.380 44.640 74.212 .129
-11.220 57.660 45.300 74.180 .129
-11.220 57.660 45.300 74.180 .059
-12.360 56.580 46.020 73.972 .093
-12.360 56.580 46.020 73.972 .093
-12.840 55.680 48.000 74.627 .286
-12.840 55.680 48.000 74.627 .286
-13.740 55.620 50.700 76.504 .222
-13.740 55.620 50.700 76.504 .222
-13.980 55.860 52.920 78.207 .280
-13.980 55.860 52.920 78.207 .280
-14.400 56.520 55.020 80.181 .256
-14.400 56.520 55.020 80.181 .143
-14.880 57.120 56.340 81.598 .143
-14.880 57.120 56.340 81.598 .126
-15.180 57.660 56.340 82.032 .126
-15.180 57.660 56.340 82.032 .281
-14.940 58.620 55.440 82.055 .281
-14.940 58.620 55.440 82.055 .351
-14.220 59.280 53.880 81.360 .351
-14.220 59.280 53.880 81.360 .234
-13.140 59.760 52.200 80.429 .163
-13.140 59.760 52.200 80.429 .163
-11.820 59.940 50.340 79.162 .096
-11.820 59.940 50.340 79.162 .096
-10.680 59.520 48.660 77.618 .126
-10.680 59.520 48.660 77.618 .126
-8.940 58.740 47.820 76.270 .155
-8.940 58.740 47.820 76.270 .155
-7.140 58.800 47.700 76.051 .224
-7.140 58.800 47.700 76.051 .131
-5.640 58.860 48.420 76.425 .131
-5.640 58.860 48.420 76.425 .055
-4.620 59.400 50.040 77.806 .055
-4.620 59.400 50.040 77.806 -.108
-3.420 60.720 51.120 79.447 -.108
-3.420 60.720 51.120 79.447 -.046
-2.040 61.920 51.540 80.589 .053
-2.040 61.920 51.540 80.589 .053
-.600 63.840 51.900 82.277 -.164
-.600 63.840 51.900 82.277 -.164
1.500 65.700 51.420 83.443 -.055
1.500 65.700 51.420 83.443 -.055
2.100 67.080 50.100 83.751 -.082
2.100 67.080 50.100 83.751 -.082
2.400 68.280 47.700 83.326 -.110
2.400 68.280 47.700 83.326 -.110
2.400 68.460 44.700 81.796 -.158
2.400 68.460 44.700 81.796 -.089
2.340 67.560 40.980 79.052 -.089
2.340 67.560 40.980 79.052 -.025
2.460 66.360 37.560 76.292 -.025
2.460 66.360 37.560 76.292 -.064
1.920 64.200 34.620 72.965 -.064
1.920 64.200 34.620 72.965 -.027
1.260 61.500 32.160 69.413 -.027
1.260 61.500 32.160 69.413 -.065
-.060 59.280 30.720 66.767 -.102
-.060 59.280 30.720 66.767 -.102
-.660 57.180 29.460 64.326 -.017
-.660 57.180 29.460 64.326 -.017
-.840 56.160 28.800 63.120 .034
-.840 56.160 28.800 63.120 .034
-.840 55.320 28.320 62.153 -.031
-.840 55.320 28.320 62.153 -.020
-.840 54.780 27.840 61.454 -.020
-.840 54.780 27.840 61.454 .018
-.540 55.020 27.840 61.665 .018
-.540 55.020 27.840 61.665 -.133
-.360 54.240 26.400 60.325 -.133
-.360 54.240 26.400 60.325 .040
.120 54.120 25.200 59.699 .040
.120 54.120 25.200 59.699 -.105
.900 54.120 23.520 59.017 -.077
.900 54.120 23.520 59.017 -.077
.600 52.680 20.520 56.539 -.017
.600 52.680 20.520 56.539 -.017
.780 50.700 19.140 54.198 -.043
.780 50.700 19.140 54.198 -.043
1.080 48.000 17.820 51.212 -.083
1.080 48.000 17.820 51.212 -.083
1.620 44.820 17.760 48.238 -.036
1.620 44.820 17.760 48.238 -.079
2.160 42.480 19.320 46.717 -.079
2.160 42.480 19.320 46.717 -.140
2.400 41.640 21.660 46.998 -.140
2.400 41.640 21.660 46.998 -.084
2.760 42.360 24.360 48.943 -.084
2.760 42.360 24.360 48.943 -.157
2.880 44.760 27.060 52.383 -.157
2.880 44.760 27.060 52.383 -.212
3.180 47.940 29.520 56.390 -.094
3.180 47.940 29.520 56.390 -.094
3.960 52.260 30.900 60.841 -.162
3.960 52.260 30.900 60.841 -.162
4.560 56.160 31.260 64.435 -.124
4.560 56.160 31.260 64.435 -.124
5.100 59.460 31.140 67.314 -.135
5.100 59.460 31.140 67.314 -.135
6.000 62.040 29.640 69.018 -.123
6.540 62.820 27.180 68.760 -.196
6.540 62.820 27.180 68.760 -.196
6.540 62.820 27.180 68.760 -.146
7.200 63.180 25.260 68.422 -.146
8.100 62.340 22.800 66.871 -.179
8.100 62.340 22.800 66.871 -.127
8.280 60.420 20.820 64.441 -.127
8.280 60.420 20.820 64.441 -.150
8.160 58.020 20.460 62.061 -.150
8.160 58.020 20.460 62.061 -.160
7.380 55.320 20.580 59.484 -.160
7.380 55.320 20.580 59.484 -.197
6.300 52.260 21.060 56.695 -.197
6.300 52.260 21.060 56.695 -.144
4.740 50.940 23.760 56.408 -.144
4.740 50.940 23.760 56.408 -.164
3.540 50.520 26.400 57.112 -.142
3.540 50.520 26.400 57.112 -.142
2.160 51.060 29.520 59.019 -.135
2.160 51.060 29.520 59.019 -.135
.060 53.040 32.880 62.405 -.094
.060 53.040 32.880 62.405 -.094
-1.320 54.780 34.560 64.784 -.088
-1.320 54.780 34.560 64.784 -.088
-2.400 56.820 35.520 67.052 .012
-2.400 56.820 35.520 67.052 -.052
-3.720 59.160 35.880 69.290 -.052
-3.720 59.160 35.880 69.290 .061
-5.100 61.020 35.880 70.971 .061
-5.100 61.020 35.880 70.971 .097
-6.720 62.460 36.240 72.524 .097
-6.720 62.460 36.240 72.524 .070
-8.160 63.540 37.380 74.170 .105
-8.160 63.540 37.380 74.170 .083
-9.000 64.560 39.360 76.146 .120
-9.000 64.560 39.360 76.146 .120
-8.280 65.340 42.060 78.147 .031
-8.280 65.340 42.060 78.147 .031
-6.720 66.480 44.820 80.459 .137
-6.720 66.480 44.820 80.459 .137
-5.400 67.980 48.120 83.462 .058
-5.400 67.980 48.120 83.462 .058
-3.660 69.300 50.700 85.944 .028
-3.660 69.300 50.700 85.944 -.080
-1.800 70.620 52.740 88.159 -.080
-1.800 70.620 52.740 88.159 .047
.840 72.120 54.420 90.352 .047
.840 72.120 54.420 90.352 -.094
3.900 73.680 54.300 91.610 .031
3.900 73.680 54.300 91.610 .031
6.840 74.040 52.320 90.918 -.121
6.840 74.040 52.320 90.918 -.121
8.940 74.400 48.900 89.479 -.117
8.940 74.400 48.900 89.479 -.117
10.560 73.800 43.860 86.497 -.090
10.560 73.800 43.860 86.497 -.090
11.880 72.120 38.340 82.537 -.166
11.880 72.120 38.340 82.537 -.166
13.620 70.140 33.000 78.703 -.234
13.620 70.140 33.000 78.703 -.159
15.600 67.560 28.620 75.012 -.159
15.600 67.560 28.620 75.012 -.244
17.520 64.500 25.200 71.430 -.244
17.520 64.500 25.200 71.430 -.245
18.780 61.200 22.260 67.776 -.245
18.780 61.200 22.260 67.776 -.298
20.460 58.320 20.820 65.217 -.372
20.460 58.320 20.820 65.217 -.372
21.720 55.980 19.740 63.207 -.383
21.720 55.980 19.740 63.207 -.383
22.800 54.240 18.720 61.743 -.357
22.800 54.240 18.720 61.743 -.357
24.540 54.060 18.600 62.215 -.438
24.540 54.060 18.600 62.215 -.438
24.540 55.140 18.300 63.068 -.388
24.540 55.140 18.300 63.068 -.405
24.900 57.060 17.940 64.790 -.405
24.900 57.060 17.940 64.790 -.420
24.840 59.460 18.120 66.939 -.420
24.840 59.460 18.120 66.939 -.412
24.300 60.960 18.420 68.161 -.412
24.300 60.960 18.420 68.161 -.375
25.140 60.900 19.080 68.592 -.375
25.140 60.900 19.080 68.592 -.407
25.920 60.120 20.640 68.646 -.416
25.920 60.120 20.640 68.646 -.416
26.580 59.100 22.860 68.716 -.436
26.580 59.100 22.860 68.716 -.436
27.960 58.440 25.800 69.733 -.502
27.960 58.440 25.800 69.733 -.502
28.020 59.160 29.160 71.661 -.485
28.020 59.160 29.160 71.661 -.485
27.780 60.780 32.700 74.399 -.485
27.780 60.780 32.700 74.399 -.425
27.240 63.060 35.220 77.195 -.425
27.240 63.060 35.220 77.195 -.441
25.140 65.820 36.300 79.259 -.441
25.140 65.820 36.300 79.259 -.495
23.520 68.580 36.840 81.324 -.495
23.520 68.580 36.840 81.324 -.416
22.020 70.920 36.000 82.526 -.416
22.020 70.920 36.000 82.526 -.389
20.040 72.600 34.260 82.741 -.307
20.040 72.600 34.260 82.741 -.307
18.660 73.980 32.460 82.915 -.261
18.660 73.980 32.460 82.915 -.261
16.200 73.860 29.100 81.022 -.211
16.200 73.860 29.100 81.022 -.211
13.140 72.540 25.560 78.026 -.256
13.140 72.540 25.560 78.026 -.256
10.680 69.840 22.200 74.058 -.232
10.680 69.840 22.200 74.058 -.185
8.760 66.120 19.740 69.558 -.185
8.760 66.120 19.740 69.558 -.161
7.320 61.860 18.360 64.941 -.161
7.320 61.860 18.360 64.941 -.168
6.060 57.540 18.180 60.647 -.168
6.060 57.540 18.180 60.647 -.115
5.580 54.420 19.980 58.240 -.115
5.580 54.420 19.980 58.240 -.105
4.680 51.240 21.660 55.826 -.177
4.680 51.240 21.660 55.826 -.177
4.500 49.260 24.300 55.112 -.088
4.500 49.260 24.300 55.112 -.088
4.740 48.600 27.480 56.032 -.192
4.740 48.600 27.480 56.032 -.192
4.800 48.660 30.120 57.429 -.154
4.800 48.660 30.120 57.429 -.154
5.280 49.920 32.760 59.942 -.147
5.280 49.920 32.760 59.942 -.122
5.940 52.020 34.140 62.505 -.122
5.940 52.020 34.140 62.505 -.141
6.480 53.880 34.560 64.338 -.141
6.480 53.880 34.560 64.338 -.102
7.020 55.080 33.180 64.684 -.102
7.020 55.080 33.180 64.684 -.229
7.860 55.920 31.560 64.690 -.229
7.860 55.920 31.560 64.690 -.064
8.700 55.680 30.240 63.956 -.169
8.700 55.680 30.240 63.956 -.169
9.960 54.840 29.040 62.849 -.174
9.960 54.840 29.040 62.849 -.174
11.220 54.060 29.580 62.637 -.180
11.220 54.060 29.580 62.637 -.180
12.660 52.740 30.300 62.128 -.220
12.660 52.740 30.300 62.128 -.220
13.800 51.540 31.260 61.838 -.290
13.800 51.540 31.260 61.838 -.195
14.820 50.100 32.400 61.477 -.195
14.820 50.100 32.400 61.477 -.316
15.660 48.360 33.240 60.736 -.316
15.660 48.360 33.240 60.736 -.349
16.140 46.860 33.900 60.046 -.349
16.140 46.860 33.900 60.046 -.354
16.560 45.360 34.500 59.347 -.354
16.560 45.360 34.500 59.347 -.334
16.440 44.220 35.820 59.235 -.440
16.440 44.220 35.820 59.235 -.440
16.680 43.920 37.500 60.112 -.267
16.680 43.920 37.500 60.112 -.267
16.560 43.920 40.080 61.722 -.400
16.560 43.920 40.080 61.722 -.400
15.660 44.820 42.480 63.707 -.353
15.660 44.820 42.480 63.707 -.353
15.420 46.560 44.700 66.360 -.248
15.420 46.560 44.700 66.360 -.316
14.400 48.300 46.680 68.697 -.316
14.400 48.300 46.680 68.697 -.387
13.620 51.060 48.420 71.674 -.387
13.620 51.060 48.420 71.674 -.184
13.140 54.000 50.580 75.146 -.184
13.140 54.000 50.580 75.146 -.298
11.760 56.940 51.720 77.817 -.206
11.760 56.940 51.720 77.817 -.206
10.140 60.480 52.320 80.610 -.243
10.140 60.480 52.320 80.610 -.243
8.640 63.420 51.840 82.366 -.196
8.640 63.420 51.840 82.366 -.196
7.980 65.760 49.740 82.838 -.205
7.980 65.760 49.740 82.838 -.205
7.200 67.380 47.280 82.627 -.160
7.200 67.380 47.280 82.627 -.137
5.820 67.380 44.040 80.706 -.137
5.820 67.380 44.040 80.706 -.094
3.660 66.780 40.260 78.063 -.094
3.660 66.780 40.260 78.063 -.139
.780 65.520 37.200 75.348 -.139
.780 65.520 37.200 75.348 -.098
-1.740 64.140 34.740 72.965 -.098
-1.740 64.140 34.740 72.965 .024
-3.180 62.340 32.580 70.412 .045
-3.180 62.340 32.580 70.412 .045
-4.440 60.660 31.740 68.606 .084
-4.440 60.660 31.740 68.606 .084
-4.860 58.800 31.740 66.996 .063
-4.860 58.800 31.740 66.996 .063
-5.580 57.060 32.100 65.707 .071
-5.580 57.060 32.100 65.707 .071
-5.820 56.340 33.420 65.764 .064
-5.820 56.340 33.420 65.764 .089
-5.220 55.920 35.160 66.261 .089
-5.220 55.920 35.160 66.261 .101
-4.920 56.100 36.600 67.164 .101
-4.920 56.100 36.600 67.164 .075
-3.420 56.280 37.500 67.715 .075
-3.420 56.280 37.500 67.715 .063
-2.460 56.280 37.560 67.707 .063
-2.460 56.280 37.560 67.707 .041
-1.140 56.460 36.900 67.458 -.103
-1.140 56.460 36.900 67.458 -.103
.900 56.640 35.100 66.640 -.026
.900 56.640 35.100 66.640 -.026
2.760 56.700 33.060 65.692 -.152
2.760 56.700 33.060 65.692 -.152
5.220 56.520 31.020 64.684 -.102
5.220 56.520 31.020 64.684 -.088
7.020 55.800 28.320 62.968 -.115
7.020 55.800 28.320 62.968 -.143
8.160 55.380 26.220 61.814 -.143
8.160 55.380 26.220 61.814 -.259
8.880 55.320 24.720 61.239 -.259
8.880 55.320 24.720 61.239 -.158
9.600 55.800 24.180 61.567 -.158
9.600 55.800 24.180 61.567 -.206
9.960 56.760 24.540 62.635 -.232
9.960 56.760 24.540 62.635 -.232
10.140 57.480 26.220 63.986 -.204
10.140 57.480 26.220 63.986 -.204
10.020 58.320 28.380 65.628 -.171
10.020 58.320 28.380 65.628 -.171
9.420 59.280 30.120 67.157 -.231
9.420 59.280 30.120 67.157 -.231
9.000 59.880 31.920 68.451 -.168
9.000 59.880 31.920 68.451 -.248
9.000 60.660 31.920 69.134 -.248
9.000 60.660 31.920 69.134 -.095
9.000 60.900 31.560 69.180 -.095
9.000 60.900 31.560 69.180 -.163
9.180 60.600 30.240 68.345 -.163
9.180 60.600 30.240 68.345 -.128
8.820 60.540 28.440 67.466 -.128
8.820 60.540 28.440 67.466 -.157
8.640 59.880 26.640 66.106 -.189
8.640 59.880 26.640 66.106 -.189
8.700 59.400 24.420 64.810 -.201
8.700 59.400 24.420 64.810 -.201
8.400 59.160 22.860 63.977 -.151
8.400 59.160 22.860 63.977 -.151
8.640 58.380 20.880 62.601 -.159
8.640 58.380 20.880 62.601 -.159
7.500 57.780 19.320 61.384 -.128
7.500 57.780 19.320 61.384 -.143
5.820 57.420 18.180 60.510 -.143
5.820 57.420 18.180 60.510 -.125
3.720 56.940 17.280 59.620 -.125
3.720 56.940 17.280 59.620 -.079
1.740 56.460 16.500 58.847 -.038
1.740 56.460 16.500 58.847 -.038
-.120 56.340 16.260 58.640 .011
-.120 56.340 16.260 58.640 .011
-1.440 55.080 14.520 56.980 .026
-1.440 55.080 14.520 56.980 .026
-3.000 53.340 12.840 54.946 .055
-3.000 53.340 12.840 54.946 .028
-4.740 51.720 11.520 53.199 .028
-4.740 51.720 11.520 53.199 .103
-6.360 49.740 11.040 51.346 .103
-8.520 49.500 12.300 51.712 .109
-8.520 49.500 12.300 51.712 .109
-10.140 49.380 14.280 52.394 .221
-10.140 49.380 14.280 52.394 .211
-12.300 50.460 17.580 54.832 .211
-12.300 50.460 17.580 54.832 .234
-14.400 52.260 20.940 58.112 .234
-14.400 52.260 20.940 58.112 .238
-16.080 53.640 24.600 61.164 .238
-16.080 53.640 24.600 61.164 .322
-17.700 56.640 28.440 65.804 .322
-17.700 56.640 28.440 65.804 .288
-18.600 59.460 32.400 70.223 .312
-18.600 59.460 32.400 70.223 .312
-18.660 61.740 35.280 73.517 .351
-18.660 61.740 35.280 73.517 .351
-19.200 63.540 38.040 76.505 .348
-19.200 63.540 38.040 76.505 .348
-19.500 63.840 39.900 77.768 .251
-19.500 63.840 39.900 77.768 .251
-20.100 63.660 42.480 79.127 .315
-20.100 63.660 42.480 79.127 .311
-20.460 63.420 46.200 81.087 .311
-20.460 63.420 46.200 81.087 .310
-20.400 63.120 49.920 83.020 .310
-20.400 63.120 49.920 83.020 .263
-19.800 63.120 53.700 85.205 .263
-19.800 63.120 53.700 85.205 .345
-18.840 63.240 56.100 86.611 .345
-18.840 63.240 56.100 86.611 .283
-17.700 63.540 57.660 87.609 .158
-17.700 63.540 57.660 87.609 .158
-14.640 64.860 59.100 88.960 .434
-14.640 64.860 59.100 88.960 .434
-11.460 66.540 60.420 90.606 .315
-11.460 66.540 60.420 90.606 .315
-7.260 67.980 60.660 91.398 .195
-7.260 67.980 60.660 91.398 .195
-2.760 68.760 59.820 91.181 .142
-2.760 68.760 59.820 91.181 .058
.060 68.220 57.600 89.285 .058
.060 68.220 57.600 89.285 -.131
3.180 66.780 54.060 85.978 -.131
3.180 66.780 54.060 85.978 .032
5.700 64.440 49.800 81.640 .032
5.700 64.440 49.800 81.640 -.121
7.080 61.800 44.460 76.460 -.088
7.080 61.800 44.460 76.460 -.088
8.640 58.980 38.880 71.168 -.205
8.640 58.980 38.880 71.168 -.205
8.700 55.980 33.960 66.051 -.128
8.700 55.980 33.960 66.051 -.128
8.340 53.760 29.220 61.754 -.269
8.340 53.760 29.220 61.754 -.269
8.340 51.900 26.400 58.823 -.129
8.340 51.900 26.400 58.823 -.211
7.500 50.520 24.060 56.457 -.211
7.500 50.520 24.060 56.457 -.089
6.600 48.960 22.440 54.260 -.089
6.600 48.960 22.440 54.260 -.153
5.520 47.700 21.360 52.555 -.153
5.520 47.700 21.360 52.555 -.115
4.500 47.040 20.580 51.542 -.115
4.500 47.040 20.580 51.542 -.088
4.080 46.860 20.040 51.128 -.038
4.080 46.860 20.040 51.128 -.038
3.780 47.400 19.440 51.371 -.116
3.780 47.400 19.440 51.371 -.116
3.360 48.720 19.260 52.496 -.048
3.360 48.720 19.260 52.496 -.048
2.520 49.920 19.140 53.523 -.070
2.520 49.920 19.140 53.523 -.070
1.440 50.760 19.200 54.289 -.011
1.440 50.760 19.200 54.289 -.040
1.200 52.200 19.020 55.570 -.040
1.200 52.200 19.020 55.570 -.039
1.080 53.040 19.140 56.398 -.039
1.080 53.040 19.140 56.398 -.014
1.080 53.040 19.140 56.398 -.014
