X Y Z F A
.540 -.600 42.180 42.188 -2.884
.540 -.420 42.000 42.006 -2.976
.540 -.420 42.000 42.006 -2.998
.540 -.420 42.000 42.006 -2.998
.780 -.420 41.640 41.649 -2.805
.780 -.420 41.640 41.649 -2.805
.960 -.360 41.340 41.353 -3.120
.960 -.360 41.340 41.353 -3.120
1.500 .060 41.100 41.127 3.071
1.500 .060 41.100 41.127 -2.847
1.320 -.120 41.400 41.421 -2.847
1.320 -.120 41.400 41.421 -3.001
1.140 .060 41.400 41.416 -3.001
1.140 .060 41.400 41.416 -2.770
1.140 .240 41.160 41.176 -2.770
1.140 .240 41.160 41.176 2.934
1.020 .180 40.440 40.453 2.623
1.020 .180 40.440 40.453 2.623
1.320 .180 38.640 38.663 3.130
1.320 .180 38.640 38.663 3.130
1.800 -.420 37.500 37.546 3.045
1.800 -.420 37.500 37.546 3.045
2.580 -1.500 35.460 35.585 -1.200
2.580 -1.500 35.460 35.585 -1.200
3.900 -3.060 33.540 33.904 -2.911
3.900 -3.060 33.540 33.904 -2.911
4.800 -4.500 31.800 32.474 -2.540
4.800 -4.500 31.800 32.474 -2.323
5.580 -5.520 29.160 30.198 -2.323
5.580 -5.520 29.160 30.198 -2.540
6.060 -5.700 26.280 27.565 -2.540
6.060 -5.700 26.280 27.565 -2.750
5.760 -5.100 22.800 24.063 -2.750
5.760 -5.100 22.800 24.063 -2.362
6.000 -3.720 19.560 20.795 -2.362
6.240 -1.560 16.320 17.542 -2.082
6.240 -1.560 16.320 17.542 -2.068
6.240 -1.560 16.320 17.542 -2.068
6.120 .600 13.620 14.944 -1.585
6.120 .600 13.620 14.944 -1.585
5.820 3.660 11.880 13.726 -.651
5.820 3.660 11.880 13.726 -.651
4.680 6.480 10.740 13.388 -.619
4.680 6.480 10.740 13.388 -.619
3.060 8.100 10.440 13.563 -.343
3.060 8.100 10.440 13.563 -.296
1.080 8.820 11.340 14.407 -.296
1.080 8.820 11.340 14.407 -.041
-1.440 7.740 12.180 14.503 -.041
-3.960 5.640 13.920 15.532 .250
-3.960 5.640 13.920 15.532 .250
-6.960 3.360 15.780 17.571 .654
-6.960 3.360 15.780 17.571 1.275
-9.540 1.440 16.860 19.425 1.275
-9.540 1.440 16.860 19.425 1.532
-11.340 -.180 18.660 21.836 1.532
-11.340 -.180 18.660 21.836 1.400
-13.080 -1.320 20.280 24.168 1.400
-13.080 -1.320 20.280 24.168 1.736
-14.520 -2.340 22.620 26.981 1.736
-14.520 -2.340 22.620 26.981 1.976
-16.200 -2.820 25.800 30.595 1.758
-16.200 -2.820 25.800 30.595 1.758
-17.760 -3.300 28.680 33.895 1.733
-17.760 -3.300 28.680 33.895 1.733
-19.200 -4.020 30.660 36.398 1.902
-19.200 -4.020 30.660 36.398 1.902
-19.980 -4.500 31.260 37.372 1.801
-19.980 -4.500 31.260 37.372 1.801
-19.560 -6.000 30.360 36.610 1.921
-19.560 -6.000 30.360 36.610 2.032
-18.600 -6.900 28.620 34.823 2.032
-18.600 -6.900 28.620 34.823 1.992
-16.860 -7.320 26.100 31.923 1.992
-16.860 -7.320 26.100 31.923 1.881
-14.460 -7.380 23.400 28.480 1.881
-14.460 -7.380 23.400 28.480 2.040
-12.120 -6.540 21.600 25.617 2.212
-12.120 -6.540 21.600 25.617 2.212
-9.240 -5.400 20.220 22.878 2.267
-9.240 -5.400 20.220 22.878 2.267
-6.480 -4.560 19.740 21.271 2.189
-6.480 -4.560 19.740 21.271 2.189
-4.860 -3.540 19.920 20.808 2.062
-4.860 -3.540 19.920 20.808 2.062
-2.820 -2.520 19.740 20.099 1.748
-2.820 -2.520 19.740 20.099 2.146
-1.380 -1.380 19.740 19.836 2.146
-1.380 -1.380 19.740 19.836 2.469
.000 -.360 19.140 19.143 2.469
.000 -.360 19.140 19.143 -.596
2.160 .960 18.180 18.333 -.596
2.160 .960 18.180 18.333 -1.715
3.180 2.460 17.340 17.800 -1.355
3.180 2.460 17.340 17.800 -1.355
4.680 3.540 16.620 17.626 -.266
4.680 3.540 16.620 17.626 -.266
6.120 5.280 17.040 18.860 -.941
6.120 5.280 17.040 18.860 -.941
7.320 5.820 17.400 19.754 -.837
7.320 5.820 17.400 19.754 -.837
9.360 6.240 17.580 20.871 -.625
9.360 6.240 17.580 20.871 -.625
10.680 6.120 17.340 21.265 -1.000
10.680 6.120 17.340 21.265 -1.231
12.960 5.820 15.360 20.923 -1.231
12.960 5.820 15.360 20.923 -.899
15.420 6.000 13.260 21.204 -.899
15.420 6.000 13.260 21.204 -1.352
17.820 5.820 10.920 21.695 -1.352
17.820 5.820 10.920 21.695 -1.293
20.820 6.120 7.740 23.040 -1.293
20.820 6.120 7.740 23.040 -1.225
23.820 5.820 4.380 24.909 -1.341
23.820 5.820 4.380 24.909 -1.341
26.040 4.620 .540 26.452 -1.391
26.040 4.620 .540 26.452 -1.391
28.440 4.260 -3.540 28.974 -1.395
28.440 4.260 -3.540 28.974 -1.395
30.540 2.580 -7.320 31.511 -1.424
30.540 2.580 -7.320 31.511 -1.467
31.680 .480 -10.140 33.267 -1.467
31.680 .480 -10.140 33.267 -1.530
33.300 -1.380 -12.480 35.589 -1.530
33.300 -1.380 -12.480 35.589 -1.562
34.020 -5.520 -13.620 37.059 -1.562
34.020 -5.520 -13.620 37.059 -1.682
33.600 -9.180 -13.800 37.466 -1.682
33.600 -9.180 -13.800 37.466 -1.814
32.280 -13.260 -13.140 37.289 -1.955
32.280 -13.260 -13.140 37.289 -1.955
29.880 -17.100 -10.560 36.010 -2.073
29.880 -17.100 -10.560 36.010 -2.073
27.540 -19.140 -7.260 34.315 -2.158
27.540 -19.140 -7.260 34.315 -2.158
25.440 -20.880 -3.540 33.101 -2.187
25.440 -20.880 -3.540 33.101 -2.187
23.700 -21.360 .180 31.906 -2.252
23.700 -21.360 .180 31.906 -2.305
21.900 -21.060 2.400 30.478 -2.305
21.900 -21.060 2.400 30.478 -2.344
20.100 -20.460 4.500 29.032 -2.344
20.100 -20.460 4.500 29.032 -2.377
18.240 -19.320 6.660 27.392 -2.377
18.240 -19.320 6.660 27.392 -2.405
16.860 -18.000 8.340 26.035 -2.405
16.860 -18.000 8.340 26.035 -2.387
15.660 -16.740 10.560 25.238 -2.461
15.660 -16.740 10.560 25.238 -2.461
14.040 -15.660 12.480 24.456 -2.430
14.040 -15.660 12.480 24.456 -2.430
13.380 -14.280 13.920 24.015 -2.454
13.380 -14.280 13.920 24.015 -2.454
12.540 -13.140 15.420 23.826 -2.481
12.540 -13.140 15.420 23.826 -2.481
12.660 -11.160 16.680 23.729 -2.427
12.660 -11.160 16.680 23.729 -2.263
13.380 -9.420 17.760 24.149 -2.263
13.380 -9.420 17.760 24.149 -2.276
13.200 -7.860 19.200 24.590 -2.276
13.200 -7.860 19.200 24.590 -2.141
13.260 -5.820 20.340 24.968 -2.141
13.260 -5.820 20.340 24.968 -2.006
13.260 -4.800 22.200 26.300 -2.006
13.260 -4.800 22.200 26.300 -2.180
13.320 -3.960 23.520 27.318 -1.986
13.320 -3.960 23.520 27.318 -1.986
14.280 -3.060 24.960 28.919 -1.604
14.280 -3.060 24.960 28.919 -1.604
14.880 -3.060 27.180 31.137 -1.944
14.880 -3.060 27.180 31.137 -1.944
15.180 -3.300 28.860 32.775 -1.938
15.180 -3.300 28.860 32.775 -1.938
15.240 -2.880 31.260 34.896 -1.475
15.240 -2.880 31.260 34.896 -2.089
15.120 -2.460 33.540 36.873 -2.089
15.120 -2.460 33.540 36.873 -1.950
14.700 -1.620 35.400 38.365 -1.950
14.700 -1.620 35.400 38.365 -1.467
14.580 -.420 36.720 39.511 -1.467
14.580 -.420 36.720 39.511 -1.988
14.580 -.360 37.200 39.957 -1.957
14.580 -.360 37.200 39.957 -1.957
14.460 -.240 36.360 39.131 -1.595
14.460 -.240 36.360 39.131 -1.595
15.000 -.480 35.340 38.395 -1.821
15.000 -.480 35.340 38.395 -1.821
15.300 -1.140 34.020 37.320 -2.035
15.300 -1.140 34.020 37.320 -2.035
16.380 -1.200 32.700 36.593 -1.567
16.380 -1.200 32.700 36.593 -2.046
-6.600 -.660 23.640 24.553 -2.046
-6.600 -.660 23.640 24.553 2.265
-6.780 -1.860 22.800 23.859 2.265
-6.780 -1.860 22.800 23.859 1.910
-6.300 -3.300 22.080 23.197 1.910
-6.300 -3.300 22.080 23.197 2.095
-6.480 -5.100 21.540 23.065 2.095
-6.480 -5.100 21.540 23.065 2.535
-6.060 -6.540 20.820 22.649 2.527
-6.060 -6.540 20.820 22.649 2.527
-4.860 -7.800 19.920 21.938 2.680
-4.860 -7.800 19.920 21.938 2.680
-4.320 -9.000 19.020 21.481 2.873
-4.320 -9.000 19.020 21.481 2.873
-4.140 -10.020 17.820 20.859 2.775
-4.140 -10.020 17.820 20.859 2.775
-4.080 -10.560 16.740 20.209 2.626
-4.080 -10.560 16.740 20.209 2.765
-4.140 -10.980 15.420 19.377 2.765
-4.140 -10.980 15.420 19.377 2.877
-4.440 -11.100 14.640 18.901 2.877
-4.440 -11.100 14.640 18.901 2.808
-4.860 -10.980 14.700 18.981 2.808
-4.860 -10.980 14.700 18.981 2.832
-5.280 -11.220 14.820 19.324 2.832
-5.280 -11.220 14.820 19.324 2.832
-6.060 -11.640 16.140 20.802 2.832
-6.060 -11.640 16.140 20.802 2.656
-6.600 -12.060 16.680 21.615 2.662
-6.600 -12.060 16.680 21.615 2.634
-7.200 -13.080 15.900 21.811 2.582
-7.200 -13.080 15.900 21.811 2.721
-7.500 -13.680 16.560 22.751 2.690
-7.500 -13.680 16.560 22.751 2.721
-8.160 -14.280 16.680 23.425 2.743
-8.160 -14.280 16.680 23.425 2.681
-8.820 -14.580 17.460 24.397 2.537
-8.820 -14.580 17.460 24.397 2.596
-9.720 -14.040 19.500 25.920 2.535
-9.720 -14.040 19.500 25.920 2.570
-10.800 -12.660 21.420 27.124 2.544
-10.800 -12.660 21.420 27.124 2.541
-12.060 -10.560 23.460 28.414 2.453
-12.060 -10.560 23.460 28.414 2.377
-13.320 -7.800 25.560 29.859 2.364
-13.320 -7.800 25.560 29.859 2.143
-14.040 -4.800 27.120 30.914 1.721
-14.040 -4.800 27.120 30.914 1.896
-14.520 -1.920 28.200 31.777 1.792
-14.520 -1.920 28.200 31.777 1.929
-14.520 .600 27.840 31.405 1.634
-14.520 .600 27.840 31.405 1.544
-14.340 3.060 27.840 31.465 1.329
-14.340 3.060 27.840 31.465 1.620
-13.980 4.380 27.300 30.982 1.507
-13.980 4.380 27.300 30.982 1.455
-13.980 4.920 26.760 30.590 1.397
-13.980 4.920 26.760 30.590 1.136
-13.860 5.340 28.140 31.819 1.280
-13.860 5.340 28.140 31.819 1.444
-13.680 4.800 29.340 32.726 1.507
-13.680 4.800 29.340 32.726 1.507
-13.740 3.660 30.660 33.797 1.457
-13.740 3.660 30.660 33.797 1.457
-13.860 1.920 31.680 34.632 1.657
-13.860 1.920 31.680 34.632 1.657
-14.040 -.720 32.100 35.044 1.959
-14.040 -.720 32.100 35.044 1.959
-14.880 -3.300 32.640 36.023 2.032
-14.880 -3.300 32.640 36.023 1.838
-15.360 -5.880 33.000 36.871 1.838
-15.360 -5.880 33.000 36.871 2.144
-15.480 -8.160 33.120 37.459 2.257
-15.480 -8.160 33.120 37.459 2.079
-15.060 -9.960 32.640 37.301 2.361
-15.060 -9.960 32.640 37.301 2.265
-13.980 -11.940 31.380 36.369 2.454
-13.980 -11.940 31.380 36.369 2.426
-13.200 -13.080 30.060 35.340 2.325
-13.200 -13.080 30.060 35.340 2.180
-11.400 -13.560 27.780 32.948 2.440
-11.400 -13.560 27.780 32.948 2.626
-9.840 -13.680 25.740 30.765 2.506
-9.840 -13.680 25.740 30.765 2.604
-7.560 -12.420 24.420 28.421 2.545
-7.560 -12.420 24.420 28.421 2.631
-4.500 -11.040 23.820 26.637 2.741
-4.500 -11.040 23.820 26.637 2.889
-2.640 -10.080 24.120 26.275 2.788
-2.640 -10.080 24.120 26.275 2.629
-.060 -8.940 24.600 26.174 2.883
-.060 -8.940 24.600 26.174 2.875
2.520 -7.980 25.320 26.667 -3.047
2.520 -7.980 25.320 26.667 -3.026
4.620 -6.960 26.040 27.347 -2.600
4.620 -6.960 26.040 27.347 -2.446
7.320 -5.700 27.540 29.061 -2.578
7.320 -5.700 27.540 29.061 -2.481
10.020 -4.440 29.040 31.039 -2.154
10.020 -4.440 29.040 31.039 -2.181
11.640 -3.480 29.700 32.089 -1.972
11.640 -3.480 29.700 32.089 -1.837
13.140 -2.040 30.540 33.309 -1.976
13.140 -2.040 30.540 33.309 -1.972
14.280 -.540 30.540 33.718 -1.998
14.520 .600 30.060 33.389 -1.872
14.520 .600 30.060 33.389 -1.872
14.580 1.200 29.640 33.054 -1.872
14.580 1.200 29.640 33.054 -1.721
13.920 .960 28.740 31.948 -1.721
13.920 .960 28.740 31.948 -1.748
12.360 .360 27.360 30.024 -1.748
12.360 .360 27.360 30.024 -1.382
10.320 -.180 25.860 27.844 -1.943
10.320 -.180 25.860 27.844 -1.943
9.240 -.360 24.540 26.224 -1.750
9.240 -.360 24.540 26.224 -1.750
8.040 -.300 23.700 25.028 -1.705
8.040 -.300 23.700 25.028 -1.705
7.140 -.480 22.980 24.068 -1.933
7.140 -.480 22.980 24.068 -1.933
6.180 -.480 22.320 23.165 -1.885
6.180 -.480 22.320 23.165 -1.878
4.440 -.720 21.660 22.122 -1.878
4.440 -.720 21.660 22.122 -2.574
3.300 -1.140 20.220 20.519 -2.574
3.300 -1.140 20.220 20.519 -2.462
2.340 -1.200 19.140 19.320 -2.462
2.340 -1.200 19.140 19.320 -2.006
1.560 -1.680 18.480 18.622 -2.006
1.560 -1.680 18.480 18.622 -3.074
.480 -2.280 17.400 17.555 -2.876
.480 -2.280 17.400 17.555 -2.876
-.960 -3.060 16.620 16.927 2.498
-.960 -3.060 16.620 16.927 2.498
-2.220 -3.660 15.420 16.003 2.701
-2.220 -3.660 15.420 16.003 2.701
-3.480 -3.900 13.980 14.925 2.556
-3.480 -3.900 13.980 14.925 2.556
-4.380 -4.380 12.840 14.256 2.672
-4.380 -4.380 12.840 14.256 2.399
-5.400 -4.020 11.640 13.447 2.399
-5.400 -4.020 11.640 13.447 2.456
-6.720 -3.840 10.740 13.238 2.456
-6.720 -3.840 10.740 13.238 2.042
-7.740 -3.840 9.480 12.827 2.042
-7.740 -3.840 9.480 12.827 2.158
-8.940 -3.120 8.700 12.859 1.979
-8.940 -3.120 8.700 12.859 1.937
-10.440 -2.820 8.640 13.842 1.831
-10.440 -2.820 8.640 13.842 1.831
-11.700 -2.100 8.700 14.731 1.882
-11.700 -2.100 8.700 14.731 1.882
-13.380 -1.020 9.540 16.464 1.861
-13.380 -1.020 9.540 16.464 1.861
-14.760 -.300 10.200 17.944 1.652
-14.760 -.300 10.200 17.944 1.652
-15.540 .600 10.260 18.631 1.652
-15.540 .600 10.260 18.631 1.603
-16.260 .480 10.320 19.264 1.603
-16.260 .480 10.320 19.264 1.537
-16.440 -.420 10.200 19.352 1.537
-16.440 -.420 10.200 19.352 1.643
-16.740 -1.260 10.500 19.801 1.643
-16.740 -1.260 10.500 19.801 1.756
-17.340 -2.400 10.980 20.664 1.702
-17.340 -2.400 10.980 20.664 1.702
-17.580 -3.480 12.180 21.668 1.871
-17.580 -3.480 12.180 21.668 1.871
-17.760 -3.900 13.320 22.540 1.809
-17.760 -3.900 13.320 22.540 1.809
-17.220 -4.200 14.460 22.875 1.790
-17.220 -4.200 14.460 22.875 1.790
-16.320 -4.440 16.380 23.545 1.916
-16.320 -4.440 16.380 23.545 2.014
-15.420 -3.660 18.300 24.209 2.014
-15.420 -3.660 18.300 24.209 1.719
-14.340 -3.300 20.520 25.251 1.719
-14.340 -3.300 20.520 25.251 1.912
-13.800 -3.000 23.280 27.229 1.912
-13.800 -3.000 23.280 27.229 1.885
-12.180 -2.760 26.040 28.880 1.885
-12.180 -2.760 26.040 28.880 1.894
-10.260 -2.880 29.460 31.328 2.133
-10.260 -2.880 29.460 31.328 2.133
-8.820 -3.960 33.300 34.675 2.297
-8.820 -3.960 33.300 34.675 2.297
-7.260 -6.000 35.880 37.096 1.855
-7.260 -6.000 35.880 37.096 1.855
-6.300 -9.120 37.920 39.507 2.489
-6.300 -9.120 37.920 39.507 2.553
-5.220 -12.780 38.400 40.806 2.462
-5.220 -12.780 38.400 40.806 2.632
-3.540 -15.900 37.740 41.105 2.632
-3.540 -15.900 37.740 41.105 2.891
-2.700 -18.480 36.420 40.929 2.891
-2.700 -18.480 36.420 40.929 3.120
-2.040 -20.220 33.900 39.525 3.120
-2.040 -20.220 33.900 39.525 2.857
-2.040 -21.840 31.320 38.237 2.984
-2.040 -21.840 31.320 38.237 2.984
-1.980 -22.800 28.560 36.598 3.077
-1.980 -22.800 28.560 36.598 3.077
-.600 -22.620 25.380 34.002 3.112
-.600 -22.620 25.380 34.002 3.112
-.300 -21.780 22.500 31.316 3.041
-.300 -21.780 22.500 31.316 3.041
-.540 -20.400 19.380 28.143 -3.114
-.540 -20.400 19.380 28.143 2.931
-1.020 -18.600 16.380 24.805 2.931
-1.020 -18.600 16.380 24.805 3.053
-2.100 -16.740 14.220 22.065 3.053
-2.100 -16.740 14.220 22.065 2.996
-2.520 -14.280 12.420 19.093 2.996
-2.520 -14.280 12.420 19.093 2.916
-2.520 -11.700 11.520 16.612 2.916
-2.520 -11.700 11.520 16.612 2.863
-2.400 -8.880 11.040 14.370 2.952
-2.400 -8.880 11.040 14.370 2.952
-2.520 -6.420 11.040 13.017 2.448
-2.520 -6.420 11.040 13.017 2.448
-2.940 -5.220 11.160 12.666 2.549
-2.940 -5.220 11.160 12.666 2.549
-3.000 -4.800 11.040 12.407 2.557
-3.000 -4.800 11.040 12.407 2.557
-3.000 -5.640 10.980 12.703 2.198
-3.000 -5.640 10.980 12.703 2.508
-2.760 -7.560 11.160 13.759 2.508
-2.760 -7.560 11.160 13.759 2.929
-2.040 -10.020 11.040 15.048 2.929
-2.040 -10.020 11.040 15.048 2.958
-.720 -12.420 11.100 16.673 2.958
-.720 -12.420 11.100 16.673 3.080
.960 -14.520 10.200 17.771 3.080
.960 -14.520 10.200 17.771 -3.126
4.260 -15.480 8.700 18.261 -2.896
4.260 -15.480 8.700 18.261 -2.896
9.060 -15.060 7.680 19.180 -2.603
9.060 -15.060 7.680 19.180 -2.603
15.180 -12.540 6.240 20.655 -2.258
15.180 -12.540 6.240 20.655 -2.258
22.200 -6.960 5.340 23.870 -2.262
22.200 -6.960 5.340 23.870 -1.830
28.080 2.160 4.500 28.520 -1.830
28.080 2.160 4.500 28.520 -1.532
31.860 14.580 3.000 35.166 -1.532
31.860 14.580 3.000 35.166 -1.165
32.640 27.300 2.040 42.601 -1.165
32.640 27.300 2.040 42.601 -.886
30.540 38.400 2.100 49.109 -.886
30.540 38.400 2.100 49.109 -.657
27.600 46.140 3.180 53.859 -.543
27.600 46.140 3.180 53.859 -.543
25.200 49.800 5.160 56.051 -.487
25.200 49.800 5.160 56.051 -.487
23.520 51.960 8.520 57.668 -.453
23.520 51.960 8.520 57.668 -.453
22.140 52.740 12.000 58.444 -.368
22.140 52.740 12.000 58.444 -.368
21.060 53.160 16.140 59.414 -.400
21.060 53.160 16.140 59.414 -.352
20.100 52.740 20.100 59.913 -.352
20.100 52.740 20.100 59.913 -.379
19.260 51.540 23.400 59.790 -.379
19.260 51.540 23.400 59.790 -.346
19.560 49.200 26.880 59.378 -.346
19.560 49.200 26.880 59.378 -.453
20.100 45.480 28.740 57.432 -.453
20.100 45.480 28.740 57.432 -.328
19.860 41.520 29.700 54.776 -.394
19.860 41.520 29.700 54.776 -.394
19.440 37.140 29.940 51.514 -.492
19.440 37.140 29.940 51.514 -.492
18.540 33.600 28.020 47.516 -.471
18.540 33.600 28.020 47.516 -.471
17.460 30.780 25.560 43.653 -.496
17.460 30.780 25.560 43.653 -.496
16.740 28.440 23.100 40.282 -.565
16.740 28.440 23.100 40.282 -.465
16.140 26.880 20.040 37.211 -.465
16.140 26.880 20.040 37.211 -.442
15.480 26.760 17.880 35.713 -.442
15.480 26.760 17.880 35.713 -.524
15.120 27.540 16.320 35.404 -.524
15.120 27.540 16.320 35.404 -.551
14.580 29.460 15.180 36.206 -.472
14.580 29.460 15.180 36.206 -.472
14.160 32.400 15.000 38.409 -.485
14.160 32.400 15.000 38.409 -.485
13.980 34.140 15.000 39.824 -.422
13.980 34.140 15.000 39.824 -.422
13.980 35.580 15.600 41.288 -.360
13.980 35.580 15.600 41.288 -.360
13.980 36.420 16.560 42.380 -.346
13.980 36.420 16.560 42.380 -.364
14.100 36.420 17.460 42.779 -.364
14.100 36.420 17.460 42.779 -.366
14.040 36.240 19.200 43.349 -.366
14.040 36.240 19.200 43.349 -.399
13.860 35.640 20.520 43.398 -.399
13.860 35.640 20.520 43.398 -.382
13.740 34.440 22.200 43.217 -.382
13.740 34.440 22.200 43.217 -.327
13.440 33.720 23.820 43.417 -.301
13.440 33.720 23.820 43.417 -.301
13.380 32.700 24.960 43.259 -.356
13.380 32.700 24.960 43.259 -.356
13.320 31.560 26.100 43.066 -.351
13.320 31.560 26.100 43.066 -.351
13.260 30.540 26.940 42.829 -.355
13.260 30.540 26.940 42.829 -.355
13.200 28.500 27.660 41.852 -.419
13.200 28.500 27.660 41.852 -.559
13.320 26.400 27.480 40.367 -.559
13.320 26.400 27.480 40.367 -.456
12.960 24.360 27.360 38.858 -.456
12.960 24.360 27.360 38.858 -.526
12.660 22.380 26.820 37.154 -.526
12.660 22.380 26.820 37.154 -.528
12.240 21.000 26.160 35.709 -.528
12.240 21.000 26.160 35.709 -.534
12.000 20.400 26.100 35.233 -.698
12.000 20.400 26.100 35.233 -.698
12.060 20.220 25.680 34.839 -.560
12.060 20.220 25.680 34.839 -.560
12.060 20.520 25.200 34.663 -.417
12.060 20.520 25.200 34.663 -.417
12.360 21.660 24.720 35.114 -.412
12.360 21.660 24.720 35.114 -.412
12.360 22.860 24.180 35.497 -.472
12.360 22.860 24.180 35.497 -.464
12.060 24.780 23.940 36.505 -.464
12.060 24.780 23.940 36.505 -.406
12.540 27.000 24.120 38.315 -.406
12.540 27.000 24.120 38.315 -.480
12.900 29.220 24.360 40.170 -.480
12.900 29.220 24.360 40.170 -.320
13.140 31.860 24.780 42.447 -.327
13.440 34.560 25.860 45.208 -.376
13.440 34.560 25.860 45.208 -.472
13.320 37.020 27.060 47.751 -.472
13.320 37.020 27.060 47.751 -.368
13.620 38.160 28.680 49.641 -.368
13.620 38.160 28.680 49.641 -.364
13.920 38.400 30.660 51.072 -.364
13.920 38.400 30.660 51.072 -.384
14.400 36.840 32.340 51.092 -.458
14.400 36.840 32.340 51.092 -.458
14.700 34.380 33.780 50.390 -.332
14.700 34.380 33.780 50.390 -.332
14.520 31.860 34.440 49.112 -.391
14.520 31.860 34.440 49.112 -.391
13.980 28.560 34.200 46.699 -.405
13.980 28.560 34.200 46.699 -.405
13.320 26.100 33.120 44.222 -.557
13.320 26.100 33.120 44.222 -.635
12.300 23.880 31.440 41.352 -.635
12.300 23.880 31.440 41.352 -.647
11.280 22.380 28.980 38.314 -.647
11.280 22.380 28.980 38.314 -.332
10.440 21.780 25.980 35.473 -.332
10.440 21.780 25.980 35.473 -.408
9.540 20.880 22.860 32.397 -.408
9.540 20.880 22.860 32.397 -.453
9.180 20.820 19.800 30.163 -.404
9.180 20.820 19.800 30.163 -.404
8.520 20.040 17.160 27.725 -.399
8.520 20.040 17.160 27.725 -.399
7.740 19.140 15.060 25.555 -.460
7.740 19.140 15.060 25.555 -.460
6.960 18.960 12.900 23.965 -.440
6.960 18.960 12.900 23.965 -.440
6.120 18.900 11.100 22.757 -.215
6.120 18.900 11.100 22.757 -.279
5.880 20.400 9.780 23.375 -.279
5.880 20.400 9.780 23.375 -.225
5.340 23.640 8.700 25.750 -.225
5.340 23.640 8.700 25.750 -.216
4.380 27.780 8.340 29.334 -.216
4.380 27.780 8.340 29.334 -.156
2.760 32.160 8.280 33.323 -.088
2.760 32.160 8.280 33.323 -.093
-.060 36.840 8.460 37.799 -.021
-.060 36.840 8.460 37.799 -.021
-2.760 40.320 9.060 41.417 -.002
-2.760 40.320 9.060 41.417 -.002
-5.160 42.780 9.960 44.226 .071
-5.160 42.780 9.960 44.226 .071
-7.800 44.580 11.160 46.613 .144
-7.800 44.580 11.160 46.613 .225
-9.780 45.240 12.600 47.969 .225
-9.780 45.240 12.600 47.969 .252
-10.380 35.340 6.420 37.388 .252
-10.380 35.340 6.420 37.388 .305
-12.120 36.180 7.800 38.945 .305
-12.120 36.180 7.800 38.945 .328
-12.840 36.840 9.360 40.121 .328
-12.840 36.840 9.360 40.121 .352
-13.320 37.080 10.140 40.684 .340
-13.320 37.080 10.140 40.684 .340
-13.800 37.620 10.680 41.470 .376
-13.800 37.620 10.680 41.470 .376
-14.640 37.920 10.740 42.043 .398
-14.640 37.920 10.740 42.043 .398
-15.720 37.920 10.260 42.312 .396
-15.720 37.920 10.260 42.312 .396
-16.380 37.440 9.840 42.034 .390
-16.380 37.440 9.840 42.034 .424
-16.500 36.360 9.240 40.984 .424
-16.500 36.360 9.240 40.984 .439
-16.020 34.740 8.760 39.246 .439
-16.020 34.740 8.760 39.246 .500
-15.540 33.240 8.160 37.590 .500
-15.540 33.240 8.160 37.590 .435
-15.060 32.340 7.860 36.530 .435
-15.060 32.340 7.860 36.530 .462
-15.180 31.860 7.620 36.105 .471
-15.180 31.860 7.620 36.105 .471
-15.900 32.520 7.800 37.030 .431
-15.900 32.520 7.800 37.030 .431
-16.200 33.900 7.860 38.385 .473
-16.200 33.900 7.860 38.385 .473
-16.980 35.820 7.380 40.322 .455
-16.980 35.820 7.380 40.322 .455
-18.480 37.560 6.900 42.425 .449
-18.480 37.560 6.900 42.425 .476
-19.320 39.180 5.700 44.055 .476
-19.320 39.180 5.700 44.055 .468
-20.460 40.440 4.440 45.538 .468
-20.460 40.440 4.440 45.538 .468
-21.420 40.860 3.180 46.244 .468
-21.420 40.860 3.180 46.244 .489
-21.000 40.740 .900 45.843 .484
-21.000 40.740 .900 45.843 .484
-21.120 39.720 -1.620 45.015 .487
-21.120 39.720 -1.620 45.015 .487
-21.660 38.640 -5.460 44.632 .491
-21.660 38.640 -5.460 44.632 .491
-21.960 37.980 -9.720 44.936 .495
-21.960 37.980 -9.720 44.936 .495
-22.680 38.340 -13.860 46.652 .541
-22.680 38.340 -13.860 46.652 .502
-22.620 39.420 -17.520 48.709 .502
-22.620 39.420 -17.520 48.709 .474
-22.380 41.400 -20.100 51.175 .474
-22.380 41.400 -20.100 51.175 .499
-21.780 43.620 -21.240 53.181 .499
-21.780 43.620 -21.240 53.181 .399
-20.640 46.260 -20.460 54.632 .399
-20.640 46.260 -20.460 54.632 .369
-19.500 48.660 -18.720 55.664 .382
-19.500 48.660 -18.720 55.664 .382
-17.460 50.100 -15.480 55.267 .352
-17.460 50.100 -15.480 55.267 .352
-15.780 50.580 -12.180 54.366 .285
-15.780 50.580 -12.180 54.366 .285
-14.220 49.440 -9.000 52.226 .279
-14.220 49.440 -9.000 52.226 .279
-12.660 47.700 -6.000 49.715 .258
-12.660 47.700 -6.000 49.715 .244
-11.220 45.900 -3.000 47.347 .244
-11.220 45.900 -3.000 47.347 .235
-8.940 44.160 -.060 45.056 .235
-8.940 44.160 -.060 45.056 .200
-6.420 42.540 2.520 43.095 .200
-6.420 42.540 2.520 43.095 .159
-3.660 41.580 5.220 42.066 .159
-3.660 41.580 5.220 42.066 .089
-.900 40.500 6.900 41.093 .036
-.900 40.500 6.900 41.093 .036
1.140 40.080 8.760 41.042 .014
1.140 40.080 8.760 41.042 .014
3.000 40.080 10.980 41.665 -.067
3.000 40.080 10.980 41.665 -.067
4.560 39.900 12.780 42.144 -.075
4.560 39.900 12.780 42.144 -.075
5.820 39.840 15.000 42.966 -.132
5.820 39.840 15.000 42.966 -.152
6.660 40.020 16.200 43.685 -.152
6.660 40.020 16.200 43.685 -.160
6.900 39.960 17.040 43.986 -.160
6.900 39.960 17.040 43.986 -.147
5.940 40.500 18.120 44.765 -.147
5.940 40.500 18.120 44.765 -.159
4.080 41.280 18.600 45.460 -.112
4.080 41.280 18.600 45.460 -.112
1.740 42.600 19.620 46.933 -.044
1.740 42.600 19.620 46.933 -.044
-.660 44.040 20.760 48.692 .016
-.660 44.040 20.760 48.692 .016
-2.640 45.420 21.480 50.312 .040
-2.640 45.420 21.480 50.312 .040
-4.800 47.100 22.800 52.548 .108
-4.800 47.100 22.800 52.548 .155
-6.540 47.820 23.880 53.850 .155
-6.540 47.820 23.880 53.850 .185
-8.400 48.900 24.840 55.487 .185
-8.400 48.900 24.840 55.487 .167
-9.900 49.020 25.980 56.355 .167
-9.900 49.020 25.980 56.355 .285
-11.280 48.120 26.160 55.921 .285
-11.280 48.120 26.160 55.921 .244
-12.480 47.100 26.100 55.275 .261
-12.480 47.100 26.100 55.275 .261
-14.100 44.880 24.960 53.254 .386
-14.100 44.880 24.960 53.254 .386
-15.720 42.720 23.340 51.155 .404
-15.720 42.720 23.340 51.155 .404
-17.040 41.340 21.960 49.816 .416
-17.040 41.340 21.960 49.816 .416
-18.840 39.600 21.180 48.700 .385
-18.840 39.600 21.180 48.700 .484
-20.220 38.700 20.580 48.271 .484
-20.220 38.700 20.580 48.271 .544
-22.200 38.160 20.460 48.658 .544
-22.200 38.160 20.460 48.658 .557
-23.940 37.620 20.820 49.212 .557
-23.940 37.620 20.820 49.212 .648
-25.140 37.920 21.300 50.236 .648
-25.140 37.920 21.300 50.236 .628
-26.280 38.520 22.200 51.646 .597
-26.280 38.520 22.200 51.646 .597
-27.120 39.720 23.220 53.407 .660
-27.120 39.720 23.220 53.407 .660
-27.840 41.880 24.660 56.010 .649
-27.840 41.880 24.660 56.010 .649
-28.020 43.980 25.260 57.943 .616
-28.020 43.980 25.260 57.943 .638
-28.440 46.560 26.340 60.584 .638
-28.440 46.560 26.340 60.584 .619
-28.380 49.020 26.820 62.671 .619
-28.380 49.020 26.820 62.671 .552
-28.920 51.000 26.640 64.398 .552
-28.920 51.000 26.640 64.398 .551
-30.060 52.380 26.220 65.839 .551
-30.060 52.380 26.220 65.839 .579
-30.300 53.580 25.860 66.766 .565
-30.300 53.580 25.860 66.766 .565
-31.080 54.300 25.680 67.631 .509
-31.080 54.300 25.680 67.631 .509
-31.920 54.120 24.540 67.454 .573
-31.920 54.120 24.540 67.454 .573
-32.640 54.000 23.760 67.423 .586
-32.640 54.000 23.760 67.423 .586
-33.840 53.340 22.500 67.056 .554
-33.840 53.340 22.500 67.056 .616
-34.080 51.900 19.680 65.133 .616
-34.080 51.900 19.680 65.133 .609
-33.780 50.520 17.100 63.133 .609
-33.780 50.520 17.100 63.133 .616
-33.360 48.660 13.980 60.631 .616
-33.360 48.660 13.980 60.631 .652
-32.520 46.080 9.180 57.142 .652
-32.520 46.080 9.180 57.142 .634
-32.100 44.460 4.800 55.047 .626
-32.100 44.460 4.800 55.047 .626
-31.200 43.560 .120 53.581 .617
-31.200 43.560 .120 53.581 .617
-29.640 44.040 -6.000 53.423 .586
-29.640 44.040 -6.000 53.423 .586
-27.780 46.740 -10.020 55.288 .534
-27.780 46.740 -10.020 55.288 .534
-26.100 49.980 -12.840 57.828 .447
-26.100 49.980 -12.840 57.828 .449
-24.540 54.000 -14.460 61.052 .449
-24.540 54.000 -14.460 61.052 .426
-23.640 57.720 -13.500 63.818 .426
-23.640 57.720 -13.500 63.818 .392
-23.160 60.180 -12.060 65.601 .392
-23.160 60.180 -12.060 65.601 .359
-22.500 61.440 -10.380 66.249 .351
-22.500 60.960 -8.040 65.475 .341
-22.500 60.960 -8.040 65.475 .340
-23.100 59.340 -5.820 63.943 .340
-23.100 59.340 -5.820 63.943 .368
-24.300 57.360 -3.960 62.421 .368
-24.300 57.360 -3.960 62.421 .393
-25.920 54.840 -2.340 60.702 .393
-25.920 54.840 -2.340 60.702 .444
-26.520 52.680 -1.320 58.994 .470
-26.520 52.680 -1.320 58.994 .470
-27.000 50.340 .120 57.124 .478
-27.000 50.340 .120 57.124 .478
-27.420 47.880 1.020 55.185 .488
-27.420 47.880 1.020 55.185 .488
-27.240 46.080 2.880 53.607 .521
-27.240 46.080 2.880 53.607 .521
-28.080 44.400 5.160 52.787 .542
-28.080 44.400 5.160 52.787 .569
-28.320 43.500 6.840 52.355 .569
-28.320 43.500 6.840 52.355 .612
-27.840 42.780 9.360 51.892 .612
-27.840 42.780 9.360 51.892 .605
-27.720 42.780 11.520 52.261 .605
-27.720 42.780 11.520 52.261 .577
-27.240 42.720 13.440 52.418 .577
-27.240 42.720 13.440 52.418 .603
-27.180 42.660 15.240 52.829 .610
-27.180 42.660 15.240 52.829 .610
-27.420 43.080 16.860 53.777 .544
-27.420 43.080 16.860 53.777 .544
-28.020 42.780 17.760 54.136 .577
-28.020 42.780 17.760 54.136 .577
-28.740 43.440 18.360 55.228 .619
-28.740 43.440 18.360 55.228 .619
-29.520 43.980 19.020 56.280 .692
-29.520 43.980 19.020 56.280 .615
-30.360 44.160 18.240 56.609 .615
-30.360 44.160 18.240 56.609 .639
-31.380 44.460 17.520 57.169 .639
-31.380 44.460 17.520 57.169 .663
-32.220 43.860 15.780 56.664 .663
-32.220 43.860 15.780 56.664 .631
-33.360 43.140 14.460 56.418 .696
-33.360 43.140 14.460 56.418 .696
-34.260 42.180 13.500 55.992 .694
-34.260 42.180 13.500 55.992 .694
-35.340 40.620 13.020 55.393 .693
-35.340 40.620 13.020 55.393 .693
-36.480 39.660 14.760 55.871 .778
-36.480 39.660 14.760 55.871 .778
-36.960 39.060 16.380 56.214 .771
-36.960 39.060 16.380 56.214 .784
-37.560 38.460 18.720 56.924 .784
-37.560 38.460 18.720 56.924 .858
-37.740 39.120 21.060 58.294 .858
-37.740 39.120 21.060 58.294 .807
-37.500 39.600 22.620 59.043 .807
-37.500 39.600 22.620 59.043 .809
-37.800 39.960 23.460 59.800 .809
-37.800 39.960 23.460 59.800 .838
-37.920 41.100 24.180 60.925 .805
-37.920 41.100 24.180 60.925 .805
-37.620 41.280 23.820 60.718 .755
-37.620 41.280 23.820 60.718 .755
-37.380 41.640 22.680 60.378 .827
-37.380 41.640 22.680 60.378 .827
-36.480 42.180 21.300 59.696 .788
-36.480 42.180 21.300 59.696 .788
-35.340 41.700 19.500 58.035 .725
-35.340 41.700 19.500 58.035 .746
-34.260 42.000 18.060 57.131 .746
-34.260 42.000 18.060 57.131 .723
-32.940 42.120 17.040 56.120 .723
-32.940 42.120 17.040 56.120 .638
-31.380 42.120 16.680 55.109 .638
-31.380 42.120 16.680 55.109 .669
-29.580 43.260 16.620 54.978 .669
-29.580 43.260 16.620 54.978 .619
-27.600 44.100 17.220 54.801 .567
-27.600 44.100 17.220 54.801 .567
-25.740 45.660 18.060 55.440 .566
-25.740 45.660 18.060 55.440 .566
-23.940 47.160 19.080 56.225 .559
-23.940 47.160 19.080 56.225 .559
-22.920 48.540 19.440 57.091 .454
-22.920 48.540 19.440 57.091 .454
-21.720 50.160 18.960 57.856 .463
-21.720 50.160 18.960 57.856 .420
-20.880 50.880 17.880 57.831 .420
-20.880 50.880 17.880 57.831 .430
-20.100 51.840 15.600 57.747 .430
-20.100 51.840 15.600 57.747 .395
-19.740 52.260 12.960 57.348 .395
-19.740 52.260 12.960 57.348 .392
-19.920 52.140 10.200 56.740 .378
-19.920 52.140 10.200 56.740 .367
-20.040 51.180 7.140 55.425 .376
-20.040 51.180 7.140 55.425 .376
-20.700 49.320 4.500 53.677 .403
-20.700 49.320 4.500 53.677 .403
-21.240 47.100 2.940 51.751 .417
-21.240 47.100 2.940 51.751 .417
-22.500 44.280 1.320 49.686 .427
-22.500 44.280 1.320 49.686 .475
-23.160 42.360 .300 48.279 .475
-23.160 42.360 .300 48.279 .500
-24.120 40.680 -.360 47.294 .500
-24.120 40.680 -.360 47.294 .536
-24.480 39.600 -.900 46.564 .536
-24.480 39.600 -.900 46.564 .568
-23.520 39.420 -1.260 45.921 .568
-23.520 39.420 -1.260 45.921 .539
-23.160 39.300 -1.440 45.639 .522
-23.160 39.300 -1.440 45.639 .522
-23.160 39.300 -2.100 45.665 .531
-23.160 39.300 -2.100 45.665 .531
-23.400 38.760 -3.960 45.449 .533
-23.400 38.760 -3.960 45.449 .533
-23.700 37.740 -6.060 44.975 .539
-23.700 37.740 -6.060 44.975 .539
-23.760 36.000 -8.580 43.979 .551
-23.760 36.000 -8.580 43.979 .578
-23.280 33.720 -10.980 42.421 .578
-23.280 33.720 -10.980 42.421 .564
-23.040 31.320 -12.000 40.691 .564
-23.040 31.320 -12.000 40.691 .565
-23.220 29.340 -11.580 39.168 .565
-23.220 29.340 -11.580 39.168 .624
-23.520 27.780 -10.320 37.834 .624
-23.520 27.780 -10.320 37.834 .717
-23.280 27.240 -8.340 36.790 .670
-23.280 27.240 -8.340 36.790 .670
-22.800 28.740 -5.520 37.098 .672
-22.800 28.740 -5.520 37.098 .672
-22.260 30.960 -3.060 38.254 .627
-22.260 30.960 -3.060 38.254 .627
-22.380 34.020 -1.080 40.736 .612
-22.380 34.020 -1.080 40.736 .578
-21.540 37.680 .360 43.404 .578
-21.540 37.680 .360 43.404 .519
-20.940 40.860 .480 45.916 .519
-20.940 40.860 .480 45.916 .478
-19.860 43.500 -.900 47.828 .478
-19.860 43.500 -.900 47.828 .429
-18.300 45.240 -2.700 48.876 .429
-18.300 45.240 -2.700 48.876 .385
-18.000 45.960 -4.920 49.604 .363
-18.000 45.960 -4.920 49.604 .363
-17.580 45.420 -7.620 49.296 .353
-17.580 45.420 -7.620 49.296 .353
-17.580 44.040 -9.300 48.323 .385
-17.580 44.040 -9.300 48.323 .385
-17.580 42.000 -10.620 46.753 .391
-17.580 42.000 -10.620 46.753 .391
-18.000 39.480 -11.220 44.817 .389
-18.000 39.480 -11.220 44.817 .413
-18.960 37.200 -10.740 43.112 .413
-18.960 37.200 -10.740 43.112 .447
-21.060 35.280 -9.060 42.075 .447
-21.060 35.280 -9.060 42.075 .519
-22.920 34.440 -6.840 41.931 .519
-22.920 34.440 -6.840 41.931 .562
-24.000 34.500 -3.900 42.207 .562
-24.000 34.500 -3.900 42.207 .614
-25.080 35.760 -.540 43.682 .619
-25.080 35.760 -.540 43.682 .619
-25.680 37.860 2.100 45.796 .599
-25.680 37.860 2.100 45.796 .599
-26.760 39.960 4.500 48.303 .595
-26.760 39.960 4.500 48.303 .595
-28.440 42.240 5.700 51.240 .609
-28.440 42.240 5.700 51.240 .601
-30.720 43.920 6.360 53.973 .601
-30.720 43.920 6.360 53.973 .607
-32.280 45.360 6.840 56.092 .607
-32.280 45.360 6.840 56.092 .650
-33.000 46.740 7.620 57.721 .650
-33.000 46.740 7.620 57.721 .625
-33.180 48.120 9.180 59.167 .625
-33.180 48.120 9.180 59.167 .616
-32.400 49.020 11.160 59.810 .623
-32.400 49.020 11.160 59.810 .623
-31.020 50.340 13.800 60.719 .571
-31.020 50.340 13.800 60.719 .571
-29.640 51.420 16.680 61.650 .510
-29.640 51.420 16.680 61.650 .510
-27.960 52.740 19.320 62.742 .551
-27.960 52.740 19.320 62.742 .551
-24.780 54.660 21.660 63.804 .459
-24.780 54.660 21.660 63.804 .483
-22.020 56.040 22.500 64.278 .483
-22.020 56.040 22.500 64.278 .447
-19.140 57.420 21.960 64.387 .447
-19.140 57.420 21.960 64.387 .360
-16.680 58.200 19.800 63.699 .360
-16.680 58.200 19.800 63.699 .280
-15.120 57.960 15.600 61.898 .280
-15.120 57.960 15.600 61.898 .273
-12.900 57.300 11.340 59.819 .223
-12.900 57.300 11.340 59.819 .223
-10.980 55.680 6.000 57.069 .204
-10.980 55.680 6.000 57.069 .204
-9.480 53.460 .600 54.297 .177
-9.480 53.460 .600 54.297 .177
-7.740 50.880 -3.720 51.600 .146
-7.740 50.880 -3.720 51.600 .146
-6.900 47.400 -8.100 48.580 .152
-6.900 47.400 -8.100 48.580 .152
-5.520 44.220 -11.100 45.925 .113
-5.520 44.220 -11.100 45.925 .113
-3.360 40.860 -13.680 43.220 .094
-3.360 40.860 -13.680 43.220 .094
-1.200 38.520 -16.140 41.782 -.047
-1.200 38.520 -16.140 41.782 -.047
.060 36.780 -17.820 40.870 -.048
.780 36.840 -19.080 41.495 -.013
.780 36.840 -19.080 41.495 -.013
1.320 38.160 -19.800 43.011 -.029
1.320 38.160 -19.800 43.011 -.029
1.560 39.780 -20.040 44.570 -.037
1.560 39.780 -20.040 44.570 -.037
1.800 42.300 -19.380 46.563 -.013
1.800 42.300 -19.380 46.563 -.098
1.680 43.920 -18.540 47.702 -.098
1.680 43.920 -18.540 47.702 -.072
1.620 45.120 -17.100 48.279 -.072
1.620 45.120 -17.100 48.279 -.048
.720 45.600 -15.060 48.028 -.048
.720 45.600 -15.060 48.028 -.017
1.080 45.300 -12.960 47.130 -.017
1.080 45.300 -12.960 47.130 -.043
1.260 45.300 -10.740 46.573 -.029
1.260 45.300 -10.740 46.573 -.029
.780 45.720 -7.620 46.357 -.048
.780 45.720 -7.620 46.357 -.048
.420 47.280 -4.440 47.490 -.035
.420 47.280 -4.440 47.490 -.035
-1.320 50.220 -1.380 50.256 -.015
-1.320 50.220 -1.380 50.256 -.015
-2.700 53.040 1.260 53.124 .028
-2.700 53.040 1.260 53.124 .051
-4.260 56.220 2.460 56.435 .051
-4.260 56.220 2.460 56.435 .076
-5.880 58.440 1.860 58.765 .076
-5.880 58.440 1.860 58.765 .103
-7.380 60.060 .240 60.512 .103
-7.380 60.060 .240 60.512 .120
-9.840 60.300 -2.580 61.152 .120
-9.840 60.300 -2.580 61.152 .162
-12.360 59.340 -5.580 60.870 .194
-12.360 59.340 -5.580 60.870 .194
-13.980 57.540 -8.100 59.765 .204
-13.980 57.540 -8.100 59.765 .204
-15.480 54.180 -10.740 57.362 .222
-15.480 54.180 -10.740 57.362 .222
-16.560 50.460 -12.480 54.555 .275
-16.560 50.460 -12.480 54.555 .275
-17.460 46.140 -13.020 51.022 .286
-17.460 46.140 -13.020 51.022 .331
-18.120 42.300 -12.000 47.557 .331
-18.120 42.300 -12.000 47.557 .387
-18.720 38.940 -9.480 44.234 .387
-18.720 38.940 -9.480 44.234 .452
-19.020 36.660 -6.600 41.824 .452
-19.020 36.660 -6.600 41.824 .460
-18.600 35.520 -3.660 40.262 .485
-18.600 35.520 -3.660 40.262 .485
-18.660 34.800 -1.200 39.505 .485
-18.660 34.800 -1.200 39.505 .485
-18.540 35.100 -.060 39.696 .484
-18.540 35.100 -.060 39.696 .484
-18.060 36.540 1.020 40.772 .485
-18.060 36.540 1.020 40.772 .485
-17.400 37.920 .840 41.730 .459
-17.400 37.920 .840 41.730 .433
-16.440 39.060 -.180 42.379 .433
-16.440 39.060 -.180 42.379 .403
-14.880 40.260 -.900 42.931 .403
-14.880 40.260 -.900 42.931 .348
-13.560 39.960 -2.040 42.247 .348
-13.560 39.960 -2.040 42.247 .315
-12.120 39.660 -2.580 41.551 .315
-12.120 39.660 -2.580 41.551 .289
-11.160 39.000 -2.280 40.629 .282
-11.160 39.000 -2.280 40.629 .282
-9.660 37.620 -1.560 38.872 .250
-9.660 37.620 -1.560 38.872 .250
-8.280 36.360 -.780 37.299 .252
-8.280 36.360 -.780 37.299 .252
-7.620 34.560 .120 35.390 .225
-7.620 34.560 .120 35.390 .225
-7.080 33.060 1.140 33.829 .217
-7.080 33.060 1.140 33.829 .213
-7.200 31.320 1.740 32.184 .213
-7.200 31.320 1.740 32.184 .232
-7.080 30.000 2.460 30.922 .232
-7.080 30.000 2.460 30.922 .235
-7.080 28.740 3.600 29.817 .235
-7.080 28.740 3.600 29.817 .251
-6.540 27.780 4.740 28.930 .257
-6.540 27.780 4.740 28.930 .257
-6.660 27.600 6.180 29.057 .258
-6.660 27.600 6.180 29.057 .258
-7.200 28.260 7.680 30.157 .268
-7.200 28.260 7.680 30.157 .268
-8.100 29.820 9.240 32.252 .277
-8.100 29.820 9.240 32.252 .277
-9.360 32.160 10.920 35.230 .252
-9.360 32.160 10.920 35.230 .312
-10.080 34.980 12.240 38.406 .312
-10.080 34.980 12.240 38.406 .296
-10.500 38.220 14.040 42.049 .296
-10.500 38.220 14.040 42.049 .283
-10.980 41.340 15.480 45.488 .283
-10.980 41.340 15.480 45.488 .298
-11.640 44.460 15.840 48.612 .298
-11.640 44.460 15.840 48.612 .287
-13.140 46.980 15.480 51.180 .246
-13.140 46.980 15.480 51.180 .246
-14.760 48.600 13.800 52.633 .321
-14.760 48.600 13.800 52.633 .321
-15.660 49.560 11.340 53.198 .311
-15.660 49.560 11.340 53.198 .311
-16.980 49.260 8.760 52.836 .309
-16.980 49.260 8.760 52.836 .309
-18.540 48.480 6.000 52.250 .367
-18.540 48.480 6.000 52.250 .370
-20.340 46.920 3.360 51.249 .370
-20.340 46.920 3.360 51.249 .408
-23.040 45.240 .300 50.770 .408
-23.040 45.240 .300 50.770 .477
-24.300 43.860 -1.140 50.155 .477
-24.300 43.860 -1.140 50.155 .508
-25.020 42.540 -1.500 49.375 .525
-25.020 42.540 -1.500 49.375 .525
-26.220 41.580 -1.020 49.167 .564
-26.220 41.580 -1.020 49.167 .564
-26.640 41.040 .960 48.938 .580
-26.640 41.040 .960 48.938 .580
-27.120 40.380 1.980 48.682 .586
-27.120 40.380 1.980 48.682 .586
-27.120 40.440 3.300 48.803 .598
-27.120 40.440 3.300 48.803 .601
-25.740 40.560 4.320 48.232 .601
-25.740 40.560 4.320 48.232 .573
-24.120 40.320 4.620 47.210 .573
-24.120 40.320 4.620 47.210 .551
-23.100 40.260 4.080 46.595 .551
-23.100 40.260 4.080 46.595 .530
-22.140 39.720 2.640 45.550 .530
-22.140 39.720 2.640 45.550 .506
-20.940 39.360 .600 44.588 .494
-20.940 39.360 .600 44.588 .494
-19.680 39.300 -1.620 43.982 .468
-19.680 39.300 -1.620 43.982 .468
-18.180 39.240 -3.900 43.422 .438
-18.180 39.240 -3.900 43.422 .438
-16.560 39.360 -5.700 43.081 .387
-16.560 39.360 -5.700 43.081 .387
-15.840 39.540 -7.680 43.282 .389
-15.840 39.540 -7.680 43.282 .394
-14.580 40.140 -8.820 43.607 .394
-14.580 40.140 -8.820 43.607 .351
-13.500 40.920 -8.280 43.878 .351
-13.500 40.920 -8.280 43.878 .316
-12.660 41.640 -7.440 44.153 .316
-12.660 41.640 -7.440 44.153 .294
-12.120 42.420 -5.460 44.454 .294
-12.120 42.420 -5.460 44.454 .262
-12.600 42.960 -3.720 44.924 .283
-12.600 42.960 -3.720 44.924 .283
-14.040 43.260 -2.700 45.561 .319
-14.040 43.260 -2.700 45.561 .319
-15.000 43.620 -1.860 46.165 .330
-15.000 43.620 -1.860 46.165 .330
-15.480 44.040 -2.160 46.731 .336
-15.480 44.040 -2.160 46.731 .336
-15.900 44.160 -3.360 47.055 .344
-15.900 44.160 -3.360 47.055 .338
-15.900 43.800 -5.100 46.875 .338
-15.900 43.800 -5.100 46.875 .338
-16.140 43.200 -7.800 46.772 .338
-16.140 43.200 -7.800 46.772 .344
-16.860 42.060 -10.320 46.474 .344
-16.860 42.060 -10.320 46.474 .393
-17.460 41.100 -12.360 46.334 .376
-17.460 41.100 -12.360 46.334 .376
-18.240 40.380 -13.860 46.426 .388
-18.240 40.380 -13.860 46.426 .388
-19.140 40.440 -14.580 47.056 .434
-19.140 40.440 -14.580 47.056 .434
-20.640 40.800 -15.060 48.140 .417
-20.640 40.800 -15.060 48.140 .417
-22.920 41.100 -15.240 49.465 .452
-22.920 41.100 -15.240 49.465 .532
-24.600 41.100 -15.540 50.357 .532
-24.600 41.100 -15.540 50.357 .509
-26.040 40.740 -15.720 50.842 .509
-26.040 40.740 -15.720 50.842 .550
-27.660 40.020 -15.240 50.980 .550
-27.660 40.020 -15.240 50.980 .585
-29.220 38.580 -14.760 50.597 .585
-29.220 38.580 -14.760 50.597 .598
-31.140 37.920 -13.440 50.875 .659
-31.140 37.920 -13.440 50.875 .659
-33.900 36.780 -12.060 51.453 .753
-33.900 36.780 -12.060 51.453 .753
-35.940 36.000 -10.080 51.858 .754
-35.940 36.000 -10.080 51.858 .754
-37.680 37.080 -7.200 53.353 .788
-37.680 37.080 -7.200 53.353 .788
-39.600 38.280 -4.080 55.228 .752
-39.600 38.280 -4.080 55.228 .773
-41.400 39.960 -.300 57.540 .773
-41.400 39.960 -.300 57.540 .797
-43.020 42.000 3.840 60.245 .797
-43.020 42.000 3.840 60.245 .796
-44.100 43.680 6.960 62.460 .796
-44.100 43.680 6.960 62.460 .808
-44.940 45.240 10.320 64.597 .808
-44.940 45.240 10.320 64.597 .799
-44.700 46.680 13.620 66.050 .768
-44.700 46.680 13.620 66.050 .768
-44.760 47.280 16.380 67.135 .793
-44.760 47.280 16.380 67.135 .793
-44.880 47.040 19.560 67.894 .797
-44.880 47.040 19.560 67.894 .797
-44.220 46.800 22.560 68.225 .731
-44.220 46.800 22.560 68.225 .731
-43.800 46.260 25.020 68.443 .792
-43.800 46.260 25.020 68.443 .791
-42.060 46.380 27.120 68.232 .791
-42.060 46.380 27.120 68.232 .815
-39.840 47.280 29.760 68.617 .815
-39.840 47.280 29.760 68.617 .747
-37.680 48.300 31.140 68.720 .747
-34.200 49.860 31.800 68.315 .705
-34.200 49.860 31.800 68.315 .734
-30.720 51.480 31.440 67.693 .734
-30.720 51.480 31.440 67.693 .532
-26.580 51.840 28.740 64.961 .532
-26.580 51.840 28.740 64.961 .521
-22.260 51.780 26.100 62.112 .521
-22.260 51.780 26.100 62.112 .459
-19.260 50.280 22.560 58.378 .459
-19.260 50.280 22.560 58.378 .384
-16.800 47.940 18.000 53.893 .387
-16.800 47.940 18.000 53.893 .387
-15.360 45.000 13.260 49.364 .381
-15.360 45.000 13.260 49.364 .381
-14.460 42.060 7.560 45.114 .340
-14.460 42.060 7.560 45.114 .340
-13.800 39.300 2.520 41.729 .345
-13.800 39.300 2.520 41.729 .345
-13.740 36.960 -2.160 39.490 .337
-13.740 36.960 -2.160 39.490 .345
-14.280 35.400 -5.760 38.604 .345
-14.280 35.400 -5.760 38.604 .380
-15.240 34.320 -8.220 38.441 .380
-15.240 34.320 -8.220 38.441 .405
-16.020 33.540 -10.380 38.592 .405
-16.020 33.540 -10.380 38.592 .460
-16.380 33.060 -11.220 38.564 .460
-16.380 33.060 -11.220 38.564 .440
-16.500 33.360 -11.400 38.924 .458
-16.500 33.360 -11.400 38.924 .458
-17.280 33.180 -11.820 39.233 .430
-17.280 33.180 -11.820 39.233 .430
-18.960 33.840 -11.880 40.568 .419
-18.960 33.840 -11.880 40.568 .419
-20.460 34.380 -12.420 41.891 .482
-20.460 34.380 -12.420 41.891 .527
-21.360 35.040 -12.900 43.017 .527
-21.360 35.040 -12.900 43.017 .524
-20.640 36.540 -12.720 43.852 .524
-20.640 36.540 -12.720 43.852 .499
-19.080 37.440 -12.660 43.887 .499
-19.080 37.440 -12.660 43.887 .466
