X Y Z F A
-24.300 -5.280 23.400 34.146 .000
-24.180 -5.400 23.100 33.874 1.845
-24.180 -5.400 23.100 33.874 1.839
-24.600 -5.640 23.160 34.254 1.839
-24.600 -5.640 23.160 34.254 1.864
-24.060 -6.060 22.740 33.656 1.864
-24.060 -6.060 22.740 33.656 1.888
-23.880 -6.240 22.260 33.237 1.888
-23.880 -6.240 22.260 33.237 1.888
-24.240 -6.240 22.860 33.898 1.888
-24.240 -6.240 22.860 33.898 1.911
-23.580 -5.580 22.620 33.148 1.925
-23.580 -5.580 22.620 33.148 1.925
-23.640 -5.520 23.100 33.510 1.886
-23.640 -5.520 23.100 33.510 1.886
-24.120 -5.700 22.500 33.474 1.967
-24.120 -5.700 22.500 33.474 1.899
-23.940 -5.700 21.480 32.665 1.899
-23.940 -5.700 21.480 32.665 1.905
-24.000 -6.360 19.560 31.608 1.863
-24.000 -6.360 19.560 31.608 1.863
-24.000 -6.900 16.800 30.097 1.892
-24.000 -6.900 16.800 30.097 1.892
-23.460 -7.440 15.120 28.885 2.010
-23.460 -7.440 15.120 28.885 2.010
-22.860 -8.160 12.240 27.184 1.875
-22.860 -8.160 12.240 27.184 1.928
-21.900 -9.180 10.560 25.988 1.928
-21.900 -9.180 10.560 25.988 1.990
-20.640 -10.500 8.820 24.780 1.990
-20.640 -10.500 8.820 24.780 2.046
-19.620 -11.400 6.540 23.615 2.046
-19.620 -11.400 6.540 23.615 2.082
-18.540 -12.480 4.680 22.834 2.082
-18.540 -12.480 4.680 22.834 2.161
-18.480 -13.200 2.640 22.863 2.201
-18.480 -13.200 2.640 22.863 2.201
-18.420 -12.780 .360 22.422 2.180
-18.420 -12.780 .360 22.422 2.180
-18.360 -12.180 -2.280 22.150 2.164
-18.360 -12.180 -2.280 22.150 2.164
-18.540 -10.380 -4.920 21.810 2.147
-18.540 -10.380 -4.920 21.810 2.147
-18.480 -8.160 -7.020 21.386 2.090
-18.480 -8.160 -7.020 21.386 1.937
-19.140 -5.940 -8.100 21.616 1.937
-19.140 -5.940 -8.100 21.616 1.791
-20.820 -3.180 -8.100 22.565 1.791
-20.820 -3.180 -8.100 22.565 1.769
-22.500 -1.800 -7.200 23.692 1.769
-22.500 -1.800 -7.200 23.692 1.594
-24.480 -1.260 -6.060 25.250 1.562
-24.480 -1.260 -6.060 25.250 1.562
-26.400 -2.040 -4.980 26.943 1.656
-26.400 -2.040 -4.980 26.943 1.656
-27.960 -4.500 -3.240 28.505 1.702
-27.960 -4.500 -3.240 28.505 1.702
-29.940 -6.900 -1.020 30.742 1.712
-29.940 -6.900 -1.020 30.742 1.712
-32.280 -9.060 .660 33.534 1.799
-32.280 -9.060 .660 33.534 1.841
-34.200 -10.560 3.120 35.929 1.841
-34.200 -10.560 3.120 35.929 1.872
-36.540 -11.580 5.400 38.710 1.872
-36.540 -11.580 5.400 38.710 1.925
-38.820 -12.000 7.080 41.245 1.925
-38.820 -12.000 7.080 41.245 1.901
-40.620 -11.880 10.680 43.648 1.901
-40.620 -11.880 10.680 43.648 1.892
-43.200 -11.280 13.500 46.645 1.854
-43.200 -11.280 13.500 46.645 1.854
-44.520 -11.040 15.720 48.487 1.824
-44.520 -11.040 15.720 48.487 1.824
-44.880 -11.460 17.280 49.438 1.859
-44.880 -11.460 17.280 49.438 1.859
-44.460 -12.840 16.320 49.070 1.859
-44.460 -12.840 16.320 49.070 1.925
-43.080 -14.820 14.880 47.926 1.887
-43.080 -14.820 14.880 47.926 1.928
-42.120 -16.200 13.080 46.985 1.928
-42.120 -16.200 13.080 46.985 1.963
-40.860 -16.800 10.920 45.509 1.963
-40.860 -16.800 10.920 45.509 1.963
-38.700 -16.380 8.940 42.964 1.963
-38.700 -16.380 8.940 42.964 1.994
-36.360 -15.360 6.900 40.070 1.971
-36.360 -15.360 6.900 40.070 1.971
-33.300 -14.160 5.340 36.577 1.983
-33.300 -14.160 5.340 36.577 1.983
-31.020 -13.320 4.200 34.019 1.981
-31.020 -13.320 4.200 34.019 1.981
-29.760 -12.000 3.960 32.332 1.968
-29.760 -12.000 3.960 32.332 1.968
-28.500 -10.860 3.840 30.740 1.952
-28.500 -10.860 3.840 30.740 1.939
-27.240 -10.080 3.480 29.253 1.939
-27.240 -10.080 3.480 29.253 1.925
-25.620 -8.820 3.180 27.282 1.925
-25.620 -8.820 3.180 27.282 1.902
-23.940 -8.100 2.520 25.399 1.902
-23.940 -8.100 2.520 25.399 1.898
-22.560 -6.900 2.100 23.685 1.898
-22.560 -6.900 2.100 23.685 1.864
-22.020 -5.520 1.500 22.751 1.816
-22.020 -5.520 1.500 22.751 1.816
-20.940 -4.860 1.320 21.537 1.793
-20.940 -4.860 1.320 21.537 1.793
-19.380 -4.080 1.440 19.857 1.771
-19.380 -4.080 1.440 19.857 1.771
-17.520 -3.900 1.500 18.011 1.814
-17.520 -3.900 1.500 18.011 1.814
-15.000 -4.500 1.440 15.727 1.791
-15.000 -4.500 1.440 15.727 1.869
-12.960 -5.100 .480 13.936 1.869
-12.960 -5.100 .480 13.936 1.906
-11.220 -5.580 -1.500 12.620 1.906
-11.220 -5.580 -1.500 12.620 2.017
-9.060 -6.240 -4.500 11.886 2.017
-9.060 -6.240 -4.500 11.886 2.094
-6.900 -6.300 -7.380 11.906 2.094
-6.900 -6.300 -7.380 11.906 2.159
-4.020 -6.120 -11.520 13.650 2.424
-4.020 -6.120 -11.520 13.650 2.424
-.780 -6.480 -15.300 16.634 3.089
-.780 -6.480 -15.300 16.634 3.089
1.440 -7.200 -18.960 20.332 -2.726
1.440 -7.200 -18.960 20.332 -2.726
3.900 -8.520 -23.040 24.873 -2.267
3.900 -8.520 -23.040 24.873 -2.267
6.360 -10.440 -25.560 28.333 -2.192
6.360 -10.440 -25.560 28.333 -2.279
8.280 -12.660 -27.780 31.632 -2.279
8.280 -12.660 -27.780 31.632 -2.582
10.260 -15.660 -29.520 34.956 -2.582
10.260 -15.660 -29.520 34.956 -2.273
10.740 -19.380 -29.700 37.054 -2.273
10.740 -19.380 -29.700 37.054 -2.564
9.960 -22.920 -28.980 38.267 -2.564
9.960 -22.920 -28.980 38.267 -2.575
8.940 -26.280 -26.520 38.391 -2.722
8.940 -26.280 -26.520 38.391 -2.722
6.420 -28.980 -23.040 37.575 -2.852
6.420 -28.980 -23.040 37.575 -2.852
4.800 -30.120 -19.560 36.233 -3.047
4.800 -30.120 -19.560 36.233 -3.047
2.640 -31.260 -15.840 35.143 -3.016
2.640 -31.260 -15.840 35.143 -3.016
-1.260 -31.980 -12.600 34.396 -3.085
-1.260 -31.980 -12.600 34.396 -3.114
-3.420 -32.100 -9.480 33.645 -3.114
-3.420 -32.100 -9.480 33.645 3.069
-5.880 -31.620 -6.900 32.894 3.069
-5.880 -31.620 -6.900 32.894 2.969
-7.560 -30.180 -5.160 31.537 2.969
-7.560 -30.180 -5.160 31.537 2.913
12.120 -17.220 17.400 27.316 -2.585
12.120 -17.220 17.400 27.316 -2.585
11.520 -15.060 18.360 26.393 -2.555
11.520 -15.060 18.360 26.393 -2.555
10.860 -13.020 18.780 25.301 -2.407
10.860 -13.020 18.780 25.301 -2.407
10.440 -11.460 19.680 25.052 -2.534
10.440 -11.460 19.680 25.052 -2.534
10.500 -9.240 20.280 24.635 -2.435
10.500 -9.240 20.280 24.635 -2.302
10.500 -7.260 21.120 24.678 -2.302
10.500 -7.260 21.120 24.678 -2.345
11.280 -5.820 22.620 25.938 -2.345
10.680 -4.320 23.580 26.244 -2.276
10.680 -4.320 23.580 26.244 -2.276
10.680 -4.320 23.580 26.244 -2.387
10.620 -3.300 24.960 27.325 -2.387
10.620 -3.300 24.960 27.325 -2.075
9.780 -2.220 26.220 28.072 -2.346
9.780 -2.220 26.220 28.072 -2.346
9.120 -.900 27.300 28.797 -2.286
9.120 -.900 27.300 28.797 -2.286
9.660 .120 29.220 30.776 -1.735
9.660 .120 29.220 30.776 -1.735
9.480 .840 30.960 32.390 -2.098
9.480 .840 30.960 32.390 -2.098
9.900 1.140 32.880 34.357 -2.245
9.900 1.140 32.880 34.357 -2.482
9.840 1.140 35.280 36.644 -2.482
9.720 1.500 37.320 38.594 -2.144
9.720 1.500 37.320 38.594 -2.144
9.720 1.500 37.320 38.594 -1.731
10.200 2.520 38.580 39.985 -1.731
10.200 2.520 38.580 39.985 -1.657
10.320 3.180 40.020 41.451 -1.657
10.260 4.020 40.320 41.799 -1.930
10.260 4.020 40.320 41.799 -1.458
10.260 4.020 40.320 41.799 -1.458
10.560 4.800 39.540 41.206 -1.522
10.560 4.800 39.540 41.206 -1.522
11.040 5.160 39.180 41.031 -1.611
12.180 5.580 37.440 39.765 -1.611
12.180 5.580 37.440 39.765 -1.221
12.180 5.580 37.440 39.765 -1.221
13.620 5.040 35.520 38.374 -1.491
14.340 4.380 34.260 37.397 -1.457
14.340 4.380 34.260 37.397 -1.457
14.160 3.300 33.120 36.171 -1.472
14.160 3.300 33.120 36.171 -1.472
14.520 2.100 32.700 35.840 -1.420
14.520 2.100 32.700 35.840 -1.420
14.700 1.260 32.580 35.765 -1.552
14.700 1.260 32.580 35.765 -1.653
15.180 .300 31.680 35.130 -1.653
15.180 .300 31.680 35.130 -1.465
16.440 -.960 30.900 35.014 -1.465
16.440 -.960 30.900 35.014 -2.041
16.680 -2.520 30.180 34.575 -2.041
16.680 -2.520 30.180 34.575 -1.910
17.100 -3.720 29.100 33.957 -1.910
17.100 -3.720 29.100 33.957 -1.711
18.240 -5.340 28.920 34.606 -2.112
18.240 -5.340 28.920 34.606 -2.112
18.480 -6.240 28.080 34.190 -1.935
18.480 -6.240 28.080 34.190 -1.935
18.600 -6.360 27.480 33.787 -1.684
18.600 -6.360 27.480 33.787 -1.684
18.240 -6.660 27.540 33.697 -2.023
18.240 -6.660 27.540 33.697 -2.023
16.740 -6.540 27.480 32.835 -2.024
16.740 -6.540 27.480 32.835 -1.840
15.780 -6.840 28.140 32.980 -1.840
15.780 -6.840 28.140 32.980 -2.233
14.280 -7.320 28.860 33.021 -2.233
14.280 -7.320 28.860 33.021 -2.295
13.200 -7.920 29.520 33.293 -2.295
13.200 -7.920 29.520 33.293 -1.798
12.060 -8.640 30.540 33.953 -1.798
12.060 -8.640 30.540 33.953 -2.431
10.080 -9.420 32.400 35.215 -2.388
10.080 -9.420 32.400 35.215 -2.388
9.000 -10.080 34.020 36.606 -2.235
9.000 -10.080 34.020 36.606 -2.235
7.680 -10.620 35.580 37.917 -2.693
7.680 -10.620 35.580 37.917 -2.693
6.300 -10.620 36.900 38.911 -2.720
6.300 -10.620 36.900 38.911 -2.893
5.520 -9.300 38.040 39.547 -2.709
5.520 -9.300 38.040 39.547 -2.983
4.500 -7.500 39.000 39.969 -2.983
4.500 -7.500 39.000 39.969 -2.749
3.720 -4.680 40.380 40.820 -2.749
3.720 -4.680 40.380 40.820 -2.717
3.720 -1.080 41.760 41.939 -2.717
3.720 -1.080 41.760 41.939 -.558
3.720 2.040 42.060 42.273 -2.654
3.720 2.040 42.060 42.273 -2.654
4.140 5.340 43.020 43.547 -.619
4.140 5.340 43.020 43.547 -.619
4.500 8.160 43.200 44.194 -1.850
4.500 8.160 43.200 44.194 -1.850
4.080 9.840 42.780 44.086 -.991
4.080 9.840 42.780 44.086 -.991
4.620 10.980 43.200 44.812 -.693
4.620 10.980 43.200 44.812 -.001
4.560 10.620 42.540 44.082 -.001
4.560 10.620 42.540 44.082 -.664
5.040 9.420 42.720 44.036 -.664
5.040 9.420 42.720 44.036 -.466
5.580 7.860 43.500 44.555 -.466
5.580 7.860 43.500 44.555 -1.250
4.860 5.400 43.860 44.458 -1.250
4.860 5.400 43.860 44.458 -1.394
4.680 3.360 44.220 44.594 -1.317
4.680 3.360 44.220 44.594 -1.317
3.960 1.020 44.880 45.066 -2.611
3.960 1.020 44.880 45.066 -2.611
3.420 -1.800 45.060 45.225 -2.530
3.420 -1.800 45.060 45.225 -2.530
3.780 -3.660 45.180 45.485 -.988
3.780 -3.660 45.180 45.485 -.988
4.440 -5.640 44.820 45.391 -2.885
4.440 -5.640 44.820 45.391 -2.823
4.800 -7.320 43.860 44.725 -2.823
4.800 -7.320 43.860 44.725 -3.005
5.880 -8.460 42.420 43.653 -3.005
5.880 -8.460 42.420 43.653 -2.678
7.500 -9.180 40.620 42.314 -2.678
7.500 -9.180 40.620 42.314 -2.744
9.420 -9.360 39.360 41.540 -2.744
9.420 -9.360 39.360 41.540 -2.303
12.480 -9.060 38.040 41.047 -2.506
12.480 -9.060 38.040 41.047 -2.506
14.940 -7.860 36.720 40.415 -2.174
14.940 -7.860 36.720 40.415 -2.174
16.920 -6.420 36.480 40.722 -1.824
16.920 -6.420 36.480 40.722 -1.824
18.900 -5.160 36.660 41.567 -2.105
18.900 -5.160 36.660 41.567 -2.105
21.180 -3.360 37.080 42.835 -1.959
21.180 -3.360 37.080 42.835 -1.745
24.300 -2.220 38.280 45.396 -1.745
24.300 -2.220 38.280 45.396 -1.872
27.180 -1.080 39.420 47.894 -1.872
27.180 -1.080 39.420 47.894 -1.802
29.160 -.060 40.200 49.662 -1.802
29.160 -.060 40.200 49.662 -1.181
30.600 .960 41.220 51.346 -1.181
30.600 .960 41.220 51.346 -1.513
31.680 2.340 41.640 52.374 -1.586
31.680 2.340 41.640 52.374 -1.586
32.580 3.540 42.120 53.367 -1.425
32.580 3.540 42.120 53.367 -1.425
33.360 4.560 42.720 54.394 -1.540
33.360 4.560 42.720 54.394 -1.540
33.120 4.740 42.300 53.932 -1.551
33.120 4.740 42.300 53.932 -1.551
32.460 4.440 41.520 52.889 -1.931
32.460 4.440 41.520 52.889 -1.338
31.920 4.320 40.260 51.560 -1.338
31.920 4.320 40.260 51.560 -1.645
30.840 4.320 38.880 49.814 -1.645
30.840 4.320 38.880 49.814 -1.513
30.240 4.260 37.860 48.641 -1.513
30.240 4.260 37.860 48.641 -1.644
29.040 4.440 37.080 47.307 -1.503
29.040 4.440 37.080 47.307 -1.503
27.120 3.960 36.240 45.437 -1.617
27.120 3.960 36.240 45.437 -1.617
25.800 3.540 35.220 43.802 -1.495
25.800 3.540 35.220 43.802 -1.495
23.940 3.120 33.720 41.472 -1.631
23.940 3.120 33.720 41.472 -1.631
22.680 3.060 33.000 40.159 -1.467
22.680 3.060 33.000 40.159 -1.859
21.840 2.640 31.920 38.767 -1.859
21.840 2.640 31.920 38.767 -1.615
20.520 1.800 31.080 37.286 -1.615
20.520 1.800 31.080 37.286 -1.580
19.680 1.320 30.540 36.356 -1.580
19.680 1.320 30.540 36.356 -1.576
18.480 .720 29.220 34.581 -1.576
18.480 .720 29.220 34.581 -1.751
17.580 .360 27.780 32.877 -1.513
17.580 .360 27.780 32.877 -1.513
17.040 -.240 26.460 31.473 -1.962
17.040 -.240 26.460 31.473 -1.962
15.540 -.780 25.140 29.566 -1.847
15.540 -.780 25.140 29.566 -1.847
14.400 -1.560 23.880 27.929 -1.960
14.400 -1.560 23.880 27.929 -1.960
12.780 -1.860 23.280 26.622 -1.763
12.780 -1.860 23.280 26.622 -2.018
11.100 -1.440 22.320 24.969 -2.018
11.100 -1.440 22.320 24.969 -2.075
9.840 -.780 21.480 23.639 -2.075
9.840 -.780 21.480 23.639 -1.855
8.400 -.120 21.000 22.618 -1.855
8.400 -.120 21.000 22.618 -1.913
6.900 .840 20.640 21.779 -1.913
6.900 .840 20.640 21.779 -2.384
5.100 2.040 21.540 22.229 -1.343
5.100 2.040 21.540 22.229 -1.343
4.320 2.700 22.140 22.719 -1.962
4.320 2.700 22.140 22.719 -1.962
3.600 3.660 22.980 23.546 -1.059
3.600 3.660 22.980 23.546 -1.059
2.940 3.600 23.580 24.034 -1.278
2.940 3.600 23.580 24.034 -1.278
2.940 3.120 22.980 23.376 -.719
2.940 3.120 22.980 23.376 -.889
2.280 3.000 22.860 23.168 -.889
2.280 3.000 22.860 23.168 -.865
1.620 2.100 23.220 23.371 -.865
1.620 2.100 23.220 23.371 -3.113
1.500 1.500 23.160 23.257 -3.113
1.500 1.500 23.160 23.257 -2.556
1.500 .600 24.240 24.294 -2.165
1.500 .600 24.240 24.294 -2.165
1.560 -.360 25.560 25.610 2.900
1.560 -.360 25.560 25.610 2.900
1.920 -.720 27.060 27.138 -2.535
1.920 -.720 27.060 27.138 -2.535
2.760 -.600 29.100 29.237 -2.769
2.760 -.600 29.100 29.237 -2.769
3.780 .000 31.320 31.547 2.963
3.780 .000 31.320 31.547 .028
5.220 .540 33.840 34.244 .028
5.220 .540 33.840 34.244 -1.775
7.020 .720 36.840 37.510 -1.775
7.020 .720 36.840 37.510 -2.582
7.920 .780 40.440 41.216 -2.582
7.920 .780 40.440 41.216 -2.254
9.240 .300 43.800 44.765 -2.254
9.240 .300 43.800 44.765 -2.714
10.260 -1.380 46.860 47.990 -2.452
10.260 -1.380 46.860 47.990 -2.452
11.820 -3.060 50.340 51.800 -2.164
11.820 -3.060 50.340 51.800 -2.164
14.400 -6.120 52.200 54.495 -2.000
14.400 -6.120 52.200 54.495 -2.000
16.080 -9.660 52.800 56.033 -2.593
16.080 -9.660 52.800 56.033 -2.593
17.460 -12.480 52.320 56.551 -2.353
17.460 -12.480 52.320 56.551 -2.625
18.480 -15.420 49.620 55.149 -2.625
18.480 -15.420 49.620 55.149 -2.553
18.660 -17.400 46.620 53.145 -2.553
18.660 -17.400 46.620 53.145 -2.415
18.840 -18.420 43.500 50.858 -2.415
18.840 -18.420 43.500 50.858 -2.322
19.140 -18.900 40.620 48.719 -2.322
19.140 -18.900 40.620 48.719 -2.567
18.540 -18.720 37.680 45.978 -2.443
18.540 -18.720 37.680 45.978 -2.443
17.820 -18.180 34.800 43.117 -2.556
17.820 -18.180 34.800 43.117 -2.556
17.220 -16.920 32.220 40.261 -2.541
17.220 -16.920 32.220 40.261 -2.541
17.040 -15.240 29.520 37.337 -2.447
17.040 -15.240 29.520 37.337 -2.292
16.860 -13.800 27.600 35.163 -2.292
16.860 -13.800 27.600 35.163 -2.402
17.160 -11.220 26.160 33.237 -2.402
17.160 -11.220 26.160 33.237 -2.176
16.920 -8.640 24.600 31.082 -2.176
16.920 -8.640 24.600 31.082 -2.231
16.440 -6.060 23.820 29.570 -2.231
16.440 -6.060 23.820 29.570 -2.114
16.680 -3.240 22.860 28.483 -1.807
16.680 -3.240 22.860 28.483 -1.807
16.380 -2.100 22.320 27.765 -1.703
16.380 -2.100 22.320 27.765 -1.703
16.500 -2.400 22.620 28.101 -1.948
16.500 -2.400 22.620 28.101 -1.948
16.080 -3.960 22.620 28.034 -1.930
16.080 -3.960 22.620 28.034 -1.930
15.600 -6.420 23.280 28.750 -2.136
15.600 -6.420 23.280 28.750 -2.228
15.660 -9.360 23.880 30.052 -2.228
15.660 -9.360 23.880 30.052 -2.163
16.860 -12.180 23.580 31.442 -2.163
16.860 -12.180 23.580 31.442 -2.138
19.680 -13.920 23.280 33.512 -2.138
19.680 -13.920 23.280 33.512 -2.380
23.220 -15.420 22.140 35.597 -2.380
23.220 -15.420 22.140 35.597 -2.230
27.720 -15.660 20.280 37.748 -1.958
27.720 -15.660 20.280 37.748 -1.958
34.080 -12.180 19.080 40.913 -1.971
34.080 -12.180 19.080 40.913 -1.971
41.820 -5.100 17.460 45.605 -1.774
41.820 -5.100 17.460 45.605 -1.774
48.300 5.460 15.960 51.161 -1.494
48.300 5.460 15.960 51.161 -1.494
40.740 14.280 2.880 43.266 -1.240
40.740 14.280 2.880 43.266 -1.248
42.240 25.560 3.180 49.474 -1.248
42.240 25.560 3.180 49.474 -1.032
40.800 34.560 4.860 53.690 -1.032
40.800 34.560 4.860 53.690 -.908
38.940 41.040 8.280 57.177 -.908
36.840 45.960 11.880 60.089 -.794
36.840 45.960 11.880 60.089 -.794
36.840 45.960 11.880 60.089 -.696
34.560 48.840 15.720 61.862 -.606
33.120 49.560 19.620 62.754 -.606
33.120 49.560 19.620 62.754 -.632
33.120 49.560 19.620 62.754 -.632
31.920 49.140 23.280 63.052 -.652
30.960 47.340 26.400 62.422 -.652
30.960 47.340 26.400 62.422 -.591
29.700 44.820 28.500 60.854 -.635
29.700 44.820 28.500 60.854 -.635
28.380 42.120 29.940 58.957 -.650
28.380 42.120 29.940 58.957 -.650
27.240 39.180 29.760 56.238 -.658
27.240 39.180 29.760 56.238 -.658
26.040 35.280 28.920 52.527 -.709
26.040 35.280 28.920 52.527 -.709
25.500 31.500 27.360 48.899 -.722
25.500 31.500 27.360 48.899 -.694
24.660 27.840 24.240 44.393 -.694
24.660 27.840 24.240 44.393 -.757
23.820 25.020 21.060 40.459 -.757
23.820 25.020 21.060 40.459 -.770
23.100 24.660 18.240 38.398 -.770
23.100 24.660 18.240 38.398 -.805
22.800 25.320 16.260 37.754 -.805
22.800 25.320 16.260 37.754 -.776
22.440 27.060 14.940 38.197 -.749
22.440 27.060 14.940 38.197 -.749
22.500 28.980 14.580 39.480 -.662
22.500 28.980 14.580 39.480 -.662
22.320 31.140 14.400 40.930 -.659
22.320 31.140 14.400 40.930 -.659
21.660 32.820 14.220 41.815 -.671
21.660 32.820 14.220 41.815 -.671
21.480 33.960 15.000 42.891 -.605
21.480 33.960 15.000 42.891 -.604
20.880 35.040 16.320 43.933 -.604
20.880 35.040 16.320 43.933 -.622
21.480 34.260 17.820 44.189 -.622
21.480 34.260 17.820 44.189 -.571
21.600 33.480 19.980 44.572 -.571
21.600 33.480 19.980 44.572 -.597
21.180 32.340 22.080 44.520 -.597
21.180 32.340 22.080 44.520 -.696
20.880 30.660 23.820 44.084 -.624
20.880 30.660 23.820 44.084 -.624
20.040 29.160 25.620 43.684 -.777
20.040 29.160 25.620 43.684 -.777
19.560 26.640 26.940 42.639 -.697
19.560 26.640 26.940 42.639 -.697
19.440 24.060 28.020 41.736 -.563
19.440 24.060 28.020 41.736 -.563
19.260 21.180 28.680 40.523 -.781
19.260 21.180 28.680 40.523 -.948
19.020 18.900 29.340 39.747 -.948
19.020 18.900 29.340 39.747 -1.032
18.420 17.220 29.640 38.915 -1.032
18.420 17.220 29.640 38.915 -1.094
18.240 15.480 29.460 37.950 -1.094
18.240 15.480 29.460 37.950 -1.083
18.060 14.220 29.160 37.131 -.849
18.060 14.220 29.160 37.131 -.849
17.640 13.500 28.200 35.898 -.889
17.640 13.500 28.200 35.898 -.889
17.820 13.500 26.940 35.008 -1.259
17.820 13.500 26.940 35.008 -1.259
17.760 15.120 25.740 34.736 -.938
17.760 15.120 25.740 34.736 -.938
17.940 18.120 24.900 35.640 -1.038
17.940 18.120 24.900 35.640 -.940
18.540 20.940 24.060 36.893 -.940
18.540 20.940 24.060 36.893 -.678
19.080 24.180 24.120 39.122 -.678
19.080 24.180 24.120 39.122 -.679
19.260 27.540 24.360 41.507 -.679
19.260 27.540 24.360 41.507 -.758
19.560 30.060 24.420 43.388 -.758
19.560 30.060 24.420 43.388 -.669
19.860 32.580 24.900 45.562 -.632
19.860 32.580 24.900 45.562 -.632
20.040 34.320 25.800 47.383 -.652
20.040 34.320 25.800 47.383 -.652
20.940 34.380 27.360 48.673 -.664
20.940 34.380 27.360 48.673 -.664
21.540 34.080 29.220 49.792 -.490
21.540 34.080 29.220 49.792 -.490
22.140 32.940 31.620 50.745 -.569
22.140 32.940 31.620 50.745 -.658
22.620 31.380 33.180 50.964 -.658
22.620 31.380 33.180 50.964 -.682
22.500 29.400 34.140 50.360 -.682
22.500 29.400 34.140 50.360 -.878
22.020 26.580 34.860 49.057 -.878
22.020 26.580 34.860 49.057 -.972
21.120 23.880 34.140 46.710 -.972
21.120 23.880 34.140 46.710 -.621
20.040 21.780 31.800 43.442 -.893
20.040 21.780 31.800 43.442 -.893
19.020 20.100 28.920 40.027 -.868
19.020 20.100 28.920 40.027 -.868
18.360 19.500 25.260 36.816 -.699
18.360 19.500 25.260 36.816 -.699
17.820 18.960 22.200 34.203 -.929
17.820 18.960 22.200 34.203 -.922
17.280 18.060 19.920 31.962 -.922
17.280 18.060 19.920 31.962 -.648
16.620 18.060 17.460 30.120 -.648
16.620 18.060 17.460 30.120 -.748
16.080 18.360 15.540 28.934 -.748
16.080 18.360 15.540 28.934 -.734
15.660 19.080 13.620 28.192 -.734
15.660 19.080 13.620 28.192 -.729
15.480 20.820 12.000 28.585 -.678
15.480 20.820 12.000 28.585 -.678
14.940 22.980 11.160 29.594 -.643
14.940 22.980 11.160 29.594 -.643
13.320 25.920 10.080 30.836 -.496
13.320 25.920 10.080 30.836 -.496
10.860 29.820 9.000 32.987 -.442
10.860 29.820 9.000 32.987 -.442
7.740 34.020 9.060 36.047 -.314
7.740 34.020 9.060 36.047 -.237
4.200 37.740 9.420 39.124 -.237
4.200 37.740 9.420 39.124 -.088
1.320 40.980 10.200 42.251 -.088
1.320 40.980 10.200 42.251 -.013
-.780 42.540 11.340 44.032 -.013
-.780 42.540 11.340 44.032 .022
-2.340 43.380 12.360 45.167 .022
-2.340 43.380 12.360 45.167 .032
-3.180 43.680 13.800 45.918 .071
-3.180 43.680 13.800 45.918 .071
-4.320 43.620 14.640 46.214 .155
-4.320 43.620 14.640 46.214 .155
-5.400 44.280 15.480 47.218 .161
-5.400 44.280 15.480 47.218 .161
-7.200 44.760 16.080 48.103 .098
-7.200 44.760 16.080 48.103 .098
-8.220 45.600 16.260 49.105 .184
-8.220 45.600 16.260 49.105 .162
-8.760 46.140 16.440 49.759 .162
-8.760 46.140 16.440 49.759 .168
-8.880 45.540 16.140 49.125 .168
-8.880 45.540 16.140 49.125 .225
-7.980 44.400 15.660 47.752 .225
-7.980 44.400 15.660 47.752 .177
-7.860 42.900 15.120 46.161 .181
-7.860 42.900 15.120 46.161 .181
-7.620 40.980 14.460 44.119 .202
-7.620 40.980 14.460 44.119 .202
-7.560 40.140 14.460 43.330 .201
-7.560 40.140 14.460 43.330 .201
-8.160 40.560 14.100 43.709 .231
-8.160 40.560 14.100 43.709 .231
-8.700 41.160 13.680 44.238 .208
-8.700 41.160 13.680 44.238 .236
-9.900 43.140 13.800 46.363 .236
-9.900 43.140 13.800 46.363 .227
-11.160 45.240 13.020 48.381 .227
-11.160 45.240 13.020 48.381 .235
-11.820 46.920 12.120 49.881 .235
-11.820 46.920 12.120 49.881 .268
-12.540 48.660 10.980 51.435 .295
-12.540 48.660 10.980 51.435 .295
-12.780 49.200 9.300 51.676 .265
-12.780 49.200 9.300 51.676 .265
-13.680 49.020 7.440 51.434 .302
-13.680 49.020 7.440 51.434 .302
-15.240 47.880 5.100 50.505 .318
-15.240 47.880 5.100 50.505 .318
-16.080 46.260 2.040 49.018 .316
-16.080 46.260 2.040 49.018 .342
-16.500 44.580 -1.920 47.574 .342
-16.500 44.580 -1.920 47.574 .378
-16.860 43.680 -6.300 47.243 .378
-16.860 43.680 -6.300 47.243 .350
-16.260 43.500 -10.740 47.665 .350
-16.260 43.500 -10.740 47.665 .344
-16.920 44.700 -14.460 49.935 .344
-16.920 44.700 -14.460 49.935 .365
-17.280 47.100 -16.260 52.739 .359
-17.280 47.100 -16.260 52.739 .359
-16.380 50.280 -16.680 55.449 .300
-16.380 50.280 -16.680 55.449 .300
-15.720 54.060 -15.120 58.294 .251
-15.720 54.060 -15.120 58.294 .251
-13.440 55.740 -12.540 58.693 .226
-13.440 55.740 -12.540 58.693 .226
-11.400 57.300 -8.820 59.085 .237
-11.400 57.300 -8.820 59.085 .214
-9.300 57.240 -4.980 58.204 .214
-9.300 57.240 -4.980 58.204 .172
-6.060 55.860 -1.080 56.198 .172
-6.060 55.860 -1.080 56.198 .110
-3.660 55.140 3.000 55.343 .110
-3.660 55.140 3.000 55.343 .077
-.960 53.340 5.940 53.678 .023
-.960 53.340 5.940 53.678 .023
1.800 51.840 9.180 52.677 -.040
1.800 51.840 9.180 52.677 -.040
3.840 51.120 12.060 52.663 -.080
3.840 51.120 12.060 52.663 -.080
6.240 50.520 14.700 52.984 -.156
6.240 50.520 14.700 52.984 -.156
8.640 50.100 17.280 53.696 -.193
8.640 50.100 17.280 53.696 -.201
10.620 50.280 19.620 55.007 -.201
10.620 50.280 19.620 55.007 -.182
11.520 50.280 21.420 55.853 -.182
11.520 50.280 21.420 55.853 -.268
12.300 50.700 22.800 56.935 -.268
12.300 50.700 22.800 56.935 -.313
12.000 51.060 23.160 57.337 -.313
12.000 51.060 23.160 57.337 -.284
11.460 51.000 23.760 57.418 -.227
11.460 51.000 23.760 57.418 -.227
11.340 50.760 23.940 57.256 -.219
11.340 50.760 23.940 57.256 -.219
10.560 50.460 24.360 57.019 -.174
10.560 50.460 24.360 57.019 -.174
9.240 51.120 25.500 57.870 -.230
9.240 51.120 25.500 57.870 -.230
7.200 52.320 26.220 58.964 -.188
7.200 52.320 26.220 58.964 -.215
4.620 53.760 27.420 60.526 -.215
1.980 55.680 28.560 62.609 -.081
1.980 55.680 28.560 62.609 -.081
1.980 55.680 28.560 62.609 .044
.060 56.940 30.180 64.444 .044
.060 56.940 30.180 64.444 .025
-1.500 57.240 31.620 65.410 .025
-1.500 57.240 31.620 65.410 .060
-2.940 57.180 32.220 65.699 .008
-4.080 56.040 32.220 64.771 .008
-4.080 56.040 32.220 64.771 -.000
-4.080 56.040 32.220 64.771 -.000
-5.580 54.480 31.140 62.999 .110
-7.080 52.740 29.280 60.737 .110
-7.080 52.740 29.280 60.737 .235
-8.940 51.240 27.660 58.911 .181
-8.940 51.240 27.660 58.911 .181
-10.740 49.560 26.520 57.226 .198
-10.740 49.560 26.520 57.226 .198
-12.660 48.540 25.140 56.111 .211
-12.660 48.540 25.140 56.111 .211
-14.220 47.880 24.900 55.810 .200
-14.220 47.880 24.900 55.810 .200
-14.940 47.160 24.900 55.383 .310
-14.940 47.160 24.900 55.383 .434
-16.080 47.460 25.140 56.063 .434
-16.080 47.460 25.140 56.063 .360
-17.220 48.300 26.640 57.785 .360
-17.220 48.300 26.640 57.785 .396
-18.840 49.560 27.720 59.829 .396
-18.840 49.560 27.720 59.829 .444
-20.160 51.660 28.800 62.487 .444
-20.160 51.660 28.800 62.487 .362
-20.760 53.940 30.180 65.202 .388
-20.760 53.940 30.180 65.202 .388
-20.880 56.460 30.540 67.501 .415
-20.880 56.460 30.540 67.501 .415
-21.120 58.920 31.020 69.856 .403
-21.120 58.920 31.020 69.856 .403
-21.780 60.780 30.900 71.578 .402
-21.780 60.780 30.900 71.578 .402
-22.920 62.220 30.540 73.002 .410
-22.920 62.220 30.540 73.002 .378
-24.480 62.880 29.940 73.821 .378
-24.480 62.880 29.940 73.821 .473
-25.080 63.180 28.860 73.849 .473
-25.080 63.180 28.860 73.849 .382
-25.860 63.420 28.380 74.137 .382
-25.860 63.420 28.380 74.137 .395
-26.760 62.280 26.580 72.811 .395
-26.760 62.280 26.580 72.811 .498
-26.700 60.480 24.240 70.415 .462
-26.700 60.480 24.240 70.415 .462
-26.700 58.260 21.480 67.591 .401
-26.700 58.260 21.480 67.591 .401
-25.560 55.800 18.000 63.961 .493
-25.560 55.800 18.000 63.961 .493
-23.400 54.060 14.220 60.599 .426
-23.400 54.060 14.220 60.599 .442
-21.900 52.380 9.780 57.610 .442
-21.900 52.380 9.780 57.610 .422
-19.860 51.600 4.920 55.508 .422
-19.860 51.600 4.920 55.508 .374
-18.060 51.900 -.240 54.953 .374
-18.060 51.900 -.240 54.953 .335
-15.420 54.060 -4.500 56.396 .335
-15.420 54.060 -4.500 56.396 .281
-12.900 57.780 -7.920 59.730 .232
-12.900 57.780 -7.920 59.730 .232
-11.520 61.800 -9.000 63.506 .165
-11.520 61.800 -9.000 63.506 .165
-10.500 65.340 -8.820 66.763 .181
-10.500 65.340 -8.820 66.763 .181
-11.160 67.380 -7.320 68.689 .161
-11.160 67.380 -7.320 68.689 .161
-11.760 67.860 -4.980 69.051 .174
-11.760 67.860 -4.980 69.051 .173
-11.640 67.380 -3.540 68.470 .173
-11.640 67.380 -3.540 68.470 .176
-12.480 66.420 -1.140 67.592 .176
-12.480 66.420 -1.140 67.592 .185
-13.980 64.320 .360 65.823 .185
-13.980 64.320 .360 65.823 .220
-15.900 62.340 2.580 64.387 .220
-15.900 62.340 2.580 64.387 .255
-18.780 60.240 5.580 63.346 .302
-18.780 60.240 5.580 63.346 .302
-20.820 57.900 7.260 61.956 .361
-20.820 57.900 7.260 61.956 .361
-21.900 56.160 9.720 61.058 .357
-21.900 56.160 9.720 61.058 .357
-22.320 54.360 11.700 59.917 .392
-22.320 54.360 11.700 59.917 .392
-22.020 53.400 13.380 59.291 .424
-22.020 53.400 13.380 59.291 .415
-22.080 52.740 15.900 59.345 .415
-22.080 52.740 15.900 59.345 .403
-21.720 52.200 17.880 59.298 .403
-21.720 52.200 17.880 59.298 .449
-21.300 52.260 19.680 59.767 .449
-21.300 52.260 19.680 59.767 .405
-21.060 52.260 21.540 60.321 .444
-21.060 52.260 21.540 60.321 .444
-20.640 52.080 22.680 60.438 .436
-20.640 52.080 22.680 60.438 .436
-20.940 52.560 24.180 61.528 .403
-20.940 52.560 24.180 61.528 .403
-21.660 52.860 25.260 62.461 .371
-21.660 52.860 25.260 62.461 .371
-22.440 52.800 25.140 62.637 .468
-22.440 52.800 25.140 62.637 .413
-23.460 52.740 25.140 62.959 .413
-23.460 52.740 25.140 62.959 .496
-24.360 52.740 23.760 62.765 .496
-24.360 52.740 23.760 62.765 .507
-25.200 52.260 22.320 62.164 .507
-25.200 52.260 22.320 62.164 .488
-26.280 52.020 21.480 62.114 .488
-26.280 52.020 21.480 62.114 .468
-26.760 51.660 20.700 61.752 .556
-26.760 51.660 20.700 61.752 .556
-27.300 51.120 20.280 61.399 .504
-27.300 51.120 20.280 61.399 .504
-27.720 51.000 21.420 61.873 .562
-27.720 51.000 21.420 61.873 .562
-28.320 50.460 22.740 62.172 .549
-28.320 50.460 22.740 62.172 .549
-29.220 49.980 24.600 62.904 .556
-29.220 49.980 24.600 62.904 .506
-30.120 49.860 27.300 64.331 .506
-30.120 49.860 27.300 64.331 .610
-30.720 49.860 29.400 65.529 .610
-30.720 49.860 29.400 65.529 .590
-31.200 50.160 31.260 66.833 .590
-31.200 50.160 31.260 66.833 .603
-31.380 50.640 31.680 67.474 .603
-31.380 50.640 31.680 67.474 .634
-31.920 50.700 31.620 67.744 .636
-31.920 50.700 31.620 67.744 .636
-32.040 50.640 30.660 67.313 .568
-32.040 50.640 30.660 67.313 .568
-31.620 50.700 28.920 66.383 .626
-31.620 50.700 28.920 66.383 .626
-31.200 51.180 27.840 66.090 .582
-31.200 51.180 27.840 66.090 .573
-29.520 51.720 26.220 65.068 .573
-29.520 51.720 26.220 65.068 .585
-28.200 52.020 25.140 64.291 .585
-28.200 52.020 25.140 64.291 .555
-27.360 51.840 24.780 63.640 .555
-27.360 51.840 24.780 63.640 .463
-25.620 51.420 24.240 62.354 .463
-25.620 51.420 24.240 62.354 .550
-24.120 51.360 24.120 61.655 .463
-24.120 51.360 24.120 61.655 .463
-22.380 52.020 24.840 61.838 .411
-22.380 52.020 24.840 61.838 .411
-20.040 53.460 25.500 62.529 .425
-20.040 53.460 25.500 62.529 .425
-18.840 55.320 26.400 64.127 .373
-18.840 55.320 26.400 64.127 .373
-17.700 56.940 27.180 65.530 .334
-17.700 56.940 27.180 65.530 .369
-16.620 58.440 26.460 66.269 .369
-16.620 58.440 26.460 66.269 .282
-15.660 59.760 25.200 66.720 .282
-15.660 59.760 25.200 66.720 .275
-14.400 60.840 23.160 66.673 .275
-14.400 60.840 23.160 66.673 .270
-14.160 61.020 20.580 65.935 .270
-14.160 61.020 20.580 65.935 .261
-14.340 60.900 18.000 65.103 .226
-14.340 60.900 18.000 65.103 .226
-14.580 59.820 14.760 63.316 .261
-14.580 59.820 14.760 63.316 .261
-15.420 57.960 12.420 61.249 .273
-15.420 57.960 12.420 61.249 .273
-15.720 56.160 10.380 59.235 .277
-15.720 56.160 10.380 59.235 .289
-15.900 53.760 8.220 56.661 .288
-15.900 53.760 8.220 56.661 .300
-16.740 51.420 7.080 54.538 .300
-16.740 51.420 7.080 54.538 .314
-17.520 49.440 6.000 52.795 .314
-17.520 49.440 6.000 52.795 .352
-17.700 48.180 5.220 51.593 .352
-17.700 48.180 5.220 51.593 .360
-17.580 47.700 5.040 51.086 .365
-17.580 47.700 5.040 51.086 .365
-17.220 47.700 5.460 51.006 .353
-17.220 47.700 5.460 51.006 .353
-16.560 47.820 4.920 50.845 .349
-16.560 47.820 4.920 50.845 .349
-16.500 47.220 3.540 50.145 .333
-16.500 47.220 3.540 50.145 .333
-16.380 45.960 1.620 48.819 .348
-16.380 45.960 1.620 48.819 .346
-15.840 44.220 -1.140 46.985 .346
-15.840 44.220 -1.140 46.985 .356
-15.240 42.000 -3.600 44.824 .356
-15.240 42.000 -3.600 44.824 .348
-14.940 39.600 -4.800 42.596 .348
-14.940 39.600 -4.800 42.596 .353
-15.240 37.740 -4.740 40.976 .353
-15.240 37.740 -4.740 40.976 .387
-15.540 36.060 -3.540 39.425 .400
-15.540 36.060 -3.540 39.425 .400
-16.080 35.280 -1.440 38.798 .430
-16.080 35.280 -1.440 38.798 .430
-16.080 35.940 .840 39.382 .440
-16.080 35.940 .840 39.382 .440
-16.200 37.560 2.940 41.010 .412
-15.840 40.320 4.500 43.553 .384
-15.840 40.320 4.500 43.553 .384
-15.240 43.560 5.820 46.515 .379
-15.240 43.560 5.820 46.515 .379
-14.280 46.980 6.060 49.475 .343
-14.280 46.980 6.060 49.475 .343
-13.200 49.620 5.520 51.642 .305
-13.200 49.620 5.520 51.642 .305
-12.120 51.660 4.740 53.274 .269
-12.120 51.660 4.740 53.274 .234
-11.280 53.280 3.000 54.544 .234
-11.280 53.280 3.000 54.544 .214
-10.860 53.940 1.320 55.038 .214
-10.860 53.940 1.320 55.038 .203
-10.020 53.340 -.660 54.277 .203
-10.020 53.340 -.660 54.277 .187
-9.600 51.720 -2.340 52.655 .187
-9.600 51.720 -2.340 52.655 .186
-9.540 49.560 -3.480 50.590 .194
-9.540 49.560 -3.480 50.590 .194
-10.260 46.680 -3.780 47.943 .186
-10.260 46.680 -3.780 47.943 .186
-11.340 44.700 -2.580 46.188 .220
-11.340 44.700 -2.580 46.188 .220
-13.200 43.200 -1.140 45.186 .257
-13.200 43.200 -1.140 45.186 .257
-14.640 42.060 1.140 44.550 .300
-14.640 42.060 1.140 44.550 .346
-16.140 42.660 4.020 45.788 .346
-16.140 42.660 4.020 45.788 .391
-17.520 43.560 5.820 47.311 .391
-17.520 43.560 5.820 47.311 .385
-19.140 45.540 8.160 50.068 .385
-19.140 45.540 8.160 50.068 .420
-21.000 48.180 9.840 53.471 .420
-21.000 48.180 9.840 53.471 .433
-22.200 49.980 10.200 55.632 .422
-22.200 49.980 10.200 55.632 .422
-23.760 52.500 10.920 58.652 .443
-23.760 52.500 10.920 58.652 .443
-24.300 54.480 11.160 60.689 .481
-24.300 54.480 11.160 60.689 .481
-24.720 55.560 12.060 61.995 .434
-24.720 55.560 12.060 61.995 .447
-24.900 57.180 13.740 63.862 .447
-24.900 57.180 13.740 63.862 .441
-24.480 58.020 16.140 65.008 .441
-24.480 58.020 16.140 65.008 .399
-23.880 59.100 18.660 66.417 .399
-23.880 59.100 18.660 66.417 .427
-22.020 60.660 21.120 67.901 .427
-22.020 60.660 21.120 67.901 .410
-19.920 61.980 23.820 69.323 .328
-19.920 61.980 23.820 69.323 .328
-17.640 63.420 26.040 70.791 .292
-17.640 63.420 26.040 70.791 .292
-15.300 64.680 27.240 71.830 .318
-15.300 64.680 27.240 71.830 .318
-13.440 65.760 26.400 72.125 .203
-13.440 65.760 26.400 72.125 .203
-10.980 66.300 24.360 71.482 .226
-10.980 66.300 24.360 71.482 .200
-8.460 66.720 21.060 70.474 .200
-8.460 66.720 21.060 70.474 .132
-6.120 65.940 16.440 68.234 .132
-6.120 65.940 16.440 68.234 .101
-4.320 63.780 12.180 65.076 .101
-4.320 63.780 12.180 65.076 .078
-3.000 61.560 6.960 62.025 .078
-3.000 61.560 6.960 62.025 .041
-1.740 57.960 1.920 58.018 .032
-1.740 57.960 1.920 58.018 .032
-.420 54.540 -1.860 54.573 .006
-.420 54.540 -1.860 54.573 .006
1.260 51.060 -5.040 51.324 .005
1.260 51.060 -5.040 51.324 .005
2.700 47.880 -6.540 48.400 -.028
2.700 47.880 -6.540 48.400 -.061
4.020 45.840 -7.200 46.576 -.056
4.020 45.840 -7.200 46.576 -.073
5.880 45.060 -7.200 46.009 -.073
5.880 45.060 -7.200 46.009 -.133
6.600 45.660 -7.200 46.693 -.133
6.600 45.660 -7.200 46.693 -.153
7.620 47.040 -7.380 48.221 -.153
7.620 47.040 -7.380 48.221 -.169
8.220 48.900 -7.560 50.159 -.175
8.220 48.900 -7.560 50.159 -.175
8.040 50.280 -8.400 51.607 -.153
8.040 50.280 -8.400 51.607 -.153
8.520 51.240 -7.860 52.535 -.149
8.520 51.240 -7.860 52.535 -.149
8.400 51.540 -6.900 52.674 -.172
8.400 51.540 -6.900 52.674 -.172
8.100 51.240 -5.520 52.169 -.166
8.100 51.240 -5.520 52.169 -.151
7.380 51.360 -2.700 51.958 -.151
7.380 51.360 -2.700 51.958 -.145
7.140 52.200 .060 52.686 -.145
7.140 52.200 .060 52.686 -.138
6.360 53.640 3.180 54.109 -.138
6.360 53.640 3.180 54.109 -.122
5.880 55.860 6.000 56.488 -.122
5.880 55.860 6.000 56.488 -.107
5.400 58.140 7.380 58.855 -.104
5.400 58.140 7.380 58.855 -.104
4.380 60.720 8.280 61.438 -.041
4.380 60.720 8.280 61.438 -.041
2.640 62.460 7.440 62.957 -.035
2.640 62.460 7.440 62.957 -.035
-.120 63.960 5.880 64.230 -.040
-.120 63.960 5.880 64.230 -.040
-2.520 64.800 3.900 64.966 .003
-2.520 64.800 3.900 64.966 .040
-5.280 64.020 .720 64.241 .040
-5.280 64.020 .720 64.241 .084
-6.660 63.180 -1.680 63.552 .084
-6.660 63.180 -1.680 63.552 .107
-7.740 60.540 -4.620 61.207 .107
-7.740 60.540 -4.620 61.207 .122
-8.700 57.360 -6.780 58.411 .151
-8.700 57.360 -6.780 58.411 .151
-9.900 53.820 -7.980 55.302 .183
-9.900 53.820 -7.980 55.302 .183
-10.800 49.440 -8.280 51.279 .209
-10.800 49.440 -8.280 51.279 .209
-10.800 46.260 -6.840 47.994 .237
-10.800 46.260 -6.840 47.994 .237
-11.460 43.440 -4.260 45.128 .214
-11.460 43.440 -4.260 45.128 .257
-11.460 41.160 -1.320 42.746 .257
-11.460 41.160 -1.320 42.746 .272
-11.460 40.500 1.860 42.131 .272
-11.460 40.500 1.860 42.131 .275
-11.040 40.380 4.500 42.103 .275
-11.040 40.380 4.500 42.103 .284
-9.960 41.040 6.240 42.690 .284
-9.960 41.040 6.240 42.690 .234
-8.880 42.900 7.440 44.437 .217
-8.880 42.900 7.440 44.437 .217
-8.160 44.220 7.260 45.549 .200
-8.160 44.220 7.260 45.549 .200
-8.160 45.540 6.420 46.709 .186
-8.160 45.540 6.420 46.709 .186
-7.200 46.140 5.040 46.970 .157
-7.200 46.140 5.040 46.970 .157
-5.640 46.080 3.840 46.582 .162
-5.640 46.080 3.840 46.582 .116
-4.200 45.540 3.300 45.852 .116
-4.200 45.540 3.300 45.852 .093
-2.460 44.340 3.540 44.549 .093
-2.460 44.340 3.540 44.549 .062
-1.260 43.200 4.500 43.452 .062
-1.260 43.200 4.500 43.452 .033
-.540 42.120 6.120 42.566 .033
-.540 42.120 6.120 42.566 .020
.480 40.560 7.440 41.240 -.005
.480 40.560 7.440 41.240 -.005
.600 39.480 8.280 40.343 -.036
.600 39.480 8.280 40.343 -.036
1.020 38.340 9.480 39.508 .013
1.020 38.340 9.480 39.508 .013
.960 37.260 10.200 38.643 -.024
.960 37.260 10.200 38.643 -.024
.360 37.020 11.400 38.737 -.015
.360 37.020 11.400 38.737 -.011
.360 36.960 13.320 39.289 -.011
.360 36.960 13.320 39.289 -.020
-.120 37.080 14.940 39.977 -.020
-.120 37.080 14.940 39.977 -.042
-.420 38.280 17.160 41.952 -.042
-.420 38.280 17.160 41.952 .049
-.720 40.200 19.200 44.556 .038
-.720 40.200 19.200 44.556 .038
-1.620 42.840 20.760 47.633 .028
-1.620 42.840 20.760 47.633 .028
-2.940 46.260 22.440 51.499 .040
-2.940 46.260 22.440 51.499 .040
-3.840 49.620 22.860 54.767 .102
-3.840 49.620 22.860 54.767 .102
-5.040 52.560 23.100 57.633 .063
-5.040 52.560 23.100 57.633 .146
-5.520 55.260 22.260 59.830 .146
-5.520 55.260 22.260 59.830 .144
-6.960 56.940 20.520 60.924 .144
-6.960 56.940 20.520 60.924 .144
-8.760 57.540 17.940 60.905 .144
-8.760 57.540 17.940 60.905 .149
-10.380 57.060 14.580 59.801 .149
-10.380 57.060 14.580 59.801 .203
-12.360 55.800 12.120 58.423 .219
-12.360 55.800 12.120 58.423 .219
-13.620 54.480 9.180 56.902 .260
-13.620 54.480 9.180 56.902 .260
-16.020 52.620 7.320 55.490 .318
-16.020 52.620 7.320 55.490 .318
-18.180 51.120 6.000 54.587 .349
-18.180 51.120 6.000 54.587 .349
-19.920 50.100 4.980 54.144 .377
-19.920 50.100 4.980 54.144 .394
-20.640 48.840 5.700 53.328 .394
-20.640 48.840 5.700 53.328 .410
-20.280 48.420 6.900 52.947 .410
-20.280 48.420 6.900 52.947 .405
-19.620 48.120 8.940 52.730 .405
-19.620 48.120 8.940 52.730 .419
-18.840 48.060 10.680 52.714 .419
-18.840 48.060 10.680 52.714 .395
-18.540 48.480 11.460 53.154 .362
-18.540 48.480 11.460 53.154 .362
-17.220 48.360 11.580 52.624 .377
-17.220 48.360 11.580 52.624 .377
-15.840 48.480 10.560 52.084 .314
-15.840 48.480 10.560 52.084 .314
-14.640 48.060 8.760 50.998 .319
-14.640 48.060 8.760 50.998 .319
-13.320 47.820 6.960 50.126 .293
-13.020 48.060 4.920 50.035 .281
-13.020 48.060 4.920 50.035 .281
-11.640 48.000 2.640 49.462 .267
-11.640 48.000 2.640 49.462 .267
-10.140 47.940 .720 49.006 .244
-10.140 47.940 .720 49.006 .244
-9.060 48.240 -.960 49.093 .210
-9.060 48.240 -.960 49.093 .183
-7.860 48.480 -1.860 49.148 .183
-7.860 48.480 -1.860 49.148 .154
-7.440 49.020 -1.680 49.610 .154
-7.440 49.020 -1.680 49.610 .148
-7.500 49.440 -.360 50.007 .148
-7.500 49.440 -.360 50.007 .151
-7.080 49.620 1.200 50.137 .151
-7.080 49.620 1.200 50.137 .146
-7.020 50.100 3.000 50.678 .136
-7.020 50.100 3.000 50.678 .136
-6.840 50.640 4.620 51.308 .145
-6.840 50.640 4.620 51.308 .145
-7.320 51.420 5.160 52.194 .142
-7.320 51.420 5.160 52.194 .142
-8.160 51.960 4.980 52.832 .145
-8.160 51.960 4.980 52.832 .145
-7.980 51.660 3.900 52.418 .157
-7.980 51.660 3.900 52.418 .162
-8.160 51.060 2.040 51.748 .162
-8.160 51.060 2.040 51.748 .159
-8.220 49.740 -.360 50.416 .159
-8.220 49.740 -.360 50.416 .164
-8.580 48.180 -2.820 49.019 .164
-8.580 48.180 -2.820 49.019 .170
-9.180 46.980 -5.100 48.139 .170
-9.180 46.980 -5.100 48.139 .190
-10.260 46.080 -6.840 47.701 .227
-10.260 46.080 -6.840 47.701 .227
-10.680 45.660 -8.400 47.639 .224
-10.680 45.660 -8.400 47.639 .224
-11.520 46.020 -9.120 48.309 .229
-11.520 46.020 -9.120 48.309 .229
-13.260 46.500 -9.720 49.321 .249
-13.260 46.500 -9.720 49.321 .263
-15.060 46.440 -9.840 49.803 .263
-15.060 46.440 -9.840 49.803 .301
-17.700 46.020 -9.660 50.244 .301
-17.700 46.020 -9.660 50.244 .385
-19.440 45.360 -9.480 50.252 .385
-19.440 45.360 -9.480 50.252 .390
-21.060 44.700 -8.880 50.204 .390
-21.060 44.700 -8.880 50.204 .438
-22.920 44.400 -8.280 50.648 .478
-22.920 44.400 -8.280 50.648 .478
-24.960 44.160 -6.900 51.193 .482
-24.960 44.160 -6.900 51.193 .482
-26.940 44.280 -4.800 52.053 .507
-26.940 44.280 -4.800 52.053 .507
-29.040 44.520 -2.940 53.235 .550
-29.040 44.520 -2.940 53.235 .550
-30.540 45.300 -.240 54.634 .588
-30.540 45.300 -.240 54.634 .599
-31.920 47.340 3.060 57.178 .599
-31.920 47.340 3.060 57.178 .592
-33.360 48.780 5.760 59.376 .592
-33.360 48.780 5.760 59.376 .613
-34.680 51.120 9.480 62.497 .613
-34.680 51.120 9.480 62.497 .628
-36.120 52.680 12.360 65.058 .628
-36.120 52.680 12.360 65.058 .602
-36.960 53.640 15.060 66.859 .620
-36.960 53.640 15.060 66.859 .620
-37.140 55.320 17.700 68.942 .626
-37.140 55.320 17.700 68.942 .626
-36.660 56.340 20.220 70.193 .615
-36.660 56.340 20.220 70.193 .615
-36.540 57.000 23.640 71.715 .608
-36.540 57.000 23.640 71.715 .608
-35.880 57.480 26.880 72.896 .638
-35.880 57.480 26.880 72.896 .571
-35.340 57.240 30.360 73.804 .571
-35.340 57.240 30.360 73.804 .596
-33.900 57.420 33.540 74.640 .596
-33.900 57.420 33.540 74.640 .566
-31.440 58.440 35.340 75.184 .566
-31.440 58.440 35.340 75.184 .613
-28.740 59.520 36.480 75.494 .515
-28.740 59.520 36.480 75.494 .516
-25.020 60.900 36.900 75.475 .418
-25.020 60.900 36.900 75.475 .418
-22.200 61.800 36.240 75.003 .314
-22.200 61.800 36.240 75.003 .314
-19.020 61.680 35.160 73.501 .382
-19.020 61.680 35.160 73.501 .382
-15.300 61.200 33.300 71.333 .295
-15.300 61.200 33.300 71.333 .232
-12.840 59.520 29.940 67.852 .232
-12.840 59.520 29.940 67.852 .228
-10.320 56.220 25.500 62.589 .228
-10.320 56.220 25.500 62.589 .216
-8.760 52.980 20.580 57.508 .216
-8.760 52.980 20.580 57.508 .140
-7.860 49.320 14.640 52.044 .140
-7.860 49.320 14.640 52.044 .163
-6.600 45.780 9.600 47.239 .200
-6.600 45.780 9.600 47.239 .122
-6.120 43.140 4.860 43.842 .122
-6.120 43.140 4.860 43.842 .155
-5.880 40.740 1.020 41.175 .155
-5.880 40.740 1.020 41.175 .148
-6.420 39.420 -1.140 39.956 .148
-6.420 39.420 -1.140 39.956 .164
-7.860 38.760 -2.700 39.641 .164
-7.860 38.760 -2.700 39.641 .199
-8.760 38.460 -3.540 39.604 .222
-8.760 38.460 -3.540 39.604 .222
-9.300 38.760 -4.140 40.075 .233
-9.300 38.760 -4.140 40.075 .233
-9.180 39.180 -4.560 40.499 .238
-9.180 39.180 -4.560 40.499 .238
-9.360 39.540 -5.400 40.990 .225
-9.360 39.540 -5.400 40.990 .227
-10.080 40.320 -6.180 42.018 .231
-10.080 40.320 -6.180 42.018 .249
-11.700 42.000 -6.180 44.035 .249
-11.700 42.000 -6.180 44.035 .268
-13.020 43.380 -6.360 45.736 .268
-13.020 43.380 -6.360 45.736 .279
-13.920 45.000 -6.120 47.500 .279
-13.920 45.000 -6.120 47.500 .294
