X Y Z F A
-4.920 11.160 53.460 54.834 .000
-4.260 11.400 53.340 54.711 .620
-4.260 11.400 53.340 54.711 .544
-4.260 11.400 53.340 54.711 .544
-3.840 11.700 53.220 54.626 .481
-3.900 11.520 53.340 54.709 .481
-3.900 11.520 53.340 54.709 .545
-4.080 11.160 53.520 54.823 .545
-4.080 11.160 53.520 54.823 .599
-4.260 11.040 53.100 54.403 .599
-4.260 11.040 53.100 54.403 .558
-4.200 10.800 53.040 54.291 .575
-4.200 10.800 53.040 54.291 .572
-4.080 10.620 53.100 54.305 .646
-4.080 10.620 53.100 54.305 .646
-3.540 10.500 52.620 53.774 1.144
-3.540 10.500 52.620 53.774 1.144
-3.480 10.500 52.440 53.594 1.760
-3.480 10.500 52.440 53.594 1.760
-3.120 10.560 52.080 53.231 1.508
-3.120 10.560 52.080 53.231 1.293
-2.640 10.920 51.120 52.340 1.293
-2.640 10.920 51.120 52.340 .555
-2.400 10.680 50.040 51.223 .555
-2.400 10.680 50.040 51.223 .384
-1.740 9.840 48.900 49.911 .384
-1.740 9.840 48.900 49.911 1.002
-1.200 9.000 47.100 47.967 1.002
-1.200 9.000 47.100 47.967 .558
-.420 7.440 45.180 45.790 .945
-.420 7.440 45.180 45.790 .945
1.320 5.820 43.200 43.610 1.841
1.320 5.820 43.200 43.610 1.841
2.640 4.740 41.340 41.695 .438
2.640 4.740 41.340 41.695 .438
3.540 3.480 39.360 39.672 -1.157
3.540 3.480 39.360 39.672 -1.157
4.260 3.120 37.740 38.108 1.095
4.260 3.120 37.740 38.108 -2.101
3.720 3.720 35.400 35.789 -2.101
3.720 3.720 35.400 35.789 -.498
3.540 4.440 32.820 33.308 -.498
3.540 4.440 32.820 33.308 -.815
3.600 5.400 30.780 31.457 -.815
3.600 5.400 30.780 31.457 -1.846
2.940 7.440 28.500 29.601 -.285
2.940 7.440 28.500 29.601 -1.112
2.400 9.300 27.180 28.827 -.375
2.400 9.300 27.180 28.827 -.375
1.260 11.340 26.640 28.981 -.509
1.260 11.340 26.640 28.981 -.509
-.840 13.440 26.580 29.797 .514
-.840 13.440 26.580 29.797 .514
-3.060 13.440 27.420 30.690 .222
-3.060 13.440 27.420 30.690 .728
-4.740 12.600 28.260 31.303 .728
-4.740 12.600 28.260 31.303 .609
-6.840 11.160 29.340 32.127 .609
-6.840 11.160 29.340 32.127 .493
-7.620 8.460 30.720 32.762 .493
-7.620 8.460 30.720 32.762 1.340
-9.000 6.420 31.560 33.440 1.340
-9.000 6.420 31.560 33.440 1.745
-10.800 5.040 33.180 35.256 1.105
-10.800 5.040 33.180 35.256 1.105
-12.960 3.180 35.220 37.663 1.867
-12.960 3.180 35.220 37.663 1.867
-15.540 2.820 37.320 40.524 1.628
-15.540 2.820 37.320 40.524 1.628
-17.160 3.180 39.900 43.550 1.587
-17.160 3.180 39.900 43.550 1.587
-19.380 3.540 42.120 46.500 1.571
-19.380 3.540 42.120 46.500 1.832
-20.820 4.620 44.280 49.148 1.832
-20.820 4.620 44.280 49.148 1.864
-22.260 5.160 45.600 51.005 1.864
-22.260 5.160 45.600 51.005 1.311
-22.680 4.260 46.200 51.643 1.311
-22.680 4.260 46.200 51.643 1.804
-22.560 2.880 45.840 51.172 1.742
-22.560 2.880 45.840 51.172 1.742
-21.660 1.260 44.400 49.418 1.899
-21.660 1.260 44.400 49.418 1.899
-20.100 -.420 42.300 46.835 1.906
-20.100 -.420 42.300 46.835 1.906
-19.020 -.900 40.260 44.536 1.766
-19.020 -.900 40.260 44.536 1.766
-16.980 -1.080 38.700 42.275 1.952
-16.980 -1.080 38.700 42.275 1.952
-14.160 -1.080 37.740 40.323 2.094
-14.160 -1.080 37.740 40.323 2.148
-11.520 -.420 37.500 39.232 2.148
-11.520 -.420 37.500 39.232 1.595
-8.640 -.480 37.500 38.485 1.595
-8.640 -.480 37.500 38.485 2.132
-6.180 .480 37.440 37.950 2.132
-6.180 .480 37.440 37.950 2.336
-5.220 1.980 36.660 37.083 .887
-5.220 1.980 36.660 37.083 .887
-3.660 3.120 36.180 36.498 1.630
-3.660 3.120 36.180 36.498 1.630
-2.400 4.740 35.820 36.212 2.008
-2.400 4.740 35.820 36.212 2.008
-1.500 5.820 34.920 35.433 -2.546
-1.500 5.820 34.920 35.433 -2.546
.600 6.660 34.380 35.024 -1.332
.600 6.660 34.380 35.024 -2.043
1.500 7.800 33.660 34.584 -2.043
1.500 7.800 33.660 34.584 -.361
2.880 9.120 32.880 34.243 -.361
2.880 9.120 32.880 34.243 -1.393
4.800 9.900 32.580 34.388 -1.393
4.800 9.900 32.580 34.388 -.821
6.180 10.620 32.940 35.157 -.821
6.180 10.620 32.940 35.157 -.503
8.580 11.160 32.760 35.656 -.541
8.580 11.160 32.760 35.656 -.541
10.860 11.400 32.340 35.969 -.879
10.860 11.400 32.340 35.969 -.879
12.420 11.820 31.500 35.864 -1.019
12.420 11.820 31.500 35.864 -1.019
14.640 12.480 29.520 35.235 -.554
14.640 12.480 29.520 35.235 -.554
16.860 11.880 27.720 34.551 -1.117
16.860 11.880 27.720 34.551 -1.139
18.720 11.460 25.320 33.509 -1.139
18.720 11.460 25.320 33.509 -1.227
21.720 11.220 22.260 33.063 -1.227
21.720 11.220 22.260 33.063 -1.134
23.760 10.380 18.840 32.050 -1.134
23.760 10.380 18.840 32.050 -1.251
25.200 10.260 14.880 31.012 -1.332
25.200 10.260 14.880 31.012 -1.332
27.600 9.480 10.860 31.138 -1.225
27.600 9.480 10.860 31.138 -1.225
28.980 7.440 7.860 30.935 -1.371
28.980 7.440 7.860 30.935 -1.371
31.020 5.460 5.160 31.917 -1.418
31.020 5.460 5.160 31.917 -1.403
33.540 3.120 2.640 33.788 -1.403
33.540 3.120 2.640 33.788 -1.496
34.560 -.660 1.560 34.601 -1.496
34.560 -.660 1.560 34.601 -1.590
34.080 -3.960 1.320 34.335 -1.590
34.080 -3.960 1.320 34.335 -1.677
31.740 -8.640 1.980 32.954 -1.677
31.740 -8.640 1.980 32.954 -1.866
29.100 -12.720 5.040 32.156 -1.993
29.100 -12.720 5.040 32.156 -1.993
26.880 -14.880 7.920 31.728 -2.050
26.880 -14.880 7.920 31.728 -2.050
25.020 -16.860 11.040 32.127 -2.192
25.020 -16.860 11.040 32.127 -2.192
24.300 -17.760 15.600 33.901 -2.236
24.300 -17.760 15.600 33.901 -2.236
22.500 -18.180 18.480 34.326 -2.277
22.500 -18.180 18.480 34.326 -2.235
20.820 -18.780 22.320 35.838 -2.235
20.820 -18.780 22.320 35.838 -2.358
19.980 -18.420 25.920 37.555 -2.358
19.980 -18.420 25.920 37.555 -2.426
18.840 -16.860 27.660 37.474 -2.426
18.840 -16.860 27.660 37.474 -2.230
18.480 -15.600 29.520 38.162 -2.230
18.480 -15.600 29.520 38.162 -2.411
16.800 -13.920 30.540 37.533 -2.255
16.800 -13.920 30.540 37.533 -2.255
15.780 -12.000 31.080 36.864 -2.648
15.780 -12.000 31.080 36.864 -2.648
15.360 -10.980 31.980 37.138 -2.420
15.360 -10.980 31.980 37.138 -2.420
14.760 -9.180 32.820 37.139 -2.171
14.760 -9.180 32.820 37.139 -2.171
15.180 -7.320 33.240 37.268 -1.971
15.180 -7.320 33.240 37.268 -2.347
14.820 -5.760 34.020 37.552 -2.347
14.820 -5.760 34.020 37.552 -2.032
13.560 -3.840 34.560 37.323 -2.032
13.560 -3.840 34.560 37.323 -1.688
13.200 -2.220 35.760 38.183 -1.688
13.200 -2.220 35.760 38.183 -1.881
12.540 -1.080 37.560 39.613 -1.881
12.540 -1.080 37.560 39.613 -2.068
12.900 -.060 39.120 41.192 -1.955
12.900 -.060 39.120 41.192 -1.955
13.380 .540 41.220 43.341 -1.804
13.380 .540 41.220 43.341 -1.804
12.660 1.020 43.320 45.144 -2.142
12.660 1.020 43.320 45.144 -2.142
12.420 1.200 44.340 46.062 -1.840
12.420 1.200 44.340 46.062 -1.840
11.820 1.560 46.080 47.597 -2.382
12.000 2.160 48.120 49.641 -2.222
12.000 2.160 48.120 49.641 -2.222
12.480 2.640 49.500 51.117 -1.771
12.480 2.640 49.500 51.117 -1.771
12.660 3.840 51.660 53.327 -1.209
12.660 3.840 51.660 53.327 -1.209
13.080 5.220 53.340 55.168 -1.841
13.080 5.220 53.340 55.168 -1.713
12.780 6.480 53.820 55.695 -1.713
12.780 6.480 53.820 55.695 -.584
13.200 7.320 54.480 56.532 -.584
13.200 7.320 54.480 56.532 -1.265
13.680 7.800 53.880 56.134 -1.265
13.680 7.800 53.880 56.134 -1.459
13.860 7.560 52.020 54.363 -1.459
13.860 7.560 52.020 54.363 -.944
14.280 7.200 51.300 53.735 -1.496
14.280 7.200 51.300 53.735 -1.496
14.280 6.720 49.320 51.784 -1.594
14.280 6.720 49.320 51.784 -1.594
-13.440 7.500 28.080 32.021 -1.773
-13.440 7.500 28.080 32.021 -1.773
-13.080 6.480 27.300 30.957 .938
-13.080 6.480 27.300 30.957 .938
-12.660 5.460 25.320 28.830 1.346
-12.660 5.460 25.320 28.830 1.383
-12.660 4.560 24.060 27.567 1.383
-12.660 4.560 24.060 27.567 1.120
-12.480 3.420 23.100 26.477 1.120
-12.480 3.420 23.100 26.477 1.445
-12.600 2.100 22.080 25.509 1.445
-12.600 2.100 22.080 25.509 1.499
-21.000 .840 15.600 26.174 1.613
-21.000 .840 15.600 26.174 1.586
-19.800 -.480 14.760 24.701 1.697
-19.800 -.480 14.760 24.701 1.697
-19.080 -.840 13.740 23.527 1.680
-19.080 -.840 13.740 23.527 1.680
-18.180 -1.140 13.320 22.566 1.605
-18.180 -1.140 13.320 22.566 1.605
-17.280 -2.100 12.900 21.666 1.675
-17.280 -2.100 12.900 21.666 1.675
-17.640 -2.340 12.780 21.908 1.771
-17.640 -2.340 12.780 21.908 1.730
-18.060 -3.300 13.080 22.542 1.730
-18.060 -3.300 13.080 22.542 1.857
-18.540 -3.600 12.960 22.905 1.857
-18.540 -3.600 12.960 22.905 1.763
-19.800 -3.240 13.500 24.182 1.763
-19.800 -3.240 13.500 24.182 1.688
-20.460 -3.540 14.700 25.441 1.787
-20.460 -3.540 14.700 25.441 1.787
-22.020 -3.600 15.900 27.398 1.784
-22.020 -3.600 15.900 27.398 1.784
-23.280 -4.260 17.100 29.198 1.626
-23.280 -4.260 17.100 29.198 1.626
-23.880 -4.920 19.020 30.923 1.843
-23.880 -4.920 19.020 30.923 1.843
-24.840 -5.520 20.580 32.727 1.888
-24.840 -5.520 20.580 32.727 1.692
-24.960 -6.000 22.140 33.900 1.692
-24.960 -6.000 22.140 33.900 1.976
-25.680 -5.460 24.360 35.815 1.976
-25.680 -5.460 24.360 35.815 1.880
-27.240 -4.380 25.560 37.610 1.880
-27.240 -4.380 25.560 37.610 1.824
-28.200 -2.400 27.180 39.240 1.824
-28.200 -2.400 27.180 39.240 1.640
-29.220 .420 28.620 40.903 1.710
-29.220 .420 28.620 40.903 1.710
-29.520 3.720 29.640 41.998 1.511
-29.520 3.720 29.640 41.998 1.511
-29.100 6.960 30.300 42.583 1.552
-29.100 6.960 30.300 42.583 1.552
-29.100 9.960 30.180 43.091 1.419
-29.100 9.960 30.180 43.091 1.419
-28.980 12.360 29.880 43.421 1.373
-28.980 12.360 29.880 43.421 1.139
-28.980 13.740 29.100 43.306 1.139
-28.980 13.740 29.100 43.306 1.271
-28.980 14.460 29.040 43.500 1.271
-28.980 14.460 29.040 43.500 1.259
-28.620 14.520 28.800 43.120 1.259
-28.620 14.520 28.800 43.120 1.019
-28.380 13.620 28.620 42.544 1.019
-28.380 13.620 28.620 42.544 1.298
-28.740 12.120 28.800 42.454 1.217
-28.740 12.120 28.800 42.454 1.217
-28.680 10.500 28.620 41.856 1.264
-28.680 10.500 28.620 41.856 1.264
-29.040 7.860 29.220 41.939 1.375
-29.040 7.860 29.220 41.939 1.375
-29.400 5.700 29.580 42.093 1.360
-29.400 5.700 29.580 42.093 1.360
-29.040 3.240 30.000 41.879 1.425
-29.040 3.240 30.000 41.879 1.537
-28.980 .660 30.300 41.933 1.537
-28.980 .660 30.300 41.933 1.784
-28.800 -1.080 29.400 41.170 1.784
-28.800 -1.080 29.400 41.170 1.721
-27.840 -2.940 28.680 40.078 1.721
-27.840 -2.940 28.680 40.078 1.899
-27.180 -4.320 28.140 39.361 1.899
-27.180 -4.320 28.140 39.361 1.801
-25.620 -5.100 27.540 37.958 1.830
-25.620 -5.100 27.540 37.958 1.830
-23.520 -5.460 26.880 36.132 1.919
-23.520 -5.460 26.880 36.132 1.919
-21.780 -5.160 26.040 34.338 2.143
-21.780 -5.160 26.040 34.338 2.143
-19.020 -4.140 24.480 31.276 1.600
-19.020 -4.140 24.480 31.276 1.600
-16.320 -2.580 23.760 28.940 1.977
-16.320 -2.580 23.760 28.940 1.833
-14.040 -1.500 23.820 27.691 1.833
-14.040 -1.500 23.820 27.691 1.518
-11.520 -.360 24.660 27.220 1.518
-11.520 -.360 24.660 27.220 1.831
-9.420 .840 26.160 27.817 1.831
-9.420 .840 26.160 27.817 2.036
-7.740 1.920 27.420 28.556 2.036
-7.740 1.920 27.420 28.556 1.271
-5.820 3.180 29.220 29.963 1.120
-5.820 3.180 29.220 29.963 1.120
-4.140 4.440 30.840 31.432 1.459
-4.140 4.440 30.840 31.432 1.459
-2.940 5.460 31.920 32.517 .219
-2.940 5.460 31.920 32.517 .219
-1.560 6.540 32.520 33.208 -.627
-1.560 6.540 32.520 33.208 -.627
-.540 7.200 31.920 32.726 -.571
-.540 7.200 31.920 32.726 .278
.120 8.040 30.840 31.871 .278
.120 8.040 30.840 31.871 -.019
.540 8.880 29.940 31.234 -.019
.540 8.880 29.940 31.234 -1.051
.240 9.300 28.620 30.094 -1.051
.240 9.300 28.620 30.094 .109
-.540 9.960 27.660 29.404 .109
-.540 9.960 27.660 29.404 -.977
-1.860 10.020 26.520 28.411 .247
-1.860 10.020 26.520 28.411 .247
-3.480 8.880 24.900 26.664 .467
-3.480 8.880 24.900 26.664 .467
-5.160 7.980 23.700 25.534 .277
-5.160 7.980 23.700 25.534 .277
-6.180 7.500 22.500 24.509 .804
-6.180 7.500 22.500 24.509 .804
-6.960 7.320 21.600 23.845 .735
-6.960 7.320 21.600 23.845 .488
-7.680 7.500 21.000 23.585 .488
-7.680 7.500 21.000 23.585 1.011
-8.460 7.680 20.640 23.592 1.011
-8.460 7.680 20.640 23.592 .826
-9.840 7.380 19.560 23.106 .826
-9.840 7.380 19.560 23.106 .953
-10.980 6.840 18.060 22.215 .953
-10.980 6.840 18.060 22.215 1.246
-12.060 6.600 16.560 21.523 1.119
-12.060 6.600 16.560 21.523 1.119
-12.900 5.820 14.820 20.492 1.084
-12.900 5.820 14.820 20.492 1.084
-13.680 5.100 13.320 19.763 1.317
-13.680 5.100 13.320 19.763 1.317
-15.000 4.560 12.300 19.927 1.260
-15.000 4.560 12.300 19.927 1.322
-16.080 4.200 11.340 20.120 1.201
-16.080 4.200 11.340 20.120 1.392
-17.520 3.960 10.500 20.806 1.392
-17.520 3.960 10.500 20.806 1.427
-18.720 4.020 9.600 21.419 1.427
-18.720 4.020 9.600 21.419 1.281
-19.320 3.960 8.940 21.653 1.281
-19.320 3.960 8.940 21.653 1.420
-20.340 4.320 8.220 22.359 1.392
-20.340 4.320 8.220 22.359 1.392
-21.660 5.340 7.440 23.516 1.289
-21.660 5.340 7.440 23.516 1.289
-23.280 5.700 7.440 25.096 1.357
-23.280 5.700 7.440 25.096 1.357
-25.140 6.840 7.500 27.112 1.375
-25.140 6.840 7.500 27.112 1.375
-26.640 7.740 7.560 28.753 1.275
-26.640 7.740 7.560 28.753 1.277
-27.180 8.220 7.620 29.400 1.277
-27.180 8.220 7.620 29.400 1.295
-27.840 9.120 7.500 30.241 1.295
-27.840 9.120 7.500 30.241 1.296
-28.740 9.300 7.200 31.053 1.296
-28.740 9.300 7.200 31.053 1.237
-28.860 9.180 7.260 31.143 1.237
-28.860 9.180 7.260 31.143 1.293
-28.920 8.700 7.560 31.132 1.345
-28.920 8.700 7.560 31.132 1.345
-28.860 7.920 7.740 30.912 1.275
-28.860 7.920 7.740 30.912 1.275
-28.500 6.900 8.760 30.604 1.370
-28.500 6.900 8.760 30.604 1.370
-28.980 6.120 9.600 31.136 1.343
-28.980 6.120 9.600 31.136 1.343
-29.100 4.980 11.160 31.562 1.362
-29.100 4.980 11.160 31.562 1.470
-28.620 4.620 13.740 32.082 1.470
-28.620 4.620 13.740 32.082 1.472
-27.720 4.500 15.660 32.154 1.472
-27.720 4.500 15.660 32.154 1.441
-26.280 4.260 18.060 32.171 1.441
-26.280 4.260 18.060 32.171 1.523
-25.380 4.740 20.460 32.943 1.523
-25.380 4.740 20.460 32.943 1.444
-25.080 4.440 22.980 34.305 1.407
-25.080 4.440 22.980 34.305 1.407
-24.180 4.020 26.580 36.157 1.526
-24.180 4.020 26.580 36.157 1.526
-23.580 3.180 30.180 38.431 1.647
-23.580 3.180 30.180 38.431 1.647
-22.560 1.320 33.300 40.244 1.438
-22.560 1.320 33.300 40.244 1.748
-21.540 -1.320 35.700 41.716 1.748
-21.540 -1.320 35.700 41.716 1.982
-21.000 -4.260 36.120 41.998 1.982
-21.000 -4.260 36.120 41.998 1.924
-19.740 -7.260 36.480 42.109 1.924
-19.740 -7.260 36.480 42.109 2.305
-18.600 -9.960 35.940 41.675 2.305
-18.600 -9.960 35.940 41.675 2.050
-16.740 -11.700 34.080 39.731 2.647
-16.740 -11.700 34.080 39.731 2.647
-15.420 -12.840 31.800 37.602 2.438
-15.420 -12.840 31.800 37.602 2.438
-14.880 -13.440 28.500 34.847 2.526
-14.880 -13.440 28.500 34.847 2.526
-14.040 -13.320 24.960 31.584 2.330
-14.040 -13.320 24.960 31.584 2.330
-13.380 -12.840 22.500 29.157 2.608
-13.380 -12.840 22.500 29.157 2.437
-12.240 -12.300 20.640 26.965 2.437
-12.240 -12.300 20.640 26.965 2.431
-11.340 -11.400 19.320 25.136 2.431
-11.340 -11.400 19.320 25.136 2.508
-10.980 -9.900 18.240 23.479 2.508
-10.980 -9.900 18.240 23.479 2.538
-11.520 -7.800 16.440 21.537 2.538
-11.520 -7.800 16.440 21.537 2.073
-12.900 -5.340 15.060 20.536 2.157
-12.900 -5.340 15.060 20.536 2.157
-13.560 -2.520 12.780 18.803 1.825
-13.560 -2.520 12.780 18.803 1.825
-14.640 .420 11.700 18.746 1.404
-14.640 .420 11.700 18.746 1.404
-15.180 2.400 10.800 18.784 1.488
-15.180 2.400 10.800 18.784 1.488
-15.480 3.000 10.140 18.747 1.495
-15.480 3.000 10.140 18.747 1.274
-16.380 2.580 10.500 19.627 1.274
-16.380 2.580 10.500 19.627 1.499
-16.860 .300 10.260 19.739 1.499
-16.860 .300 10.260 19.739 1.600
-17.160 -2.580 10.500 20.282 1.600
-17.160 -2.580 10.500 20.282 1.734
-17.220 -5.460 10.800 21.047 1.976
-17.220 -5.460 10.800 21.047 1.976
-16.860 -8.400 10.860 21.743 2.109
-16.860 -8.400 10.860 21.743 2.109
-17.220 -11.280 10.620 23.164 2.217
-17.220 -11.280 10.620 23.164 2.217
-15.420 -13.260 10.320 22.806 2.264
-15.420 -13.260 10.320 22.806 2.264
-11.220 -13.920 9.480 20.237 2.481
-11.220 -13.920 9.480 20.237 2.451
-5.580 -12.720 7.800 15.930 2.451
-5.580 -12.720 7.800 15.930 2.665
2.460 -8.760 6.420 11.136 2.665
2.460 -8.760 6.420 11.136 -2.991
10.080 -2.100 5.040 11.464 -2.991
10.080 -2.100 5.040 11.464 -1.807
15.720 8.040 3.780 18.057 -1.807
15.720 8.040 3.780 18.057 -1.121
19.260 20.460 3.600 28.329 -.743
19.260 20.460 3.600 28.329 -.743
19.620 32.820 3.900 38.436 -.554
19.620 32.820 3.900 38.436 -.554
17.880 44.100 5.040 47.853 -.393
17.880 44.100 5.040 47.853 -.393
15.180 51.720 6.960 54.349 -.314
15.180 51.720 6.960 54.349 -.314
12.840 55.560 10.080 57.908 -.247
12.840 55.560 10.080 57.908 -.241
11.640 57.060 13.440 59.766 -.241
11.640 57.060 13.440 59.766 -.217
10.560 56.700 16.440 59.972 -.217
10.560 56.700 16.440 59.972 -.172
9.600 56.040 19.620 60.146 -.172
9.600 56.040 19.620 60.146 -.203
8.400 55.380 22.200 60.252 -.203
8.400 55.380 22.200 60.252 -.171
6.960 54.360 24.300 59.949 -.158
5.880 52.860 26.580 59.458 -.158
5.880 52.860 26.580 59.458 -.104
5.160 49.980 28.260 57.648 -.104
5.160 49.980 28.260 57.648 -.170
4.980 46.380 28.800 54.821 -.170
4.980 46.380 28.800 54.821 -.081
4.860 42.900 29.220 52.133 -.060
4.860 42.900 29.220 52.133 -.036
4.800 38.940 27.600 47.970 -.095
4.800 38.940 27.600 47.970 -.095
4.500 36.360 25.800 44.810 -.185
4.500 36.360 25.800 44.810 -.185
4.260 34.320 23.880 42.027 -.241
4.260 34.320 23.880 42.027 -.241
4.200 33.000 21.240 39.469 -.191
4.200 33.000 21.240 39.469 -.187
3.540 33.120 19.500 38.597 -.187
3.540 33.120 19.500 38.597 -.085
3.120 33.360 17.760 37.922 -.085
3.120 33.360 17.760 37.922 -.018
2.280 34.680 16.200 38.345 -.018
2.280 34.680 16.200 38.345 -.062
1.260 36.660 15.240 39.722 -.062
1.260 36.660 15.240 39.722 -.058
.900 38.940 14.820 41.675 -.075
.900 38.940 14.820 41.675 -.075
.540 40.920 15.120 43.627 -.062
.540 40.920 15.120 43.627 -.062
.540 42.060 15.840 44.947 -.026
.540 42.060 15.840 44.947 -.026
.840 42.300 16.740 45.500 .002
.840 42.300 16.740 45.500 .002
.600 42.120 17.760 45.715 .025
.600 42.120 17.760 45.715 -.003
.000 41.820 18.660 45.794 -.003
.000 41.820 18.660 45.794 -.028
-.420 41.820 19.800 46.272 -.028
-.420 41.820 19.800 46.272 -.027
-.600 40.980 21.360 46.217 -.027
-.600 40.980 21.360 46.217 -.023
-.720 39.420 23.640 45.971 -.057
-.720 39.420 23.640 45.971 -.057
-.540 37.800 25.200 45.433 .031
-.540 37.800 25.200 45.433 .031
-.600 35.460 26.340 44.177 .039
-.600 35.460 26.340 44.177 .039
-1.500 33.660 27.360 43.403 -.029
-1.500 33.660 27.360 43.403 -.029
-1.860 32.460 27.360 42.493 -.022
-1.860 32.460 27.360 42.493 -.111
-2.040 30.900 27.900 41.682 -.111
-2.040 30.900 27.900 41.682 -.012
-2.580 29.280 28.500 40.942 -.012
-2.580 29.280 28.500 40.942 .080
-2.520 27.480 28.740 39.843 .080
-2.520 27.480 28.740 39.843 .057
-2.940 25.980 28.260 38.500 .057
-2.940 25.980 28.260 38.500 .250
-3.420 24.900 28.080 37.685 .157
-3.420 24.900 28.080 37.685 .157
-3.180 24.660 27.000 36.705 .145
-3.180 24.660 27.000 36.705 .145
-3.000 24.960 25.980 36.152 -.027
-3.000 24.960 25.980 36.152 -.027
-2.820 25.260 26.280 36.560 -.006
-2.820 25.260 26.280 36.560 -.006
-2.820 26.040 25.800 36.765 .068
-2.820 26.040 25.800 36.765 .121
-2.760 27.600 25.920 37.963 .121
-2.760 27.600 25.920 37.963 .175
-2.580 29.940 25.980 39.724 .175
-2.580 29.940 25.980 39.724 .120
-2.580 32.280 25.200 41.033 .120
-2.580 32.280 25.200 41.033 -.048
-2.400 35.160 25.200 43.325 -.048
-2.400 35.160 25.200 43.325 .083
-2.220 37.380 25.200 45.136 .061
-2.220 37.380 25.200 45.136 .061
-2.160 38.820 25.440 46.463 .034
-2.160 38.820 25.440 46.463 .034
-1.140 40.200 25.860 47.813 .090
-1.140 40.200 25.860 47.813 .090
-.540 40.860 26.400 48.650 .074
-.540 40.860 26.400 48.650 .094
.480 40.920 27.540 49.327 .094
.480 40.920 27.540 49.327 -.051
1.680 40.260 27.540 48.807 -.030
1.680 40.260 27.540 48.807 -.030
1.800 38.640 27.960 47.729 -.062
1.800 38.640 27.960 47.729 -.062
1.920 36.240 28.200 45.959 -.017
1.920 36.240 28.200 45.959 -.017
1.500 33.900 27.300 43.552 -.021
1.500 33.900 27.300 43.552 -.021
.480 32.100 27.540 42.298 -.072
.480 32.100 27.540 42.298 -.057
.300 31.020 26.280 40.657 -.057
.300 31.020 26.280 40.657 -.093
.420 30.720 25.020 39.622 -.093
.420 30.720 25.020 39.622 -.047
.000 29.940 23.700 38.185 -.047
.000 29.940 23.700 38.185 -.034
-.120 29.100 21.600 36.241 -.034
-.120 29.100 21.600 36.241 -.057
-.960 28.260 19.800 34.519 -.016
-.960 28.260 19.800 34.519 -.016
-1.680 27.240 17.100 32.206 .041
-1.680 27.240 17.100 32.206 .041
-2.520 27.120 14.520 30.865 .064
-2.520 27.120 14.520 30.865 .064
-3.420 26.700 12.360 29.620 .092
-3.420 26.700 12.360 29.620 .092
-3.780 25.980 10.380 28.231 .162
-3.780 25.980 10.380 28.231 .148
-4.980 25.920 9.360 28.005 .148
-4.980 25.920 9.360 28.005 .206
-5.220 26.280 8.880 28.227 .206
-5.220 26.280 8.880 28.227 .188
-5.220 28.680 9.000 30.509 .188
-5.220 28.680 9.000 30.509 .193
-6.600 32.640 9.360 34.591 .193
-6.600 32.640 9.360 34.591 .208
-8.160 36.720 9.480 38.792 .203
-8.160 36.720 9.480 38.792 .203
-10.620 40.560 9.540 42.999 .274
-10.620 40.560 9.540 42.999 .274
-13.980 43.920 9.960 47.155 .302
-13.980 43.920 9.960 47.155 .302
-16.980 46.500 11.220 50.759 .306
-16.980 46.500 11.220 50.759 .306
-19.680 48.840 12.360 54.087 .352
-19.680 48.840 12.360 54.087 .418
-21.960 51.060 13.980 57.313 .418
-21.960 51.060 13.980 57.313 .452
-23.940 52.500 15.000 59.619 .452
-23.940 52.500 15.000 59.619 .411
-25.260 53.520 15.600 61.203 .411
-25.260 53.520 15.600 61.203 .460
-25.920 53.820 15.600 61.740 .454
-25.920 53.820 15.600 61.740 .454
-26.340 53.760 15.120 61.746 .484
-26.340 53.760 15.120 61.746 .484
-26.760 53.280 14.040 61.253 .505
-26.760 53.280 14.040 61.253 .505
-27.120 52.080 13.260 60.197 .484
-27.120 52.080 13.260 60.197 .484
-27.600 50.820 12.720 59.213 .479
-27.600 50.820 12.720 59.213 .548
-27.780 49.260 12.720 57.966 .548
-27.780 49.260 12.720 57.966 .519
-27.360 47.880 12.840 56.621 .519
-27.360 47.880 12.840 56.621 .546
-27.300 47.280 12.660 56.044 .546
-27.300 47.280 12.660 56.044 .589
-27.540 47.580 12.420 56.361 .550
-27.540 47.580 12.420 56.361 .550
-28.740 48.600 11.880 57.698 .524
-28.740 48.600 11.880 57.698 .524
-29.760 50.100 11.160 59.331 .564
-29.760 50.100 11.160 59.331 .564
-30.720 52.200 10.620 61.493 .534
-30.720 52.200 10.620 61.493 .534
-31.020 54.780 10.380 63.803 .508
-31.020 54.780 10.380 63.803 .526
-31.560 56.700 9.660 65.607 .526
-31.560 56.700 9.660 65.607 .520
-33.000 57.780 8.760 67.114 .520
-33.000 57.780 8.760 67.114 .522
-33.840 58.260 7.260 67.765 .522
-33.840 58.260 7.260 67.765 .514
-34.560 57.780 4.740 67.494 .514
-34.560 57.780 4.740 67.494 .540
-34.680 57.360 1.980 67.058 .554
-34.680 57.360 1.980 67.058 .554
-34.560 57.420 -.780 67.023 .543
-34.560 57.420 -.780 67.023 .543
-35.220 56.580 -4.200 66.779 .566
-35.220 56.580 -4.200 66.779 .566
-35.880 56.220 -7.440 67.107 .565
-35.880 56.220 -7.440 67.107 .565
-36.240 56.400 -10.620 67.875 .590
-36.240 56.400 -10.620 67.875 .569
-35.100 56.880 -13.380 68.164 .569
-35.100 56.880 -13.380 68.164 .557
-33.540 59.340 -14.520 69.692 .557
-33.540 59.340 -14.520 69.692 .475
-32.760 61.260 -14.580 70.983 .475
-32.760 61.260 -14.580 70.983 .479
-32.100 62.940 -13.260 71.887 .479
-32.100 62.940 -13.260 71.887 .470
-32.160 64.680 -10.620 73.011 .465
-31.320 64.980 -7.620 72.536 .465
-31.320 64.980 -7.620 72.536 .442
-29.580 65.400 -4.440 71.916 .442
-29.580 65.400 -4.440 71.916 .438
-27.900 65.220 -.780 70.941 .438
-27.900 65.220 -.780 70.941 .408
-25.260 64.080 2.400 68.921 .382
-25.260 64.080 2.400 68.921 .382
-23.640 62.580 5.520 67.124 .379
-23.640 62.580 5.520 67.124 .379
-21.360 60.840 8.400 65.025 .364
-21.360 60.840 8.400 65.025 .364
-18.660 59.400 10.980 63.223 .350
-18.660 59.400 10.980 63.223 .350
-16.140 58.440 13.560 62.126 .312
-16.140 58.440 13.560 62.126 .267
-13.620 58.140 15.780 61.764 .267
-13.620 58.140 15.780 61.764 .234
-11.760 58.020 17.580 61.755 .234
-11.760 58.020 17.580 61.755 .246
-10.320 57.960 19.200 61.923 .246
-10.320 57.960 19.200 61.923 .172
-9.720 57.900 20.400 62.153 .172
-9.720 57.900 20.400 62.153 .142
-9.360 57.660 20.640 61.954 .173
-9.360 57.660 20.640 61.954 .173
-9.060 57.180 21.120 61.625 .181
-9.060 57.180 21.120 61.625 .181
-9.660 57.240 21.240 61.813 .190
-9.660 57.240 21.240 61.813 .190
-10.980 57.420 21.240 62.199 .204
-10.980 57.420 21.240 62.199 .204
-12.540 58.080 22.200 63.430 .218
-12.540 58.080 22.200 63.430 .198
-14.280 59.160 23.160 65.117 .198
-14.280 59.160 23.160 65.117 .274
-15.420 60.000 24.120 66.480 .274
-15.420 60.000 24.120 66.480 .207
-16.080 61.560 26.340 68.862 .207
-16.080 61.560 26.340 68.862 .341
-17.220 62.820 27.600 70.743 .341
-17.220 62.820 27.600 70.743 .330
-19.200 64.440 29.100 73.266 .306
-19.200 64.440 29.100 73.266 .306
-21.660 65.940 30.900 75.974 .262
-21.660 65.940 30.900 75.974 .262
-23.460 66.240 31.620 77.058 .369
-23.460 66.240 31.620 77.058 .369
-24.960 66.180 32.640 77.898 .312
-24.960 66.180 32.640 77.898 .379
-26.220 64.920 32.700 77.275 .379
-26.220 64.920 32.700 77.275 .433
-26.760 63.120 31.860 75.600 .433
-26.760 63.120 31.860 75.600 .425
-28.560 61.320 30.120 74.047 .425
-28.560 61.320 30.120 74.047 .395
-30.300 59.520 28.080 72.451 .395
-30.300 59.520 28.080 72.451 .488
-31.440 58.320 26.640 71.410 .490
-31.440 58.320 26.640 71.410 .490
-33.240 57.540 25.800 71.284 .485
-33.240 57.540 25.800 71.284 .485
-34.680 56.820 25.020 71.114 .550
-34.680 56.820 25.020 71.114 .550
-36.120 56.280 25.320 71.507 .575
-36.120 56.280 25.320 71.507 .575
-37.920 55.740 25.500 72.077 .568
-37.920 55.740 25.500 72.077 .590
-39.360 55.500 25.920 72.810 .590
-39.360 55.500 25.920 72.810 .637
-40.200 56.100 27.180 74.175 .637
-40.200 56.100 27.180 74.175 .695
-41.460 57.120 28.020 75.939 .695
-41.460 57.120 28.020 75.939 .630
-42.240 58.680 28.560 77.738 .630
-42.240 58.680 28.560 77.738 .641
-43.380 60.420 29.400 79.980 .671
-43.380 60.420 29.400 79.980 .671
-45.000 62.160 30.060 82.416 .608
-45.000 62.160 30.060 82.416 .608
-45.420 64.080 30.660 84.316 .646
-45.420 64.080 30.660 84.316 .646
-45.360 66.180 30.960 85.999 .652
-45.360 66.180 30.960 85.999 .652
-45.300 68.160 29.820 87.104 .779
-45.300 68.160 29.820 87.104 .669
-45.420 69.180 28.140 87.411 .669
-45.420 69.180 28.140 87.411 .576
-46.380 69.840 26.880 88.041 .576
-46.380 69.840 26.880 88.041 .560
-47.700 69.960 25.620 88.465 .560
-47.700 69.960 25.620 88.465 .627
-48.120 69.660 25.080 88.301 .620
-48.120 69.660 25.080 88.301 .620
-48.060 69.180 24.180 87.637 .621
-48.060 69.180 24.180 87.637 .621
-47.640 67.920 22.140 85.865 .672
-47.640 67.920 22.140 85.865 .672
-46.680 66.180 20.040 83.429 .625
-46.680 66.180 20.040 83.429 .625
-45.540 64.140 16.980 80.475 .565
-45.540 64.140 16.980 80.475 .656
-43.680 62.340 13.200 77.256 .656
-43.680 62.340 13.200 77.256 .627
-41.100 61.380 9.420 74.468 .627
-41.100 61.380 9.420 74.468 .634
-39.000 60.720 4.260 72.292 .634
-39.000 60.720 4.260 72.292 .599
-36.960 61.200 -.840 71.500 .599
-36.960 61.200 -.840 71.500 .547
-35.400 63.060 -4.620 72.464 .547
-35.400 63.060 -4.620 72.464 .515
-33.300 66.300 -7.380 74.559 .460
-33.300 66.300 -7.380 74.559 .460
-31.620 69.960 -8.400 77.232 .435
-31.620 69.960 -8.400 77.232 .435
-30.240 73.440 -7.920 79.816 .422
-30.240 73.440 -7.920 79.816 .422
-29.460 76.200 -6.840 81.982 .379
-29.460 76.200 -6.840 81.982 .373
-30.360 76.980 -4.920 82.897 .373
-30.360 76.980 -4.920 82.897 .378
-31.440 76.800 -2.880 83.036 .378
-31.440 76.800 -2.880 83.036 .394
-32.760 75.840 -.300 82.614 .394
-32.760 75.840 -.300 82.614 .413
-34.020 74.160 1.980 81.615 .413
-34.020 74.160 1.980 81.615 .431
-35.520 72.060 3.600 80.419 .485
-35.520 72.060 3.600 80.419 .485
-36.840 69.900 5.460 79.202 .489
-36.840 69.900 5.460 79.202 .489
-38.400 67.560 6.600 77.990 .503
-38.400 67.560 6.600 77.990 .503
-39.480 64.980 7.860 76.439 .537
-39.480 64.980 7.860 76.439 .537
-39.900 63.060 9.900 75.277 .558
-39.900 63.060 9.900 75.277 .561
-40.140 61.680 12.120 74.582 .561
-40.140 61.680 12.120 74.582 .607
-40.260 60.420 14.100 73.961 .607
-40.260 60.420 14.100 73.961 .601
-40.380 60.180 16.020 74.221 .601
-40.380 60.180 16.020 74.221 .578
-40.500 59.760 17.340 74.244 .578
-40.500 59.760 17.340 74.244 .631
-40.500 59.700 18.840 74.561 .597
-40.500 59.700 18.840 74.561 .597
-40.260 60.360 20.640 75.433 .577
-40.260 60.360 20.640 75.433 .577
-40.380 60.660 22.260 76.195 .641
-40.380 60.660 22.260 76.195 .641
-41.220 61.020 23.400 77.266 .626
-41.220 61.020 23.400 77.266 .578
-42.360 61.500 24.300 78.531 .578
-42.360 61.500 24.300 78.531 .647
-43.680 61.620 24.420 79.381 .647
-43.680 61.620 24.420 79.381 .604
-44.880 62.100 24.300 80.381 .604
-44.880 62.100 24.300 80.381 .597
-45.780 62.520 24.060 81.138 .597
-45.780 62.520 24.060 81.138 .638
-46.800 62.340 22.440 81.118 .663
-46.800 62.340 22.440 81.118 .663
-47.940 61.860 21.360 81.124 .649
-47.940 61.860 21.360 81.124 .649
-49.200 60.540 20.400 80.634 .681
-49.200 60.540 20.400 80.634 .681
-49.740 59.820 20.340 80.413 .712
-49.740 59.820 20.340 80.413 .712
-50.460 58.920 21.660 80.542 .744
-50.460 58.920 21.660 80.542 .699
-51.060 58.080 23.040 80.692 .699
-51.060 58.080 23.040 80.692 .778
-51.540 57.600 24.600 81.113 .778
-51.540 57.600 24.600 81.113 .771
-52.260 56.940 26.340 81.652 .771
-52.260 56.940 26.340 81.652 .719
-52.500 56.700 27.900 82.156 .719
-52.500 56.700 27.900 82.156 .797
-52.320 57.300 29.760 83.104 .754
-52.320 57.300 29.760 83.104 .754
-52.260 57.960 31.080 84.003 .781
-52.260 57.960 31.080 84.003 .781
-52.140 58.620 31.380 84.496 .797
-52.140 58.620 31.380 84.496 .797
-52.080 59.580 30.720 84.887 .757
-52.080 59.580 30.720 84.887 .757
-51.840 59.760 28.980 84.252 .699
-51.840 59.760 28.980 84.252 .766
-51.120 59.940 27.600 83.473 .766
-51.120 59.940 27.600 83.473 .711
-50.460 60.060 25.920 82.615 .711
-50.460 60.060 25.920 82.615 .682
-49.800 59.580 25.140 81.620 .682
-49.800 59.580 25.140 81.620 .721
-48.300 59.400 24.600 80.414 .721
-48.300 59.400 24.600 80.414 .708
-47.340 59.040 24.120 79.427 .663
-47.340 59.040 24.120 79.427 .663
-46.200 58.680 24.480 78.594 .731
-46.200 58.680 24.480 78.594 .731
-43.980 59.280 24.540 77.785 .644
-43.980 59.280 24.540 77.785 .644
-43.140 60.300 25.560 78.425 .623
-43.140 60.300 25.560 78.425 .606
-41.520 61.920 26.820 79.229 .606
-41.520 61.920 26.820 79.229 .636
-40.080 63.720 27.300 80.075 .636
-40.080 63.720 27.300 80.075 .565
-39.840 64.860 27.960 81.091 .565
-39.840 64.860 27.960 81.091 .501
-38.400 66.720 27.480 81.739 .501
-38.400 66.720 27.480 81.739 .558
-37.740 67.500 25.080 81.299 .561
-37.740 67.500 25.080 81.299 .561
-36.900 68.700 23.340 81.401 .483
-36.900 68.700 23.340 81.401 .483
-36.180 69.300 20.220 80.749 .509
-36.180 69.300 20.220 80.749 .509
-36.360 68.700 16.980 79.562 .516
-36.360 68.700 16.980 79.562 .516
-36.360 67.860 14.580 78.356 .466
-36.360 67.860 14.580 78.356 .516
-36.900 66.060 11.460 76.530 .516
-36.900 66.060 11.460 76.530 .507
-36.900 64.620 9.420 75.007 .507
-37.440 62.040 7.560 72.855 .533
-37.440 62.040 7.560 72.855 .533
-37.440 62.040 7.560 72.855 .564
-38.040 59.820 5.880 71.134 .564
-38.040 59.820 5.880 71.134 .567
-38.580 58.020 5.280 69.876 .591
-38.580 58.020 5.280 69.876 .591
-39.060 56.700 4.860 69.023 .618
-39.060 56.520 4.680 68.863 .618
-39.060 56.520 4.680 68.863 .620
-39.120 57.120 5.040 69.415 .620
-39.120 57.120 5.040 69.415 .604
-39.300 57.420 4.260 69.712 .631
-39.300 57.420 4.260 69.712 .631
-39.360 57.120 2.940 69.430 .605
-39.360 57.120 2.940 69.430 .605
-39.240 56.640 .900 68.911 .606
-39.240 56.640 .900 68.911 .606
-38.760 55.260 -1.860 67.524 .604
-38.760 55.260 -1.860 67.524 .604
-38.040 54.060 -3.660 66.204 .616
-38.040 54.060 -3.660 66.204 .629
-37.740 51.540 -5.880 64.150 .629
-37.740 51.540 -5.880 64.150 .630
-37.620 48.240 -6.600 61.530 .630
-37.620 48.240 -6.600 61.530 .652
-37.380 45.840 -6.240 59.477 .652
-37.380 45.840 -6.240 59.477 .693
-36.960 43.500 -5.460 57.342 .693
-36.960 43.500 -5.460 57.342 .705
-36.660 43.320 -3.480 56.857 .703
-36.660 43.320 -3.480 56.857 .703
-36.240 44.700 -1.020 57.554 .718
-36.240 44.700 -1.020 57.554 .718
-35.940 46.260 1.560 58.601 .681
-35.940 46.260 1.560 58.601 .681
-36.120 49.140 3.540 61.089 .670
-36.120 49.140 3.540 61.089 .670
-36.000 52.260 5.100 63.664 .646
-36.000 52.260 5.100 63.664 .609
-35.640 55.920 5.880 66.572 .609
-35.640 55.920 5.880 66.572 .577
-35.100 59.460 5.460 69.263 .577
-35.100 59.460 5.460 69.263 .538
-34.260 62.100 4.380 71.059 .538
-34.260 62.100 4.380 71.059 .505
-33.060 63.300 2.820 71.469 .489
-33.060 63.300 2.820 71.469 .489
-32.340 63.240 .300 71.030 .493
-32.340 63.240 .300 71.030 .493
-31.620 62.220 -2.040 69.823 .471
-31.620 62.220 -2.040 69.823 .471
-30.840 60.540 -4.140 68.069 .476
-30.840 60.540 -4.140 68.069 .476
-30.960 59.100 -5.280 66.927 .478
-30.960 59.100 -5.280 66.927 .479
-31.380 57.000 -5.460 65.296 .479
-31.380 57.000 -5.460 65.296 .508
-32.340 55.260 -4.680 64.198 .508
-32.340 55.260 -4.680 64.198 .530
-33.960 53.880 -2.580 63.742 .530
-33.960 53.880 -2.580 63.742 .567
-34.680 53.160 -.120 63.472 .567
-34.680 53.160 -.120 63.472 .580
-35.640 53.280 2.940 64.169 .598
-35.640 53.280 2.940 64.169 .598
-36.660 53.940 6.120 65.505 .599
-36.660 53.940 6.120 65.505 .599
-37.740 55.560 8.760 67.734 .612
-37.740 55.560 8.760 67.734 .612
-40.260 57.120 10.440 70.658 .601
-40.260 57.120 10.440 70.658 .601
-42.120 59.280 11.700 73.655 .599
-42.120 59.280 11.700 73.655 .632
-44.100 61.140 11.760 76.297 .632
-44.100 61.140 11.760 76.297 .638
-45.480 62.700 11.820 78.355 .638
-45.480 62.700 11.820 78.355 .630
-46.320 63.780 12.240 79.770 .630
-46.320 63.780 12.240 79.770 .657
-46.980 64.260 12.660 80.602 .657
-46.980 64.260 12.660 80.602 .639
-47.460 64.560 14.040 81.348 .617
-47.460 64.560 14.040 81.348 .617
-47.220 65.100 16.500 82.097 .655
-47.220 65.100 16.500 82.097 .655
-45.900 66.240 19.080 82.817 .633
-45.900 66.240 19.080 82.817 .633
-44.400 67.800 22.140 84.014 .598
-44.400 67.800 22.140 84.014 .665
-42.060 69.420 25.380 85.043 .609
-42.060 69.420 25.380 85.043 .560
-40.440 70.860 27.540 86.110 .560
-40.440 70.860 27.540 86.110 .497
-38.520 72.360 29.160 87.006 .497
-38.520 72.360 29.160 87.006 .493
-36.420 73.380 29.100 86.936 .493
-36.420 73.380 29.100 86.936 .477
-34.080 74.520 27.960 86.582 .469
-34.080 74.520 27.960 86.582 .469
-31.500 74.940 24.660 84.949 .405
-31.500 74.940 24.660 84.949 .405
-29.520 74.940 20.640 83.147 .389
-29.520 74.940 20.640 83.147 .389
-27.780 74.520 15.960 81.115 .414
-27.780 74.520 15.960 81.115 .414
-26.340 73.080 10.680 78.413 .330
-26.340 73.080 10.680 78.413 .357
-24.240 70.620 5.760 74.886 .357
-24.240 70.620 5.760 74.886 .335
-22.320 67.560 1.320 71.164 .335
-22.320 67.560 1.320 71.164 .319
-20.460 64.200 -1.920 67.409 .319
-20.460 64.200 -1.920 67.409 .309
-19.260 60.480 -4.380 63.624 .309
-19.260 60.480 -4.380 63.624 .309
-18.240 58.260 -5.100 61.261 .312
-18.240 58.260 -5.100 61.261 .312
-16.800 56.940 -5.160 59.591 .278
-16.800 56.940 -5.160 59.591 .278
-15.420 56.220 -5.100 58.519 .281
-15.420 56.220 -5.100 58.519 .281
-13.560 57.000 -5.040 58.807 .263
-13.560 57.000 -5.040 58.807 .231
-12.660 58.020 -5.400 59.630 .225
-12.660 58.020 -5.400 59.630 .215
-12.360 59.640 -5.820 61.185 .215
-12.360 59.640 -5.820 61.185 .210
-11.940 60.840 -5.940 62.284 .210
-11.940 60.840 -5.940 62.284 .191
-12.180 61.800 -5.580 63.236 .191
-12.180 61.800 -5.580 63.236 .200
-12.000 62.400 -5.100 63.748 .195
-12.000 62.400 -5.100 63.748 .195
-12.060 61.740 -4.560 63.072 .195
-12.060 61.740 -4.560 63.072 .195
-12.420 61.500 -2.820 62.805 .204
-12.420 61.500 -2.820 62.805 .204
-12.540 61.500 -.480 62.767 .201
-12.540 61.500 -.480 62.767 .201
-12.300 61.620 2.340 62.879 .203
-12.300 61.620 2.340 62.879 .198
-12.600 62.520 5.280 63.995 .198
-12.600 62.520 5.280 63.995 .202
-12.540 64.140 7.680 65.804 .202
-12.540 64.140 7.680 65.804 .183
-12.960 66.780 9.660 68.708 .183
-12.960 66.780 9.660 68.708 .200
-14.580 68.820 10.440 71.118 .200
-14.580 68.820 10.440 71.118 .207
-15.240 71.580 10.620 73.951 .195
-15.240 71.580 10.620 73.951 .195
-17.340 73.380 9.120 75.950 .234
-17.340 73.380 9.120 75.950 .234
-19.080 73.860 6.180 76.535 .256
-19.080 73.860 6.180 76.535 .256
-20.580 74.760 3.540 77.622 .267
-20.580 74.760 3.540 77.622 .267
-22.680 73.740 .180 77.149 .276
-22.680 73.740 .180 77.149 .299
-24.120 72.780 -2.640 76.718 .299
-24.120 72.780 -2.640 76.718 .322
-25.680 70.620 -5.040 75.313 .322
-25.680 70.620 -5.040 75.313 .354
-27.480 66.660 -6.780 72.420 .354
-27.480 66.660 -6.780 72.420 .396
-29.040 63.540 -7.020 70.213 .435
-29.040 63.540 -7.020 70.213 .412
-31.020 58.560 -6.600 66.596 .488
-31.020 58.560 -6.600 66.596 .488
-32.760 54.840 -4.200 64.018 .538
-32.760 54.840 -4.200 64.018 .538
-33.240 52.380 -1.620 62.058 .566
-33.240 52.380 -1.620 62.058 .566
-33.060 50.700 1.140 60.537 .587
-33.060 50.700 1.140 60.537 .581
-32.040 50.880 4.500 60.296 .581
-32.040 50.880 4.500 60.296 .566
-30.960 51.480 7.080 60.488 .566
-30.960 51.480 7.080 60.488 .571
-30.180 52.680 8.880 61.359 .571
-30.180 52.680 8.880 61.359 .525
-30.060 53.220 9.300 61.826 .525
-30.060 53.220 9.300 61.826 .489
-29.340 54.060 8.820 62.138 .516
-29.340 54.060 8.820 62.138 .516
-28.380 54.780 7.560 62.156 .480
-28.380 54.780 7.560 62.156 .480
-27.720 55.680 6.660 62.554 .469
-27.720 55.680 6.660 62.554 .469
-26.580 55.620 5.880 61.925 .457
-26.580 55.620 5.880 61.925 .457
-25.800 55.020 5.460 61.014 .445
-25.800 55.020 5.460 61.014 .441
-25.140 54.000 5.940 59.861 .441
-25.140 54.000 5.940 59.861 .450
-23.580 52.140 6.780 57.624 .450
-23.580 52.140 6.780 57.624 .423
-22.620 50.520 8.100 55.942 .423
-22.620 50.520 8.100 55.942 .422
-21.540 49.620 9.360 54.897 .422
-21.540 49.620 9.360 54.897 .440
-21.000 48.420 9.900 53.698 .423
-21.000 48.420 9.900 53.698 .423
-21.480 47.580 10.260 53.203 .404
-21.480 47.580 10.260 53.203 .404
-21.240 46.680 10.920 52.435 .438
-21.240 46.680 10.920 52.435 .438
-21.300 45.780 11.880 51.871 .435
-21.240 45.660 13.320 52.090 .435
-21.240 45.660 13.320 52.090 .415
-21.480 45.840 14.880 52.765 .422
-21.480 45.840 14.880 52.765 .422
-22.440 47.100 16.680 54.774 .445
-22.440 47.100 16.680 54.774 .445
-23.820 48.720 18.660 57.352 .469
-23.820 48.720 18.660 57.352 .469
-25.020 51.060 20.940 60.594 .411
-25.020 51.060 20.940 60.594 .470
-26.220 53.700 22.740 63.940 .470
-26.220 53.700 22.740 63.940 .501
-27.300 56.700 24.540 67.545 .501
-27.300 56.700 24.540 67.545 .444
-28.620 59.580 25.140 70.717 .444
-28.620 59.580 25.140 70.717 .453
-30.060 62.400 24.780 73.562 .453
-30.060 62.400 24.780 73.562 .461
-31.200 65.040 23.760 75.949 .401
-31.200 65.040 23.760 75.949 .401
-32.100 66.480 21.480 76.886 .471
-32.100 66.480 21.480 76.886 .471
-33.060 67.680 18.900 77.658 .506
-33.060 67.680 18.900 77.658 .506
-34.800 67.200 15.420 77.231 .456
-34.800 67.200 15.420 77.231 .456
-36.480 66.420 12.420 76.790 .498
-36.480 66.420 12.420 76.790 .520
-38.520 65.460 9.300 76.520 .520
-38.520 65.460 9.300 76.520 .521
-40.800 63.300 6.900 75.625 .521
-40.800 63.300 6.900 75.625 .584
-42.540 61.620 5.760 75.099 .584
-42.540 61.620 5.760 75.099 .612
-43.560 59.520 5.400 73.954 .612
-43.560 59.520 5.400 73.954 .650
-44.220 58.200 6.300 73.364 .674
-44.220 58.200 6.300 73.364 .674
-44.280 57.360 7.560 72.856 .651
-44.280 57.360 7.560 72.856 .651
-43.380 56.700 9.120 71.971 .648
-43.380 56.700 9.120 71.971 .648
-42.540 56.640 10.440 71.601 .672
-42.540 56.640 10.440 71.601 .657
-41.400 56.700 12.060 71.234 .657
-41.400 56.700 12.060 71.234 .641
-39.960 56.940 12.540 70.684 .641
-39.960 56.940 12.540 70.684 .647
-39.000 57.180 12.540 70.341 .647
-39.000 57.180 12.540 70.341 .620
-37.920 57.180 12.060 69.663 .620
-37.920 57.180 12.060 69.663 .562
-36.720 56.280 10.080 67.951 .598
-36.720 56.280 10.080 67.951 .598
-35.280 55.740 8.160 66.470 .571
-35.280 55.740 8.160 66.470 .571
-33.660 55.560 6.000 65.237 .647
-33.660 55.560 6.000 65.237 .565
-32.700 54.960 3.660 64.057 .565
-32.700 54.960 3.660 64.057 .556
-32.520 55.140 1.800 64.041 .556
-32.520 55.140 1.800 64.041 .535
-31.440 56.100 1.440 64.325 .535
-31.440 56.100 1.440 64.325 .506
-30.480 56.700 1.200 64.384 .496
-30.480 56.700 1.200 64.384 .496
-29.340 58.140 1.620 65.144 .471
-29.340 58.140 1.620 65.144 .471
-27.960 59.400 3.000 65.720 .475
-27.960 59.400 3.000 65.720 .475
-28.140 59.940 4.200 66.350 .445
-28.140 59.940 4.200 66.350 .445
-28.620 60.900 5.580 67.521 .442
-28.620 60.900 5.580 67.521 .430
-29.220 61.740 7.080 68.671 .430
-29.220 61.740 7.080 68.671 .437
-30.000 61.800 6.840 69.036 .437
-30.000 61.800 6.840 69.036 .451
-30.060 62.100 6.240 69.274 .451
-30.060 62.100 6.240 69.274 .440
-30.120 62.100 5.220 69.216 .440
-30.120 62.100 5.220 69.216 .448
-30.120 61.020 2.520 68.096 .470
-30.120 61.020 2.520 68.096 .470
-30.300 60.540 1.320 67.712 .512
-30.300 60.540 1.320 67.712 .512
-30.600 59.220 -1.020 66.666 .459
-30.600 59.220 -1.020 66.666 .459
-30.360 58.140 -3.180 65.667 .482
-30.360 58.140 -3.180 65.667 .482
-30.600 58.200 -4.260 65.892 .480
-30.600 58.200 -4.260 65.892 .485
-31.140 57.780 -6.060 65.916 .485
-31.140 57.780 -6.060 65.916 .507
-31.920 58.200 -6.720 66.718 .507
-31.920 58.200 -6.720 66.718 .499
-33.360 58.740 -7.380 67.954 .499
-33.360 58.740 -7.380 67.954 .526
-34.620 58.320 -8.220 68.318 .532
-34.620 58.320 -8.220 68.318 .532
-35.160 58.500 -8.580 68.790 .552
-35.160 58.500 -8.580 68.790 .552
-36.420 57.780 -9.240 68.923 .574
-36.420 57.780 -9.240 68.923 .574
-38.400 56.580 -9.660 69.059 .564
-38.400 56.580 -9.660 69.059 .564
-40.440 55.620 -9.180 69.378 .593
-40.440 55.620 -9.180 69.378 .643
-43.080 54.120 -8.760 69.725 .643
-43.080 54.120 -8.760 69.725 .678
-45.000 53.520 -7.500 70.325 .678
-45.000 53.520 -7.500 70.325 .701
-46.620 53.400 -5.760 71.121 .701
-46.620 53.400 -5.760 71.121 .729
-48.240 53.340 -3.420 72.000 .737
-48.240 53.340 -3.420 72.000 .737
-50.280 54.180 -.780 73.920 .762
-50.280 54.180 -.780 73.920 .762
-52.620 55.200 2.340 76.298 .783
-52.620 55.200 2.340 76.298 .783
-54.420 56.580 5.460 78.693 .753
-54.420 56.580 5.460 78.693 .753
-56.220 59.100 8.700 82.032 .776
-56.220 59.100 8.700 82.032 .771
-57.180 61.800 12.180 85.071 .771
-57.180 61.800 12.180 85.071 .771
-58.260 63.600 15.480 87.629 .771
-58.260 63.600 15.480 87.629 .780
-59.160 64.500 18.960 89.552 .780
-59.160 64.500 18.960 89.552 .747
-60.120 64.740 21.960 91.038 .747
-60.120 64.740 21.960 91.038 .724
-60.600 64.200 24.840 91.712 .771
-60.600 64.200 24.840 91.712 .771
-60.120 64.080 27.540 92.082 .766
-60.120 64.080 27.540 92.082 .766
-59.760 64.500 30.660 93.121 .785
-59.760 64.500 30.660 93.121 .785
-58.800 64.740 33.240 93.561 .793
-58.800 64.740 33.240 93.561 .793
-57.180 65.400 35.760 93.944 .753
-57.180 65.400 35.760 93.944 .678
-55.320 66.120 37.440 93.989 .678
-55.320 66.120 37.440 93.989 .795
-52.560 67.560 38.040 93.669 .795
-52.560 67.560 38.040 93.669 .686
-48.360 69.600 38.760 93.194 .686
-48.360 69.600 38.760 93.194 .591
-45.000 70.860 38.220 92.233 .591
-45.000 70.860 38.220 92.233 .578
-41.400 71.640 37.140 90.695 .583
-41.400 71.640 37.140 90.695 .583
-38.100 70.920 34.800 87.706 .535
-38.100 70.920 34.800 87.706 .535
-36.600 68.820 31.140 83.937 .479
-36.600 68.820 31.140 83.937 .479
-34.020 66.420 26.760 79.278 .539
-34.020 66.420 26.760 79.278 .539
-31.980 64.020 21.840 74.822 .515
-31.980 64.020 21.840 74.822 .469
-30.480 61.200 16.200 70.263 .469
-30.480 61.200 16.200 70.263 .499
-28.920 58.320 11.340 66.077 .499
-28.920 58.320 11.340 66.077 .489
-29.160 55.620 6.540 63.140 .489
-29.160 55.620 6.540 63.140 .477
-29.700 53.040 2.400 60.837 .477
-29.700 53.040 2.400 60.837 .518
-30.420 51.180 .120 59.538 .539
-30.420 51.180 .120 59.538 .539
-31.020 49.560 -2.220 58.510 .550
-31.020 49.560 -2.220 58.510 .550
-31.500 48.420 -3.360 57.862 .578
-31.500 48.420 -3.360 57.862 .578
-31.680 48.060 -3.960 57.698 .573
-31.680 48.060 -3.960 57.698 .589
-31.560 48.060 -4.260 57.654 .589
-31.560 48.060 -4.260 57.654 .572
-31.440 48.720 -4.440 58.153 .572
-31.440 48.720 -4.440 58.153 .578
-31.200 50.580 -3.840 59.553 .578
-31.200 50.580 -3.840 59.553 .555
-31.260 51.660 -4.020 60.515 .555
-31.260 51.660 -4.020 60.515 .542
-32.100 52.980 -4.680 62.122 .534
-32.100 52.980 -4.680 62.122 .534
-33.120 54.480 -4.560 63.920 .546
-33.120 54.480 -4.560 63.920 .546
-33.720 55.800 -4.740 65.369 .536
-33.720 55.800 -4.740 65.369 .536
-34.320 57.000 -4.620 66.695 .540
