X Y Z F A
-18.420 3.360 30.420 35.721 .000
-18.780 3.420 30.360 35.862 1.522
-18.780 3.420 30.360 35.862 1.619
-18.720 3.720 30.660 36.115 1.619
-18.720 3.720 30.660 36.115 1.611
-18.780 3.960 30.420 35.969 1.611
-18.780 3.960 30.420 35.969 1.669
-18.000 4.020 29.820 35.063 1.669
-18.000 4.020 29.820 35.063 1.645
-17.040 3.960 29.160 34.005 1.645
-17.040 3.960 29.160 34.005 1.449
-16.500 3.180 27.780 32.467 1.687
-16.500 3.180 27.780 32.467 1.687
-15.480 2.160 26.280 30.577 1.786
-15.480 2.160 26.280 30.577 1.786
-14.760 .840 24.900 28.958 1.635
-14.760 .840 24.900 28.958 1.635
-13.800 -.420 23.220 27.015 1.372
-13.800 -.420 23.220 27.015 1.881
-12.840 -1.440 21.180 24.810 1.881
-12.840 -1.440 21.180 24.810 1.970
-12.480 -2.160 19.500 23.252 1.970
-12.480 -2.160 19.500 23.252 1.619
-12.600 -2.760 17.400 21.660 1.619
-12.600 -2.760 17.400 21.660 2.090
-11.880 -3.780 15.420 19.829 2.090
-11.880 -3.780 15.420 19.829 2.024
-11.160 -3.840 12.900 17.484 2.024
-11.160 -3.840 12.900 17.484 2.161
-10.500 -3.600 10.560 15.321 2.121
-10.500 -3.600 10.560 15.321 2.121
-9.540 -2.640 8.280 12.905 2.020
-9.540 -2.640 8.280 12.905 2.020
-10.080 .300 5.460 11.468 1.919
-10.080 .300 5.460 11.468 1.919
-11.160 2.700 4.620 12.377 1.549
-11.160 2.700 4.620 12.377 1.440
-12.360 4.740 3.660 13.734 1.440
-12.360 4.740 3.660 13.734 1.268
-13.980 6.060 3.240 15.578 1.268
-13.980 6.060 3.240 15.578 1.132
-15.360 5.640 4.200 16.893 1.132
-15.360 5.640 4.200 16.893 1.254
-16.860 4.260 4.620 17.993 1.375
-16.860 4.260 4.620 17.993 1.417
-19.080 2.940 5.160 19.983 1.405
-19.080 2.940 5.160 19.983 1.405
-21.360 .480 6.720 22.397 1.596
-21.360 .480 6.720 22.397 1.596
-24.060 -1.560 8.820 25.673 1.710
-24.060 -1.560 8.820 25.673 1.710
-26.280 -3.060 10.740 28.554 1.722
-26.280 -3.060 10.740 28.554 1.722
-28.380 -4.440 13.500 31.739 1.848
-28.380 -4.440 13.500 31.739 1.846
-30.660 -4.740 16.080 34.944 1.846
-30.660 -4.740 16.080 34.944 1.778
-32.940 -4.320 17.940 37.756 1.778
-32.940 -4.320 17.940 37.756 1.682
-35.040 -3.660 20.520 40.771 1.682
-35.040 -3.660 20.520 40.771 1.778
-36.180 -3.600 22.320 42.663 1.778
-36.180 -3.600 22.320 42.663 1.745
-36.840 -3.480 22.680 43.401 1.726
-36.840 -3.480 22.680 43.401 1.726
-36.540 -4.440 21.540 42.648 1.781
-36.540 -4.440 21.540 42.648 1.781
-36.120 -5.640 20.220 41.777 1.773
-36.120 -5.640 20.220 41.777 1.773
-34.800 -6.480 17.520 39.497 1.747
-34.800 -6.480 17.520 39.497 1.849
-32.820 -7.980 15.600 37.205 1.849
-32.820 -7.980 15.600 37.205 1.891
-30.480 -8.220 14.880 34.900 1.891
-30.480 -8.220 14.880 34.900 1.806
-27.480 -7.860 13.380 31.559 1.806
-27.480 -7.860 13.380 31.559 1.901
-25.080 -7.260 13.440 29.366 1.974
-25.080 -7.260 13.440 29.366 1.974
-23.280 -5.220 13.860 27.592 1.722
-23.280 -5.220 13.860 27.592 1.722
-21.480 -4.200 13.800 25.874 1.817
-21.480 -4.200 13.800 25.874 1.817
-20.160 -3.360 13.500 24.494 1.839
-20.160 -3.360 13.500 24.494 1.839
-18.480 -2.280 12.900 22.652 1.672
-18.480 -2.280 12.900 22.652 1.637
-16.500 -1.560 11.520 20.184 1.814
-16.500 -1.560 11.520 20.184 1.809
-15.480 -.480 10.500 18.711 1.809
-15.480 -.480 10.500 18.711 1.761
-14.100 .780 9.780 17.178 1.761
-14.100 .780 9.780 17.178 1.568
-12.540 2.100 9.360 15.788 1.568
-12.540 2.100 9.360 15.788 1.533
-10.920 2.940 9.300 14.642 1.533
-10.920 2.940 9.300 14.642 1.451
-8.520 3.480 9.240 13.041 1.267
-8.520 3.480 9.240 13.041 1.267
-5.940 3.960 9.180 11.629 1.168
-5.940 3.960 9.180 11.629 1.168
-3.780 4.020 8.220 9.900 .900
-3.780 4.020 8.220 9.900 .900
-1.800 4.020 6.660 7.985 .670
-1.800 4.020 6.660 7.985 .670
-.120 3.720 4.680 5.980 .646
-.120 3.720 4.680 5.980 .156
1.860 3.180 1.800 4.100 .156
1.860 3.180 1.800 4.100 -.583
4.620 2.820 -1.200 5.544 -.583
4.620 2.820 -1.200 5.544 -1.010
6.780 1.800 -4.800 8.500 -1.010
6.780 1.800 -4.800 8.500 -1.176
9.240 .900 -8.820 12.805 -1.469
9.240 .900 -8.820 12.805 -1.469
11.400 -.780 -12.480 16.921 -1.496
11.400 -.780 -12.480 16.921 -1.496
13.320 -3.300 -16.140 21.185 -1.606
15.720 -5.580 -18.900 25.208 -1.606
15.720 -5.580 -18.900 25.208 -1.930
16.980 -9.600 -20.520 28.312 -1.946
16.980 -9.600 -20.520 28.312 -1.946
16.380 -13.620 -20.700 29.704 -1.821
16.380 -13.620 -20.700 29.704 -1.821
14.940 -17.580 -19.800 30.402 -2.111
14.940 -17.580 -19.800 30.402 -2.111
13.080 -21.480 -17.040 30.378 -2.357
13.080 -21.480 -17.040 30.378 -2.357
11.700 -23.760 -13.920 29.920 -2.445
11.700 -23.760 -13.920 29.920 -2.641
11.040 -25.200 -11.100 29.667 -2.641
11.040 -25.200 -11.100 29.667 -2.735
9.840 -26.460 -7.080 29.105 -2.735
9.840 -26.460 -7.080 29.105 -2.763
7.440 -27.060 -4.020 28.351 -2.763
7.440 -27.060 -4.020 28.351 -2.846
4.920 -26.820 -.900 27.282 -2.846
4.920 -26.820 -.900 27.282 -2.956
3.000 -26.460 2.280 26.727 -3.032
3.000 -26.460 2.280 26.727 -3.032
1.380 -25.260 3.840 25.587 -3.035
1.380 -25.260 3.840 25.587 -3.035
.660 -23.820 5.400 24.433 -3.073
.660 -23.820 5.400 24.433 -3.073
5.880 -16.440 15.060 23.058 -3.124
5.880 -16.440 15.060 23.058 -3.124
4.200 -14.580 15.660 21.805 -2.802
4.200 -14.580 15.660 21.805 -2.974
3.120 -12.660 16.860 21.314 -2.974
3.120 -12.660 16.860 21.314 -3.040
3.000 -9.060 19.320 21.549 -3.040
3.000 -9.060 19.320 21.549 -2.987
2.880 -7.260 19.500 21.006 -2.987
2.880 -7.260 19.500 21.006 -2.704
3.300 -5.580 20.220 21.234 -2.704
3.300 -5.580 20.220 21.234 -3.026
3.540 -3.840 21.360 21.989 -2.681
3.540 -3.840 21.360 21.989 -2.681
3.720 -2.280 22.200 22.625 -2.624
3.720 -2.280 22.200 22.625 -2.624
3.900 -.900 23.460 23.799 -3.118
3.900 -.900 23.460 23.799 -3.118
3.780 -.060 25.620 25.897 -2.675
3.780 -.060 25.620 25.897 -2.675
3.840 .600 27.540 27.813 -1.867
3.840 .600 27.540 27.813 -2.660
3.960 1.200 29.580 29.868 -2.660
3.960 1.200 29.580 29.868 -2.536
3.840 1.380 31.860 32.120 -2.536
3.840 1.380 31.860 32.120 -2.818
3.720 2.100 33.600 33.870 -2.818
3.720 2.100 33.600 33.870 -2.509
3.720 2.640 35.340 35.633 -2.509
3.720 2.640 35.340 35.633 -2.747
3.720 3.660 37.440 37.802 -2.440
3.720 3.660 37.440 37.802 -2.440
4.140 4.500 38.760 39.239 -1.687
4.140 4.500 38.760 39.239 -1.687
4.380 5.280 39.780 40.367 -2.388
4.380 5.280 39.780 40.367 -2.388
4.500 6.300 40.260 40.998 -2.367
4.500 6.300 40.260 40.998 -.049
4.680 6.720 39.780 40.614 -.049
4.680 6.720 39.780 40.614 -1.893
4.560 6.660 38.820 39.650 -1.893
4.560 6.660 38.820 39.650 -.920
5.400 6.720 37.620 38.595 -.920
5.400 6.720 37.620 38.595 -1.304
5.700 6.060 36.240 37.183 -1.304
5.700 6.060 36.240 37.183 -1.738
6.000 4.980 34.800 35.663 -1.467
6.000 4.980 34.800 35.663 -1.467
6.660 4.440 32.940 33.899 -1.681
6.660 4.440 32.940 33.899 -1.681
6.720 3.120 31.920 32.769 -2.037
6.720 3.120 31.920 32.769 -2.037
7.500 2.100 31.380 32.332 -1.677
7.500 2.100 31.380 32.332 -1.677
8.160 .840 30.900 31.970 -1.367
8.160 .840 30.900 31.970 -1.979
8.160 -.900 30.900 31.972 -1.979
8.160 -.900 30.900 31.972 -2.133
7.920 -2.040 29.640 30.748 -2.133
7.920 -2.040 29.640 30.748 -2.049
8.040 -3.180 28.620 29.897 -2.049
8.040 -3.180 28.620 29.897 -2.545
8.460 -3.900 27.960 29.471 -2.545
8.460 -3.900 27.960 29.471 -2.306
9.480 -4.260 27.300 29.211 -1.890
9.480 -4.260 27.300 29.211 -1.890
10.620 -4.620 27.060 29.434 -2.257
10.620 -4.620 27.060 29.434 -2.257
10.260 -5.040 26.520 28.879 -2.222
10.260 -5.040 26.520 28.879 -2.222
9.780 -5.340 26.160 28.434 -1.941
9.780 -5.340 26.160 28.434 -2.510
9.120 -5.520 26.520 28.582 -2.510
9.120 -5.520 26.520 28.582 -2.580
8.340 -6.360 27.540 29.470 -2.580
8.340 -6.360 27.540 29.470 -2.209
7.800 -6.840 28.800 30.612 -2.209
7.800 -6.840 28.800 30.612 -2.642
6.480 -7.560 30.780 32.350 -2.642
6.480 -7.560 30.780 32.350 -2.710
4.860 -8.280 32.220 33.620 -2.563
4.860 -8.280 32.220 33.620 -2.563
2.700 -8.700 34.260 35.450 -2.856
2.700 -8.700 34.260 35.450 -2.856
1.440 -8.880 35.760 36.874 3.117
1.440 -8.880 35.760 36.874 3.117
.300 -8.400 36.600 37.553 -2.842
.300 -8.400 36.600 37.553 -2.842
-.360 -7.200 38.340 39.012 -2.911
-.360 -7.200 38.340 39.012 3.091
-.960 -5.160 39.360 39.708 3.091
-.960 -5.160 39.360 39.708 2.871
-1.680 -2.580 40.740 40.856 2.871
-1.680 -2.580 40.740 40.856 2.777
-1.920 .540 42.000 42.047 2.777
-1.920 .540 42.000 42.047 2.709
-2.100 3.960 42.480 42.716 2.709
-2.100 3.960 42.480 42.716 2.674
-1.860 6.960 42.780 43.382 -2.087
-1.860 6.960 42.780 43.382 -2.087
-1.740 9.540 42.420 43.514 1.775
-1.740 9.540 42.420 43.514 1.775
-1.740 11.160 42.180 43.666 .577
-1.740 11.160 42.180 43.666 .577
-2.520 12.240 41.760 43.590 .854
-2.520 12.240 41.760 43.590 .854
-2.400 12.360 41.820 43.674 1.083
-2.400 12.360 41.820 43.674 1.243
-1.860 11.820 42.000 43.671 1.243
-1.860 11.820 42.000 43.671 -.330
-1.680 10.560 42.360 43.689 -.330
-1.680 10.560 42.360 43.689 .935
-1.260 8.220 43.320 44.111 .935
-1.260 8.220 43.320 44.111 1.014
-1.740 6.060 43.560 44.014 1.014
-1.740 6.060 43.560 44.014 1.286
-1.980 3.540 44.280 44.465 2.720
-1.980 3.540 44.280 44.465 2.720
-1.920 1.080 44.520 44.574 2.625
-1.920 1.080 44.520 44.574 2.625
-1.800 -.960 44.520 44.567 -2.596
-1.800 -.960 44.520 44.567 -2.596
-1.260 -3.000 44.640 44.758 2.707
-1.260 -3.000 44.640 44.758 2.968
-1.620 -4.740 43.860 44.145 2.746
-1.620 -4.740 43.860 44.145 2.698
-.960 -6.420 43.320 43.804 2.698
-.960 -6.420 43.320 43.804 3.119
.660 -7.440 41.640 42.305 3.119
.660 -7.440 41.640 42.305 2.849
3.000 -7.500 39.540 40.357 2.849
3.000 -7.500 39.540 40.357 -2.554
6.240 -6.720 38.040 39.130 -2.747
6.240 -6.720 38.040 39.130 -2.747
8.820 -5.160 36.120 37.538 -2.573
8.820 -5.160 36.120 37.538 -2.573
11.700 -3.540 35.820 37.848 -2.223
11.700 -3.540 35.820 37.848 -2.223
14.220 -2.280 36.240 38.997 -2.173
14.220 -2.280 36.240 38.997 -2.173
16.800 -.960 36.660 40.338 -2.263
16.800 -.960 36.660 40.338 -1.907
19.200 .120 38.100 42.665 -1.907
19.200 .120 38.100 42.665 -2.010
21.000 1.020 39.420 44.676 -2.010
21.000 1.020 39.420 44.676 -1.927
22.560 1.860 40.140 46.083 -1.927
22.560 1.860 40.140 46.083 -1.554
23.880 2.880 41.820 48.244 -1.554
23.880 2.880 41.820 48.244 -1.708
25.320 4.140 42.300 49.473 -1.746
25.320 4.140 42.300 49.473 -1.746
27.120 5.700 42.420 50.670 -1.594
27.120 5.700 42.420 50.670 -1.594
27.960 6.780 43.080 51.804 -1.763
27.960 6.780 43.080 51.804 -1.763
27.900 7.080 42.240 51.115 -1.592
27.900 7.080 42.240 51.115 -1.592
27.300 7.260 41.700 50.368 -1.541
27.300 7.260 41.700 50.368 -1.660
25.920 6.540 40.740 48.727 -1.660
25.920 6.540 40.740 48.727 -1.673
25.020 6.360 39.120 46.870 -1.673
25.020 6.360 39.120 46.870 -1.600
23.940 6.120 37.380 44.809 -1.600
23.940 6.120 37.380 44.809 -1.578
22.380 5.340 36.480 43.130 -1.864
22.380 5.340 36.480 43.130 -1.864
20.640 5.040 35.220 41.132 -1.463
20.640 5.040 35.220 41.132 -1.463
19.080 4.560 34.200 39.427 -1.656
19.080 4.560 34.200 39.427 -1.656
17.640 4.200 33.480 38.075 -1.657
17.640 4.200 33.480 38.075 -1.657
16.860 3.720 32.520 36.819 -1.599
16.860 3.720 32.520 36.819 -1.735
16.380 3.060 31.560 35.689 -1.735
16.380 3.060 31.560 35.689 -1.678
14.640 2.280 30.720 34.106 -1.678
14.640 2.280 30.720 34.106 -1.899
13.620 1.380 29.820 32.812 -1.899
13.620 1.380 29.820 32.812 -1.912
12.600 .900 28.380 31.064 -1.912
12.600 .900 28.380 31.064 -1.598
11.040 .600 27.180 29.343 -1.857
11.040 .600 27.180 29.343 -1.857
10.320 -.300 26.040 28.012 -2.052
10.320 -.300 26.040 28.012 -2.052
8.880 -.720 25.200 26.729 -1.718
8.880 -.720 25.200 26.729 -1.718
6.960 -.960 24.420 25.411 -2.421
6.960 -.960 24.420 25.411 -2.421
5.700 -.960 23.520 24.220 -2.461
5.700 -.960 23.520 24.220 -1.970
4.620 -.360 22.440 22.913 -1.970
4.620 -.360 22.440 22.913 -2.563
3.960 .480 21.660 22.024 -2.563
3.960 .480 21.660 22.024 -2.410
3.000 1.020 21.420 21.653 -2.410
3.000 1.020 21.420 21.653 -1.397
1.440 1.680 21.660 21.773 -1.397
1.440 1.680 21.660 21.773 2.748
-.180 2.580 22.140 22.291 3.057
-.180 2.580 22.140 22.291 3.057
-1.380 3.120 22.260 22.520 .327
-1.380 3.120 22.260 22.520 .327
-1.800 3.900 22.740 23.142 1.869
-1.800 3.900 22.740 23.142 1.869
-2.220 4.080 23.040 23.504 1.556
-3.300 3.780 23.100 23.639 .943
-3.300 3.780 23.100 23.639 .943
-4.320 3.360 23.340 23.973 1.611
-4.320 3.360 23.340 23.973 1.611
-5.520 2.820 23.040 23.859 1.850
-5.520 2.820 23.040 23.859 1.850
-5.820 2.220 23.460 24.273 1.334
-5.820 2.220 23.460 24.273 1.334
-4.980 1.560 24.240 24.795 1.640
-4.980 1.560 24.240 24.795 2.136
-4.860 1.260 25.440 25.931 2.136
-4.860 1.260 25.440 25.931 1.543
-4.080 .960 27.360 27.679 1.543
-4.080 .960 27.360 27.679 2.165
-3.060 1.080 29.520 29.698 2.165
-3.060 1.080 29.520 29.698 2.433
-2.220 2.040 31.980 32.122 2.433
-2.220 2.040 31.980 32.122 .272
-.120 2.520 34.380 34.472 2.192
-.120 2.520 34.380 34.472 2.192
1.380 3.120 37.440 37.595 -3.114
1.380 3.120 37.440 37.595 -3.114
2.820 3.300 40.680 40.911 -.196
2.820 3.300 40.680 40.911 -.196
4.320 1.920 43.980 44.233 2.945
4.320 1.920 43.980 44.233 2.945
5.880 .180 47.640 48.002 -2.729
5.880 .180 47.640 48.002 -1.860
7.620 -2.520 50.160 50.798 -1.860
7.620 -2.520 50.160 50.798 -2.506
8.940 -6.000 51.180 52.300 -2.506
8.940 -6.000 51.180 52.300 -2.711
9.660 -9.420 50.820 52.581 -2.711
9.660 -9.420 50.820 52.581 -2.486
10.260 -12.360 49.740 52.270 -2.486
10.260 -12.360 49.740 52.270 -2.912
11.460 -14.700 47.160 50.710 -2.727
11.460 -14.700 47.160 50.710 -2.727
12.360 -15.840 44.400 48.734 -2.478
12.360 -15.840 44.400 48.734 -2.478
13.560 -16.380 41.760 46.862 -2.763
13.560 -16.380 41.760 46.862 -2.763
13.320 -16.740 38.460 44.009 -2.625
13.320 -16.740 38.460 44.009 -2.625
12.060 -16.620 35.820 41.289 -2.576
12.060 -16.620 35.820 41.289 -2.722
10.920 -16.440 33.660 39.019 -2.722
10.920 -16.440 33.660 39.019 -2.770
10.200 -15.420 30.840 35.957 -2.770
10.200 -15.420 30.840 35.957 -2.697
10.320 -13.800 28.680 33.459 -2.697
10.320 -13.800 28.680 33.459 -2.770
10.200 -11.640 26.520 30.706 -2.732
10.200 -11.640 26.520 30.706 -2.668
9.780 -9.180 24.540 27.967 -2.482
9.780 -9.180 24.540 27.967 -2.482
8.940 -6.360 23.760 26.171 -2.639
8.940 -6.360 23.760 26.171 -2.639
8.520 -3.900 23.040 24.873 -2.467
8.520 -3.900 23.040 24.873 -2.467
8.580 -2.940 22.860 24.593 -2.325
8.580 -2.940 22.860 24.593 -2.142
8.580 -2.400 23.040 24.703 -2.142
8.580 -2.400 23.040 24.703 -2.258
8.460 -3.960 23.520 25.307 -2.258
8.460 -3.960 23.520 25.307 -2.537
8.040 -5.940 23.820 25.832 -2.537
8.040 -5.940 23.820 25.832 -2.430
7.500 -7.980 24.000 26.380 -2.430
7.500 -7.980 24.000 26.380 -2.722
8.160 -10.560 24.120 27.566 -2.699
8.160 -10.560 24.120 27.566 -2.699
9.360 -12.780 23.520 28.357 -2.571
9.360 -12.780 23.520 28.357 -2.571
10.740 -15.180 23.100 29.655 -2.656
10.740 -15.180 23.100 29.655 -2.656
12.660 -16.980 21.600 30.252 -2.640
12.660 -16.980 21.600 30.252 -2.640
15.120 -18.240 19.560 30.723 -2.692
15.120 -18.240 19.560 30.723 -2.598
19.020 -17.760 16.980 31.072 -2.598
19.020 -17.760 16.980 31.072 -2.426
24.780 -14.400 14.160 31.967 -2.426
24.780 -14.400 14.160 31.967 -2.128
32.100 -8.640 12.660 35.572 -2.128
32.100 -8.640 12.660 35.572 -1.863
39.480 -.300 11.880 41.230 -1.603
39.480 -.300 11.880 41.230 -1.603
44.460 10.560 11.100 47.026 -1.384
44.460 10.560 11.100 47.026 -1.384
46.500 23.280 11.400 53.237 -1.137
46.500 23.280 11.400 53.237 -1.137
45.240 35.220 10.860 58.353 -1.111
45.240 35.220 10.860 58.353 -1.111
42.060 45.300 10.320 62.671 -.958
42.060 45.300 10.320 62.671 -.812
39.000 52.440 12.000 66.445 -.812
39.000 52.440 12.000 66.445 -.671
37.140 55.500 14.880 68.418 -.671
37.140 55.500 14.880 68.418 -.614
36.780 56.640 19.140 70.194 -.614
36.780 56.640 19.140 70.194 -.608
36.900 56.460 24.480 71.754 -.608
36.900 56.460 24.480 71.754 -.651
37.020 55.680 29.220 72.970 -.575
37.020 55.680 29.220 72.970 -.575
36.120 54.360 32.340 72.839 -.672
36.120 54.360 32.340 72.839 -.672
34.860 52.980 35.040 72.456 -.647
34.860 52.980 35.040 72.456 -.647
33.420 51.120 36.600 71.202 -.654
33.420 51.120 36.600 71.202 -.654
32.760 47.220 36.780 68.233 -.705
32.760 47.220 36.780 68.233 -.705
32.880 42.720 36.000 64.824 -.647
32.880 42.720 36.000 64.824 -.663
32.520 37.740 33.780 60.191 -.663
32.520 37.740 33.780 60.191 -.802
32.400 32.820 30.900 55.513 -.802
32.400 32.820 30.900 55.513 -.878
31.560 29.640 28.080 51.605 -.878
31.560 29.640 28.080 51.605 -.841
31.320 27.480 26.160 49.198 -.967
31.320 27.480 26.160 49.198 -.967
31.440 26.400 24.720 47.922 -.958
31.440 26.400 24.720 47.922 -.958
31.020 26.700 23.340 47.116 -.833
31.020 26.700 23.340 47.116 -.833
30.660 28.140 22.260 47.195 -.828
30.660 28.140 22.260 47.195 -.828
29.640 30.060 20.940 47.123 -.982
29.640 30.060 20.940 47.123 -.864
29.040 32.580 20.040 48.025 -.864
29.040 32.580 20.040 48.025 -.784
28.800 35.280 19.800 49.660 -.784
28.800 35.280 19.800 49.660 -.832
28.860 36.960 20.400 51.138 -.832
28.860 36.960 20.400 51.138 -.729
28.860 37.860 21.180 52.104 -.729
28.860 37.860 21.180 52.104 -.648
28.260 38.280 22.920 52.814 -.678
28.260 38.280 22.920 52.814 -.678
27.660 38.280 24.960 53.418 -.755
27.660 38.280 24.960 53.418 -.755
27.180 38.280 27.180 54.248 -.754
27.180 38.280 27.180 54.248 -.754
27.000 37.860 30.000 55.339 -.801
27.000 37.860 30.000 55.339 -.776
27.180 36.420 32.040 55.603 -.776
27.180 36.420 32.040 55.603 -.597
27.420 34.560 34.140 55.783 -.597
27.420 34.560 34.140 55.783 -.815
27.420 32.640 35.880 55.719 -.815
27.420 32.640 35.880 55.719 -.848
27.240 31.260 37.320 55.785 -.848
27.240 31.260 37.320 55.785 -.962
26.880 29.400 38.820 55.623 -.944
26.880 29.400 38.820 55.623 -.944
26.580 27.060 39.420 54.705 -.933
26.580 27.060 39.420 54.705 -.933
26.100 24.960 39.780 53.728 -.797
26.100 24.960 39.780 53.728 -.797
25.320 23.100 39.240 52.101 -1.136
25.320 23.100 39.240 52.101 -1.136
24.960 22.500 37.920 50.667 -.899
24.960 22.500 37.920 50.667 -.910
24.780 22.680 36.960 49.945 -.910
24.780 22.680 36.960 49.945 -1.038
24.540 22.800 35.820 49.042 -1.038
24.540 22.800 35.820 49.042 -.992
24.600 23.160 35.340 48.892 -.992
24.600 23.160 35.340 48.892 -.844
24.720 24.060 34.860 49.043 -.844
24.720 24.060 34.860 49.043 -.976
24.900 25.860 34.200 49.582 -.856
24.900 25.860 34.200 49.582 -.856
24.840 28.620 33.840 50.806 -.764
24.840 28.620 33.840 50.806 -.764
25.200 31.740 33.900 52.836 -.728
25.200 31.740 33.900 52.836 -.728
25.620 34.560 34.560 55.183 -.742
25.620 34.560 34.560 55.183 -.742
26.340 36.720 35.760 57.628 -.608
26.340 36.720 35.760 57.628 -.706
27.180 38.460 36.540 59.608 -.706
27.540 39.840 37.200 61.070 -.667
27.540 39.840 37.200 61.070 -.667
27.780 40.860 37.980 62.320 -.714
27.780 40.860 37.980 62.320 -.714
27.840 40.620 39.120 62.892 -.689
27.840 40.620 39.120 62.892 -.665
28.080 39.120 41.160 63.348 -.665
28.080 39.120 41.160 63.348 -.633
27.840 36.900 42.660 62.901 -.633
27.840 36.900 42.660 62.901 -.687
27.480 34.020 43.560 61.725 -.687
27.480 34.020 43.560 61.725 -.738
26.700 31.620 43.500 60.041 -.738
26.700 31.620 43.500 60.041 -.815
25.740 29.520 42.300 57.648 -.893
25.740 29.520 42.300 57.648 -.893
25.020 27.420 40.740 55.114 -.851
25.020 27.420 40.740 55.114 -.851
24.060 26.040 38.700 52.485 -1.084
24.060 26.040 38.700 52.485 -1.084
23.280 25.260 35.700 49.543 -.764
23.280 25.260 35.700 49.543 -.764
22.740 24.600 32.700 46.814 -.884
22.740 24.600 32.700 46.814 -.908
22.020 24.540 29.280 44.095 -.908
22.020 24.540 29.280 44.095 -.961
21.540 24.240 26.460 41.853 -.961
21.540 24.240 26.460 41.853 -.788
20.760 24.120 24.540 40.187 -.788
20.760 24.120 24.540 40.187 -.906
20.460 24.660 22.320 39.050 -.906
20.460 24.660 22.320 39.050 -.647
20.280 26.340 21.360 39.514 -.626
20.280 26.340 21.360 39.514 -.626
19.740 29.220 20.160 40.619 -.637
19.740 29.220 20.160 40.619 -.637
19.260 33.180 19.560 43.063 -.594
19.260 33.180 19.560 43.063 -.594
17.640 37.620 19.320 45.822 -.595
17.640 37.620 19.320 45.822 -.595
14.580 41.820 18.960 48.176 -.472
14.580 41.820 18.960 48.176 -.254
11.400 45.240 18.660 50.248 -.254
11.400 45.240 18.660 50.248 -.217
7.800 47.580 19.440 51.987 -.217
7.800 47.580 19.440 51.987 -.122
4.620 49.740 20.760 54.096 -.122
4.620 49.740 20.760 54.096 -.073
3.000 50.520 22.200 55.264 -.042
3.000 50.520 22.200 55.264 -.091
2.100 50.880 23.940 56.270 -.046
2.100 50.880 23.940 56.270 -.046
1.320 51.660 25.080 57.441 .006
1.320 51.660 25.080 57.441 .006
.600 51.780 26.040 57.962 .014
.600 51.780 26.040 57.962 .014
-.720 52.440 26.880 58.932 .037
-.720 52.440 26.880 58.932 .037
-2.460 53.340 27.660 60.136 .037
-2.460 53.340 27.660 60.136 -.005
-3.360 53.280 27.360 59.988 -.005
-3.360 53.280 27.360 59.988 .072
-3.660 53.160 26.460 59.494 .072
-3.660 53.160 26.460 59.494 .128
-3.000 52.560 25.620 58.549 .128
-3.000 52.560 25.620 58.549 .071
-2.160 51.360 24.780 57.066 .091
-2.160 51.360 24.780 57.066 .091
-1.920 49.980 24.360 55.634 .079
-1.920 49.980 24.360 55.634 .079
-1.920 48.840 24.300 54.585 -.035
-1.920 48.840 24.300 54.585 -.035
-1.860 47.940 23.880 53.591 .064
-1.860 47.940 23.880 53.591 .064
-2.100 47.820 23.400 53.280 .086
-2.100 47.820 23.400 53.280 .083
-2.460 48.540 23.040 53.787 .083
-2.460 48.540 23.040 53.787 .096
-3.600 49.860 22.740 54.919 .096
-3.600 49.860 22.740 54.919 .088
-5.040 51.780 22.440 56.658 .088
-5.040 51.780 22.440 56.658 .044
-5.880 53.700 22.320 58.450 .044
-5.880 53.700 22.320 58.450 .129
-6.240 55.020 21.480 59.393 .115
-6.240 55.020 21.480 59.393 .115
-6.480 55.860 20.460 59.841 .191
-6.480 55.860 20.460 59.841 .191
-6.420 55.800 18.780 59.225 .176
-6.420 55.800 18.780 59.225 .176
-7.260 55.500 16.320 58.304 .134
-7.260 55.500 16.320 58.304 .117
-8.100 54.900 13.980 57.228 .117
-8.100 54.900 13.980 57.228 .194
-8.340 53.520 10.860 55.244 .194
-8.340 53.520 10.860 55.244 .157
-8.580 53.040 7.920 54.310 .157
-8.580 53.040 7.920 54.310 .177
-8.880 52.020 4.500 52.964 .177
-8.880 52.020 4.500 52.964 .176
-9.360 51.840 .720 52.683 .181
-9.360 51.840 .720 52.683 .181
-10.140 53.820 -2.040 54.805 .187
-10.140 53.820 -2.040 54.805 .187
-10.020 55.620 -4.260 56.676 .182
-10.020 55.620 -4.260 56.676 .182
-9.060 58.500 -5.280 59.432 .178
-9.060 58.500 -5.280 59.432 .178
-7.260 61.620 -4.740 62.227 .154
-7.260 61.620 -4.740 62.227 .117
-5.820 63.540 -3.420 63.898 .117
-5.820 63.540 -3.420 63.898 .087
-5.340 64.800 -.960 65.027 .087
-5.340 64.800 -.960 65.027 .081
-4.320 65.580 2.160 65.758 .081
-4.320 65.580 2.160 65.758 .065
-3.840 65.100 5.040 65.408 .065
-3.840 65.100 5.040 65.408 .062
-2.340 63.960 8.220 64.528 .033
-2.340 63.960 8.220 64.528 .033
-.180 62.760 10.740 63.673 .037
-.180 62.760 10.740 63.673 .037
1.500 60.840 13.200 62.274 -.003
1.500 60.840 13.200 62.274 -.003
3.240 59.520 15.780 61.661 -.014
3.240 59.520 15.780 61.661 -.039
5.340 58.320 18.420 61.392 -.061
5.340 58.320 18.420 61.392 -.085
7.800 57.480 21.000 61.691 -.085
7.800 57.480 21.000 61.691 -.165
10.560 56.700 23.640 62.332 -.165
10.560 56.700 23.640 62.332 -.196
13.440 56.460 25.860 63.538 -.196
13.440 56.460 25.860 63.538 -.185
16.020 56.040 27.720 64.541 -.250
16.020 56.040 27.720 64.541 -.250
17.280 55.980 29.160 65.442 -.245
17.280 55.980 29.160 65.442 -.245
18.240 56.220 30.000 66.283 -.438
18.240 56.220 30.000 66.283 -.438
18.360 56.160 31.140 66.789 -.304
18.360 56.160 31.140 66.789 -.304
17.760 56.280 31.920 67.095 -.385
17.760 56.280 31.920 67.095 -.205
17.340 55.980 32.220 66.877 -.205
17.340 55.980 32.220 66.877 -.302
16.080 56.040 32.640 66.816 -.302
16.080 56.040 32.640 66.816 -.256
14.940 56.340 32.880 66.922 -.256
14.940 56.340 32.880 66.922 -.217
13.860 57.180 33.240 67.576 -.217
13.860 57.180 33.240 67.576 -.244
12.600 58.140 34.260 68.650 -.269
12.600 58.140 34.260 68.650 -.269
11.160 59.640 35.820 70.460 -.263
11.160 59.640 35.820 70.460 -.263
9.300 61.080 37.500 72.274 -.147
9.300 61.080 37.500 72.274 -.147
7.200 62.640 39.300 74.297 -.106
7.200 62.640 39.300 74.297 -.106
5.040 63.960 41.280 76.291 -.101
5.040 63.960 41.280 76.291 -.183
3.360 64.680 42.120 77.259 -.183
3.360 64.680 42.120 77.259 -.015
2.460 64.200 42.600 77.087 -.015
2.460 64.200 42.600 77.087 -.031
1.740 63.300 42.780 76.420 -.031
1.740 63.300 42.780 76.420 .027
.540 62.160 42.660 75.393 .098
.540 62.160 42.660 75.393 .009
-.960 60.360 41.820 73.438 .070
-.960 60.360 41.820 73.438 .070
-2.220 59.220 40.740 71.914 .002
-2.220 59.220 40.740 71.914 .002
-3.840 58.020 39.300 70.182 .125
-3.840 58.020 39.300 70.182 .125
-5.040 56.640 37.440 68.083 .066
-5.040 56.640 37.440 68.083 .217
-6.240 55.800 36.660 67.056 .217
-6.240 55.800 36.660 67.056 .177
-7.980 54.900 36.240 66.265 .177
-7.980 54.900 36.240 66.265 .180
-9.660 54.300 36.180 65.961 .180
-9.660 54.300 36.180 65.961 .177
-11.580 54.540 36.960 66.894 .177
-11.580 54.540 36.960 66.894 .287
-12.840 54.660 37.560 67.552 .253
-12.840 54.660 37.560 67.552 .253
-13.380 55.920 38.400 69.142 .245
-13.380 55.920 38.400 69.142 .245
-14.220 57.120 39.660 70.978 .305
-14.220 57.120 39.660 70.978 .305
-14.220 58.800 40.560 72.834 .319
-14.220 58.800 40.560 72.834 .319
-14.460 61.380 41.940 75.733 .254
-14.460 61.380 41.940 75.733 .279
-15.120 63.720 42.600 78.126 .279
-15.120 63.720 42.600 78.126 .247
-14.880 66.240 43.080 80.405 .247
-14.880 66.240 43.080 80.405 .286
-15.240 68.340 43.200 82.273 .286
-15.240 68.340 43.200 82.273 .334
-16.680 69.180 42.300 82.785 .334
-16.680 69.180 42.300 82.785 .323
-18.120 69.420 42.000 83.135 .364
-18.120 69.420 42.000 83.135 .364
-20.040 69.600 41.040 83.247 .246
-20.040 69.600 41.040 83.247 .246
-21.060 69.360 39.720 82.656 .362
-21.060 69.360 39.720 82.656 .362
-21.300 69.180 39.000 82.223 .416
-21.300 69.180 39.000 82.223 .416
-21.180 68.520 37.440 80.903 .341
-21.180 68.520 37.440 80.903 .353
-20.340 66.840 35.160 78.215 .353
-19.920 64.920 32.700 75.370 .400
-19.920 64.920 32.700 75.370 .400
-18.840 62.760 29.160 71.722 .245
-18.840 62.760 29.160 71.722 .245
-17.100 60.720 25.140 67.907 .372
-17.100 60.720 25.140 67.907 .299
-15.420 59.580 20.520 64.874 .299
-15.420 59.580 20.520 64.874 .309
-13.620 58.800 15.600 62.340 .309
-13.620 58.800 15.600 62.340 .258
-12.120 58.980 10.500 61.121 .258
-12.120 58.980 10.500 61.121 .213
-10.260 60.720 5.940 61.867 .213
-10.260 60.720 5.940 61.867 .159
-7.980 63.360 2.580 63.913 .131
-7.980 63.360 2.580 63.913 .131
-5.580 66.600 .600 66.836 .124
-5.580 66.600 .600 66.836 .124
-3.420 70.260 .480 70.345 .084
-3.420 70.260 .480 70.345 .084
-3.360 73.080 1.680 73.176 .050
-3.360 73.080 1.680 73.176 .050
-4.320 74.880 3.780 75.100 .048
-4.320 74.880 3.780 75.100 .056
-5.520 75.000 6.180 75.456 .056
-5.520 75.000 6.180 75.456 .082
-6.720 74.580 8.460 75.359 .082
-6.720 74.580 8.460 75.359 .087
-7.680 73.500 11.160 74.738 .087
-7.680 73.500 11.160 74.738 .121
-8.640 71.640 13.200 73.357 .121
-8.640 71.640 13.200 73.357 .142
-10.140 70.020 15.060 72.335 .164
-10.140 70.020 15.060 72.335 .164
-11.700 67.980 16.620 70.953 .148
-11.700 67.980 16.620 70.953 .148
-12.420 65.880 17.580 69.307 .208
-12.420 65.880 17.580 69.307 .208
-12.900 64.140 19.260 68.200 .174
-12.900 64.140 19.260 68.200 .174
-13.140 62.940 21.180 67.696 .220
-13.140 62.940 21.180 67.696 .261
-13.320 61.800 23.460 67.432 .261
-13.320 61.800 23.460 67.432 .242
-14.040 60.540 25.800 67.289 .242
-14.040 60.540 25.800 67.289 .244
-14.280 59.760 27.780 67.431 .244
-14.280 59.760 27.780 67.431 .313
-14.400 59.400 29.820 68.007 .274
-14.400 59.400 29.820 68.007 .274
-14.160 59.160 31.500 68.503 .262
-14.160 59.160 31.500 68.503 .262
-14.280 59.340 33.240 69.499 .309
-14.280 59.340 33.240 69.499 .309
-14.640 59.820 34.620 70.649 .301
-14.640 59.820 34.620 70.649 .301
-15.240 59.760 35.340 71.080 .238
-15.240 59.760 35.340 71.080 .301
-15.660 60.360 36.360 72.185 .301
-15.660 60.360 36.360 72.185 .258
-16.260 60.900 36.480 72.828 .258
-16.260 60.900 36.480 72.828 .294
-17.460 60.900 36.060 72.897 .294
-17.460 60.900 36.060 72.897 .397
-18.360 61.020 35.460 72.924 .397
-18.360 61.020 35.460 72.924 .351
-20.100 60.660 34.200 72.480 .322
-20.100 60.660 34.200 72.480 .322
-20.880 60.000 32.880 71.534 .403
-20.880 60.000 32.880 71.534 .403
-21.720 59.280 31.740 70.663 .359
-21.720 59.280 31.740 70.663 .359
-22.800 58.620 31.920 70.534 .372
-22.800 58.620 31.920 70.534 .372
-23.400 57.900 32.400 70.354 .434
-23.400 57.900 32.400 70.354 .449
-24.120 57.180 33.420 70.486 .449
-24.120 57.180 33.420 70.486 .397
-24.600 56.580 35.640 71.251 .397
-24.600 56.580 35.640 71.251 .490
-24.720 56.220 37.380 71.896 .490
-24.720 56.220 37.380 71.896 .430
-24.780 56.160 39.600 73.049 .500
-24.780 56.160 39.600 73.049 .382
-25.140 56.040 42.000 74.408 .484
-25.140 56.040 42.000 74.408 .484
-25.380 56.400 43.080 75.372 .510
-25.380 56.400 43.080 75.372 .510
-25.620 56.640 43.260 75.736 .410
-25.620 56.640 43.260 75.736 .410
-25.800 57.000 42.720 75.760 .498
-25.800 57.000 42.720 75.760 .469
-25.260 57.720 40.980 75.160 .469
-25.260 57.720 40.980 75.160 .515
-24.360 58.020 39.360 74.222 .515
-24.360 58.020 39.360 74.222 .415
-23.760 57.960 37.800 73.162 .415
-23.760 57.960 37.800 73.162 .447
-22.800 57.240 36.240 71.481 .447
-22.800 57.240 36.240 71.481 .419
-21.480 57.060 35.460 70.531 .359
-21.480 57.060 35.460 70.531 .359
-19.980 56.580 34.260 69.096 .385
-19.980 56.580 34.260 69.096 .385
-17.820 57.600 34.320 69.377 .430
-17.820 57.600 34.320 69.377 .430
-16.140 58.560 34.500 69.857 .344
-16.140 58.560 34.500 69.857 .344
-14.760 59.340 34.800 70.357 .307
-14.760 59.340 34.800 70.357 .320
-13.440 61.140 36.060 72.243 .320
-13.440 61.140 36.060 72.243 .170
-11.460 62.040 36.000 72.638 .170
-11.460 62.040 36.000 72.638 .249
-9.300 63.960 35.580 73.779 .249
-9.300 63.960 35.580 73.779 .183
-7.740 65.580 35.280 74.869 .183
-7.740 65.580 35.280 74.869 .192
-6.720 66.660 33.720 75.005 .133
-6.720 66.660 33.720 75.005 .133
-7.440 67.380 31.500 74.751 .153
-7.440 67.380 31.500 74.751 .153
-7.500 67.560 29.100 73.942 .081
-7.500 67.560 29.100 73.942 .081
-7.860 66.960 25.800 72.188 .152
-7.860 66.960 25.800 72.188 .132
-7.920 65.700 22.980 70.052 .132
-7.920 65.700 22.980 70.052 .178
-8.340 64.140 21.060 68.022 .178
-8.340 64.140 21.060 68.022 .155
-9.720 61.560 18.900 65.125 .155
-9.720 61.560 18.900 65.125 .187
-10.620 59.340 17.820 62.862 .187
-10.620 59.340 17.820 62.862 .189
-11.700 57.180 16.680 60.701 .245
-11.700 57.180 16.680 60.701 .245
-12.120 55.440 15.660 58.870 .237
-12.120 55.440 15.660 58.870 .237
-12.000 54.840 15.480 58.233 .229
-12.000 54.840 15.480 58.233 .229
-12.300 54.120 14.640 57.399 .272
-12.300 54.120 14.640 57.399 .272
-12.360 54.180 14.640 57.468 .256
-12.360 54.180 14.640 57.468 .224
-12.240 54.000 14.400 57.212 .224
-12.240 54.000 14.400 57.212 .235
-11.940 53.580 13.320 56.487 .235
-11.940 53.580 13.320 56.487 .230
-11.460 53.520 12.420 56.125 .230
-11.460 53.520 12.420 56.125 .223
-10.980 52.500 10.440 54.643 .223
-10.980 52.500 10.440 54.643 .215
-10.620 50.640 8.160 52.381 .228
-10.620 50.640 8.160 52.381 .228
-10.740 48.540 6.540 50.142 .233
-10.740 48.540 6.540 50.142 .233
-10.560 45.600 5.220 47.097 .226
-10.560 45.600 5.220 47.097 .226
-10.440 43.020 5.100 44.561 .246
-10.440 43.020 5.100 44.561 .246
-10.320 41.820 6.000 43.490 .264
-10.320 41.820 6.000 43.490 .244
-10.260 40.980 7.620 42.927 .244
-10.260 40.980 7.620 42.927 .260
-10.320 41.940 10.020 44.338 .260
-10.320 41.940 10.020 44.338 .266
-10.560 44.100 11.820 46.862 .266
-10.560 44.100 11.820 46.862 .215
-10.320 46.800 13.860 49.888 .259
-10.320 46.800 13.860 49.888 .259
-9.300 50.460 15.300 53.542 .211
-9.300 50.460 15.300 53.542 .211
-8.460 54.120 15.900 57.038 .175
-8.460 54.120 15.900 57.038 .175
-7.800 57.360 16.020 60.064 .164
-7.800 57.360 16.020 60.064 .164
-7.440 59.580 15.120 61.917 .154
-7.440 59.580 15.120 61.917 .102
-7.620 60.540 12.960 62.379 .102
-7.620 60.540 12.960 62.379 .146
-7.140 60.420 10.500 61.740 .146
-7.140 60.420 10.500 61.740 .126
-6.300 60.180 8.640 61.123 .126
-6.300 60.180 8.640 61.123 .127
-6.120 58.560 6.720 59.261 .127
-6.120 58.560 6.720 59.261 .110
-6.660 57.060 6.000 57.760 .130
-6.660 57.060 6.000 57.760 .130
-7.800 55.020 6.120 55.906 .125
-7.800 55.020 6.120 55.906 .125
-8.640 52.860 6.660 53.974 .173
-8.640 52.860 6.660 53.974 .173
-9.540 51.480 8.520 53.045 .196
-9.540 51.480 8.520 53.045 .196
-9.660 50.220 10.560 52.220 .222
-9.660 50.220 10.560 52.220 .200
-10.380 49.920 13.020 52.624 .200
-10.380 49.920 13.020 52.624 .270
-11.700 50.340 15.600 53.985 .270
-11.700 50.340 15.600 53.985 .195
-12.720 51.900 18.060 56.405 .195
-12.720 51.900 18.060 56.405 .279
-14.280 54.420 20.220 59.785 .279
-14.280 54.420 20.220 59.785 .288
-15.420 57.600 21.420 63.359 .319
-15.420 57.600 21.420 63.359 .319
-17.220 59.820 22.380 66.150 .302
-19.200 61.200 22.920 68.113 .302
-19.200 61.200 22.920 68.113 .364
-20.280 61.980 23.340 69.264 .364
-20.280 61.980 23.340 69.264 .301
-21.420 62.520 24.600 70.518 .301
-21.420 62.520 24.600 70.518 .392
-20.820 63.420 26.100 71.671 .403
-20.820 63.420 26.100 71.671 .403
-20.280 64.800 28.020 73.454 .350
-20.280 64.800 28.020 73.454 .350
-19.500 66.360 31.020 75.803 .357
-19.500 66.360 31.020 75.803 .357
-18.180 67.440 33.840 77.613 .359
-18.180 67.440 33.840 77.613 .209
-16.860 68.940 36.660 79.881 .209
-16.860 68.940 36.660 79.881 .305
-14.400 70.560 39.000 81.897 .305
-14.400 70.560 39.000 81.897 .245
-11.460 72.120 39.780 83.157 .245
-11.460 72.120 39.780 83.157 .219
-8.280 72.960 38.700 83.002 .219
-8.280 72.960 38.700 83.002 .167
-5.520 73.140 35.760 81.601 .089
-5.520 73.140 35.760 81.601 .089
-3.480 73.080 31.800 79.775 .002
-3.480 73.080 31.800 79.775 .002
-1.860 71.280 26.160 75.952 .093
-1.860 71.280 26.160 75.952 .093
.000 69.660 20.880 72.722 .073
.000 69.660 20.880 72.722 .073
1.020 67.440 15.780 69.269 .027
1.020 67.440 15.780 69.269 .007
2.460 63.600 10.800 64.557 .007
2.460 63.600 10.800 64.557 -.017
3.840 60.600 7.380 61.168 -.017
3.840 60.600 7.380 61.168 -.075
4.740 57.360 5.040 57.776 -.075
4.740 57.360 5.040 57.776 -.077
6.420 54.420 3.480 54.908 -.077
6.420 54.420 3.480 54.908 -.114
7.980 52.620 2.460 53.278 -.139
7.980 52.620 2.460 53.278 -.139
9.060 51.480 2.040 52.311 -.151
9.060 51.480 2.040 52.311 -.151
9.720 51.600 1.740 52.536 -.181
9.720 51.600 1.740 52.536 -.181
10.620 52.740 1.560 53.821 -.193
10.620 52.740 1.560 53.821 -.193
11.340 54.480 1.380 55.665 -.202
11.340 54.480 1.380 55.665 -.210
11.820 56.640 1.380 57.877 -.210
11.820 56.640 1.380 57.877 -.206
11.940 57.960 1.320 59.192 -.206
11.940 57.960 1.320 59.192 -.209
11.340 58.680 2.100 59.803 -.209
11.340 58.680 2.100 59.803 -.195
10.860 59.280 4.080 60.405 -.194
10.860 59.280 4.080 60.405 -.194
10.860 59.280 6.660 60.633 -.183
10.860 59.280 6.660 60.633 -.183
11.820 60.180 10.260 62.182 -.182
11.820 60.180 10.260 62.182 -.182
12.300 61.140 13.680 63.848 -.178
12.300 61.140 13.680 63.848 -.178
11.700 62.880 16.620 66.083 -.203
11.700 62.880 16.620 66.083 -.226
10.680 65.220 19.020 68.771 -.226
10.680 65.220 19.020 68.771 -.200
8.940 67.560 20.220 71.085 -.200
8.940 67.560 20.220 71.085 -.147
7.260 70.080 20.460 73.366 -.147
7.260 70.080 20.460 73.366 -.121
6.180 72.300 19.680 75.185 -.121
6.180 72.300 19.680 75.185 -.065
4.140 73.500 17.640 75.700 -.050
4.140 73.500 17.640 75.700 -.050
1.800 74.160 15.540 75.792 -.020
1.800 74.160 15.540 75.792 -.020
.060 73.860 13.200 75.030 -.045
.060 73.860 13.200 75.030 -.045
-1.380 72.000 10.020 72.707 .017
-1.380 72.000 10.020 72.707 .017
-2.340 69.360 7.500 69.804 .029
-2.340 69.360 7.500 69.804 .045
-3.000 65.220 5.100 65.488 .045
-3.000 65.220 5.100 65.488 .047
-4.860 60.960 4.200 61.297 .047
-4.860 60.960 4.200 61.297 .087
-6.600 56.640 4.740 57.220 .087
-6.600 56.640 4.740 57.220 .106
-7.800 53.280 6.660 54.258 .156
-7.800 53.280 6.660 54.258 .156
-8.640 50.880 9.060 52.398 .198
-8.640 50.880 9.060 52.398 .198
-8.520 49.380 11.700 51.457 .187
-8.520 49.380 11.700 51.457 .187
-8.220 48.840 14.460 51.595 .184
-8.220 48.840 14.460 51.595 .184
-7.380 49.320 16.500 52.528 .203
-7.380 49.320 16.500 52.528 .111
-6.540 50.220 18.000 53.748 .198
-6.540 50.220 18.000 53.748 .198
-5.820 51.420 18.480 54.949 .120
-5.820 51.420 18.480 54.949 .120
-4.560 53.520 18.360 56.765 .139
-4.560 53.520 18.360 56.765 .139
-3.840 54.600 17.820 57.563 .116
-3.840 54.600 17.820 57.563 .116
-2.940 55.020 16.980 57.656 .096
-2.940 55.020 16.980 57.656 .061
-1.620 54.660 16.140 57.016 .061
-1.620 54.660 16.140 57.016 .066
-.480 53.760 15.780 56.030 .066
-.480 53.760 15.780 56.030 -.002
.780 52.620 16.020 55.010 -.002
.780 52.620 16.020 55.010 .059
1.920 51.480 16.500 54.094 .059
1.920 51.480 16.500 54.094 -.010
2.700 50.280 17.340 53.255 -.039
2.700 50.280 17.340 53.255 -.039
3.300 48.780 18.420 52.246 -.087
3.300 48.780 18.420 52.246 -.087
4.200 47.160 19.020 51.024 -.046
4.200 47.160 19.020 51.024 -.046
4.680 45.900 19.860 50.231 -.104
4.680 45.900 19.860 50.231 -.104
5.280 44.820 20.880 49.726 -.047
5.280 44.820 20.880 49.726 -.127
5.160 44.280 21.720 49.589 -.127
5.160 44.280 21.720 49.589 -.096
4.380 44.400 23.040 50.213 -.096
4.380 44.400 23.040 50.213 -.133
4.140 44.760 24.900 51.387 -.133
4.140 44.760 24.900 51.387 -.055
3.540 45.360 26.520 52.663 -.119
3.540 45.360 26.520 52.663 -.119
2.940 46.320 28.440 54.434 .037
2.940 46.320 28.440 54.434 .037
2.220 48.540 30.480 57.359 .031
2.220 48.540 30.480 57.359 .031
1.140 51.420 31.680 60.406 -.010
1.140 51.420 31.680 60.406 -.010
.120 54.600 33.240 63.922 -.009
.120 54.600 33.240 63.922 .050
-.660 58.080 33.420 67.012 .050
-.660 58.080 33.420 67.012 .006
-1.680 60.300 32.580 68.559 .006
-1.680 60.300 32.580 68.559 .106
-2.640 62.400 31.320 69.869 .106
-2.640 62.400 31.320 69.869 .117
-4.020 63.540 28.620 69.804 .117
-4.020 63.540 28.620 69.804 .105
-5.880 63.660 25.980 69.008 .111
-5.880 63.660 25.980 69.008 .111
-7.920 62.940 23.460 67.635 .178
-7.920 62.940 23.460 67.635 .178
-10.140 62.160 20.760 66.315 .180
-10.140 62.160 20.760 66.315 .180
-12.180 61.500 18.540 65.378 .231
-12.180 61.500 18.540 65.378 .231
-14.280 60.180 16.620 64.045 .234
-14.280 60.180 16.620 64.045 .272
-16.200 58.920 15.300 62.993 .272
-16.200 58.920 15.300 62.993 .271
-17.400 57.060 15.060 61.526 .271
-17.400 57.060 15.060 61.526 .345
-18.000 55.920 15.840 60.844 .345
-18.000 55.920 15.840 60.844 .323
-17.520 55.320 17.340 60.563 .323
-17.520 55.320 17.340 60.563 .322
-16.200 55.320 18.780 60.625 .329
-16.200 55.320 18.780 60.625 .329
-15.660 55.440 19.860 60.936 .310
-15.660 55.440 19.860 60.936 .310
-14.940 55.140 20.880 60.824 .254
-14.940 55.140 20.880 60.824 .254
-13.500 54.960 20.700 60.261 .274
-13.500 54.960 20.700 60.261 .274
-12.120 54.780 20.580 59.760 .273
-12.120 54.780 20.580 59.760 .232
-10.740 54.780 19.680 59.190 .232
-10.740 54.780 19.680 59.190 .218
-9.360 54.600 17.760 58.174 .218
-9.360 54.600 17.760 58.174 .206
-8.880 54.480 15.780 57.410 .206
-8.880 54.480 15.780 57.410 .157
-8.520 54.420 13.560 56.727 .166
-8.520 54.420 13.560 56.727 .166
-7.080 53.940 10.620 55.430 .145
-7.080 53.940 10.620 55.430 .145
-5.640 54.300 8.940 55.319 .105
-5.640 54.300 8.940 55.319 .105
-4.200 54.360 8.340 55.156 .085
-4.200 54.360 8.340 55.156 .085
-3.360 55.020 8.160 55.723 .068
-3.360 55.020 8.160 55.723 .061
-3.300 55.980 9.600 56.893 .061
-3.300 55.980 9.600 56.893 .067
-3.540 56.400 11.340 57.638 .067
-3.540 56.400 11.340 57.638 .077
-3.900 57.120 12.660 58.636 .077
-3.900 57.120 12.660 58.636 .069
-3.780 57.720 14.160 59.552 .069
-3.780 57.720 14.160 59.552 .091
-4.080 58.020 15.240 60.127 .088
-4.080 58.020 15.240 60.127 .088
-4.260 58.380 15.300 60.502 .075
-4.260 58.380 15.300 60.502 .075
-4.140 58.860 14.580 60.780 .069
-4.140 58.860 14.580 60.780 .069
-4.260 58.560 13.380 60.220 .081
-4.260 58.560 13.380 60.220 .081
-4.140 58.980 11.700 60.272 .088
-4.140 58.980 11.700 60.272 .065
-4.620 58.200 9.120 59.091 .065
-4.620 58.200 9.120 59.091 .091
-5.820 56.460 7.140 57.206 .091
-5.820 56.460 7.140 57.206 .111
-6.900 55.740 4.740 56.365 .111
-6.900 55.740 4.740 56.365 .111
-7.260 54.060 2.760 54.615 .111
-7.260 54.060 2.760 54.615 .140
-7.620 53.520 1.740 54.088 .146
-7.920 54.240 1.260 54.830 .146
-7.920 54.240 1.260 54.830 .147
-7.920 54.240 1.260 54.830 .147
-9.060 54.060 1.020 54.823 .171
-11.580 54.420 .900 55.646 .171
-11.580 54.420 .900 55.646 .213
-13.680 54.120 1.260 55.836 .244
-13.680 54.120 1.260 55.836 .244
-15.660 53.040 .900 55.311 .253
-15.660 53.040 .900 55.311 .253
-17.160 52.620 1.920 55.381 .289
-17.160 52.620 1.920 55.381 .289
-18.900 51.180 2.880 54.634 .317
-18.900 51.180 2.880 54.634 .317
-20.820 50.880 4.320 55.144 .366
-20.820 50.880 4.320 55.144 .402
-22.320 51.120 6.420 56.148 .402
-22.320 51.120 6.420 56.148 .390
-24.060 51.300 8.460 57.290 .390
-24.060 51.300 8.460 57.290 .464
-25.440 52.860 11.460 59.772 .464
-25.440 52.860 11.460 59.772 .463
-26.820 54.240 14.580 62.240 .463
-26.820 54.240 14.580 62.240 .513
-28.740 55.740 17.880 65.212 .532
-28.740 55.740 17.880 65.212 .532
-30.660 57.300 21.060 68.314 .489
-30.660 57.300 21.060 68.314 .489
-31.740 58.740 23.280 70.709 .483
-31.740 58.740 23.280 70.709 .483
-31.800 60.840 25.860 73.359 .550
-31.800 60.840 25.860 73.359 .550
-31.680 62.580 28.800 75.824 .505
-31.680 62.580 28.800 75.824 .512
-31.620 63.600 31.620 77.747 .512
-31.620 63.600 31.620 77.747 .557
-31.200 64.080 34.560 79.209 .557
-31.200 64.080 34.560 79.209 .515
-31.740 63.840 37.140 80.389 .515
-31.740 63.840 37.140 80.389 .427
-31.080 63.360 39.480 80.865 .427
-31.080 63.360 39.480 80.865 .544
-29.280 63.840 42.060 81.865 .471
-29.280 63.840 42.060 81.865 .471
-27.420 64.560 44.940 83.303 .465
-27.420 64.560 44.940 83.303 .465
-25.260 65.400 47.400 84.629 .474
-25.260 65.400 47.400 84.629 .474
-23.400 66.600 49.080 85.977 .432
-23.400 66.600 49.080 85.977 .432
-21.600 67.560 49.800 86.666 .317
-21.600 67.560 49.800 86.666 .347
-18.660 68.520 49.380 86.496 .347
-18.660 68.520 49.380 86.496 .332
-14.460 68.760 47.700 84.925 .332
-14.460 68.760 47.700 84.925 .339
-10.680 68.520 45.180 82.766 .339
-10.680 68.520 45.180 82.766 .176
-6.900 66.900 41.400 78.976 .182
-6.900 66.900 41.400 78.976 .065
-4.620 64.680 36.780 74.549 .086
-4.620 64.680 36.780 74.549 .086
-3.720 61.920 31.380 69.517 .021
-3.720 61.920 31.380 69.517 .021
-2.580 58.320 26.040 63.922 .067
-2.580 58.320 26.040 63.922 .067
-2.160 56.220 21.060 60.074 .160
-2.160 56.220 21.060 60.074 .020
-2.100 53.160 16.680 55.755 .020
-2.100 53.160 16.680 55.755 .048
-2.160 50.880 13.440 52.669 .048
-2.160 50.880 13.440 52.669 .047
-2.940 49.440 10.200 50.567 .047
-2.940 49.440 10.200 50.567 .028
-2.880 47.880 8.400 48.696 .028
-2.880 47.880 8.400 48.696 .069
-2.820 47.280 7.080 47.890 .081
-2.820 47.280 7.080 47.890 .081
-3.300 46.500 6.300 47.041 .077
-3.300 46.500 6.300 47.041 .077
-3.660 46.380 5.880 46.894 .074
-3.660 46.380 5.880 46.894 .074
-5.040 46.620 5.400 47.202 .098
-5.040 46.620 5.400 47.202 .098
-5.640 47.460 5.040 48.059 .096
-5.640 47.460 5.040 48.059 .130
-5.580 49.020 4.320 49.525 .130
-5.580 49.020 4.320 49.525 .117
-5.880 50.280 4.200 50.797 .117
-5.880 50.280 4.200 50.797 .124
-6.240 51.000 3.720 51.515 .124
-6.240 51.000 3.720 51.515 .129
-6.900 51.900 3.480 52.472 .129
-6.900 51.900 3.480 52.472 .138
-7.980 52.920 3.720 53.647 .156
-7.980 52.920 3.720 53.647 .156
