X Y Z F A
-4.560 9.660 48.660 49.819 .802
-4.500 9.660 48.420 49.579 .802
-4.500 9.660 48.420 49.579 .799
-4.440 9.960 48.480 49.691 .799
-4.440 9.960 48.480 49.691 .886
-4.320 9.960 48.540 49.739 .886
-4.320 9.960 48.540 49.739 1.154
-4.200 9.960 48.780 49.963 1.144
-4.200 9.960 48.780 49.963 1.144
-4.200 10.200 48.660 49.895 1.450
-4.200 10.200 48.660 49.895 1.450
-3.840 10.500 48.240 49.519 1.546
-3.840 10.500 48.240 49.519 1.546
-3.480 10.860 47.760 49.103 .715
-3.480 10.860 47.760 49.103 .715
-2.940 11.100 46.560 47.955 .259
-2.940 11.100 46.560 47.955 .259
-2.040 10.620 45.120 46.398 .755
-2.040 10.620 45.120 46.398 1.128
-1.380 9.540 43.260 44.321 1.128
-1.380 9.540 43.260 44.321 -.114
-.300 8.040 40.920 41.703 -.114
-.300 8.040 40.920 41.703 .170
.060 6.600 38.640 39.200 .170
.060 6.600 38.640 39.200 2.248
.300 5.460 36.720 37.125 2.248
.300 5.460 36.720 37.125 -.169
.660 4.140 33.900 34.158 .949
.660 4.140 33.900 34.158 .949
.780 3.840 31.620 31.862 1.152
.780 3.840 31.620 31.862 1.152
1.140 3.600 28.800 29.047 -2.748
1.140 3.600 28.800 29.047 -2.748
1.800 4.620 26.100 26.567 -.174
1.800 4.620 26.100 26.567 .024
2.400 6.720 24.060 25.096 .024
2.400 6.720 24.060 25.096 -.434
2.520 9.420 21.780 23.863 -.434
2.520 9.420 21.780 23.863 -.936
2.400 12.720 20.460 24.211 -.936
2.400 12.720 20.460 24.211 -.263
1.260 15.120 19.500 24.707 -.263
1.260 15.120 19.500 24.707 .031
-.240 17.160 19.020 25.618 -.002
-.240 17.160 19.020 25.618 -.002
-1.500 17.280 19.080 25.786 -.080
-1.500 17.280 19.080 25.786 -.080
-3.240 15.840 20.100 25.796 .236
-3.240 15.840 20.100 25.796 .236
-5.460 14.160 20.880 25.813 .268
-5.460 14.160 20.880 25.813 .268
-7.740 10.860 23.040 26.621 .393
-7.740 10.860 23.040 26.621 .766
-10.080 8.220 24.840 28.039 .766
-10.080 8.220 24.840 28.039 .822
-12.180 6.540 25.920 29.376 .822
-12.180 6.540 25.920 29.376 .978
-13.380 5.100 27.840 31.307 .978
-13.380 5.100 27.840 31.307 1.491
-15.480 4.920 29.580 33.746 1.491
-15.480 4.920 29.580 33.746 1.424
-17.640 4.920 32.220 37.061 1.167
-17.640 4.920 32.220 37.061 1.167
-19.320 4.680 34.860 40.130 1.522
-19.320 4.680 34.860 40.130 1.522
-20.940 4.500 37.260 42.977 1.487
-20.940 4.500 37.260 42.977 1.487
-21.240 4.080 37.980 43.707 1.041
-21.240 4.080 37.980 43.707 1.041
-21.540 2.700 37.320 43.175 1.510
-21.540 2.700 37.320 43.175 1.597
-21.720 1.980 36.600 42.606 1.597
-21.720 1.980 36.600 42.606 1.361
-20.880 .540 34.980 40.741 1.361
-20.880 .540 34.980 40.741 1.591
-19.140 -1.020 33.780 38.839 1.591
-19.140 -1.020 33.780 38.839 1.812
-16.560 -1.380 32.400 36.413 1.726
-16.560 -1.380 32.400 36.413 1.726
-13.200 -1.500 31.380 34.076 1.733
-13.200 -1.500 31.380 34.076 1.733
-10.080 -.780 30.480 32.113 1.924
-10.080 -.780 30.480 32.113 1.924
-8.100 1.440 29.820 30.934 2.069
-8.100 1.440 29.820 30.934 2.069
-6.060 3.060 30.240 30.993 1.405
-6.060 3.060 30.240 30.993 1.593
-4.740 4.260 30.120 30.787 1.593
-4.740 4.260 30.120 30.787 1.310
-3.420 6.000 29.520 30.317 1.310
-3.420 6.000 29.520 30.317 -.827
-2.040 6.420 28.800 29.577 -.827
-2.040 6.420 28.800 29.577 .563
-1.140 7.620 27.840 28.886 .563
-1.140 7.620 27.840 28.886 -.150
-.180 9.300 26.940 28.501 .326
-.180 9.300 26.940 28.501 .326
1.140 9.900 26.460 28.274 .230
1.140 9.900 26.460 28.274 .230
2.220 10.920 26.520 28.766 -.335
2.220 10.920 26.520 28.766 -.335
3.960 12.300 26.640 29.608 -.134
3.960 12.300 26.640 29.608 -.134
6.000 12.720 26.580 30.071 -.236
6.000 12.720 26.580 30.071 -.629
7.080 13.560 26.460 30.564 -.629
7.080 13.560 26.460 30.564 -.636
9.660 14.100 25.620 30.798 -.636
9.660 14.100 25.620 30.798 -.757
11.880 13.560 24.480 30.402 -.757
11.880 13.560 24.480 30.402 -.807
13.920 13.080 23.400 30.206 -.807
13.920 13.080 23.400 30.206 -1.026
17.220 13.680 21.180 30.533 -.988
17.220 13.680 21.180 30.533 -.988
20.220 14.100 18.480 30.809 -1.017
20.220 14.100 18.480 30.809 -1.017
22.740 14.760 14.760 30.868 -1.008
22.740 14.760 14.760 30.868 -1.008
26.100 15.420 10.440 32.062 -1.042
26.100 15.420 10.440 32.062 -1.042
28.920 15.120 6.780 33.331 -1.061
28.920 15.120 6.780 33.331 -1.091
31.020 13.980 2.640 34.127 -1.091
31.020 13.980 2.640 34.127 -1.146
33.540 11.940 -.540 35.606 -1.146
33.540 11.940 -.540 35.606 -1.232
34.560 7.860 -3.060 35.574 -1.232
34.560 7.860 -3.060 35.574 -1.348
34.860 3.720 -5.280 35.453 -1.348
34.860 3.720 -5.280 35.453 -1.461
34.920 -.900 -5.280 35.328 -1.582
34.920 -.900 -5.280 35.328 -1.582
34.140 -4.800 -3.960 34.702 -1.709
34.140 -4.800 -3.960 34.702 -1.709
33.240 -7.620 -2.280 34.178 -1.787
33.240 -7.620 -2.280 34.178 -1.787
31.260 -10.740 1.680 33.096 -1.907
31.260 -10.740 1.680 33.096 -1.907
33.540 -13.980 13.260 38.681 -1.900
33.540 -13.980 13.260 38.681 -2.054
30.060 -16.080 16.080 37.693 -2.054
30.060 -16.080 16.080 37.693 -2.144
26.340 -16.680 19.980 37.030 -2.144
26.340 -16.680 19.980 37.030 -2.180
23.340 -16.620 22.200 36.247 -2.180
23.340 -16.620 22.200 36.247 -2.087
22.260 -16.800 24.780 37.307 -2.087
22.260 -16.800 24.780 37.307 -2.316
20.580 -15.600 27.540 37.754 -2.250
20.580 -15.600 27.540 37.754 -2.250
19.560 -14.160 28.920 37.676 -2.040
19.560 -14.160 28.920 37.676 -2.040
19.380 -12.600 30.600 38.350 -2.240
19.380 -12.600 30.600 38.350 -2.240
18.600 -10.380 31.920 38.374 -2.237
18.600 -10.380 31.920 38.374 -1.914
19.380 -8.760 32.520 38.857 -1.914
19.380 -8.760 32.520 38.857 -2.140
20.160 -7.020 33.900 40.061 -2.140
20.160 -7.020 33.900 40.061 -2.001
20.100 -5.220 34.440 40.217 -2.001
20.100 -5.220 34.440 40.217 -1.791
20.160 -4.020 35.340 40.884 -1.791
20.160 -4.020 35.340 40.884 -1.851
19.620 -2.700 37.020 41.985 -1.945
19.620 -2.700 37.020 41.985 -1.945
19.500 -1.680 37.860 42.620 -1.848
19.500 -1.680 37.860 42.620 -1.848
19.680 -.720 39.960 44.549 -1.843
19.680 -.720 39.960 44.549 -1.843
19.440 -.060 42.120 46.390 -1.764
19.440 -.060 42.120 46.390 -1.764
18.960 .840 43.260 47.240 -1.921
18.960 .840 43.260 47.240 -1.633
18.900 1.200 45.720 49.487 -1.633
18.900 1.200 45.720 49.487 -1.928
18.780 1.500 47.760 51.342 -1.928
18.780 1.500 47.760 51.342 -1.967
19.560 1.980 49.320 53.094 -1.967
19.560 1.980 49.320 53.094 -1.721
19.800 2.400 52.020 55.712 -1.721
19.800 2.400 52.020 55.712 -1.750
19.140 3.420 53.820 57.224 -1.716
19.140 3.420 53.820 57.224 -1.716
18.840 4.080 54.900 58.186 -1.590
18.840 4.080 54.900 58.186 -1.590
18.000 4.860 55.500 58.548 -1.897
18.000 4.860 55.500 58.548 -1.897
1.260 5.040 42.840 43.154 -.997
1.260 5.040 42.840 43.154 -.997
2.220 5.160 41.580 41.958 -1.193
2.220 5.160 41.580 41.958 -2.795
2.760 5.160 40.620 41.039 -2.795
2.760 5.160 40.620 41.039 -1.151
3.360 4.980 39.240 39.697 -1.151
3.360 4.980 39.240 39.697 1.130
3.660 4.080 38.100 38.492 1.130
3.660 4.080 38.100 38.492 -3.122
3.660 2.880 37.740 38.026 -3.122
3.660 2.880 37.740 38.026 -1.540
3.960 2.040 36.420 36.691 -1.502
3.960 2.040 36.420 36.691 -1.502
4.260 .780 36.240 36.498 -3.105
4.260 .780 36.240 36.498 -3.105
4.020 -.360 35.940 36.166 -2.286
4.020 -.360 35.940 36.166 -2.286
3.780 -1.500 34.620 34.858 1.440
3.780 -1.500 34.620 34.858 1.440
4.020 -2.940 34.620 34.976 -2.740
4.020 -2.940 34.620 34.976 -2.572
4.740 -4.140 33.300 33.889 -2.572
4.740 -4.140 33.300 33.889 -1.339
6.300 -4.620 32.220 33.154 -1.339
6.300 -4.620 32.220 33.154 -2.847
7.200 -5.280 32.100 33.319 -2.847
7.380 -5.580 30.780 32.140 -2.436
7.380 -5.580 30.780 32.140 -2.050
7.080 -6.300 30.480 31.919 -2.050
7.080 -6.300 30.480 31.919 -2.893
6.720 -7.260 30.600 32.159 -2.893
6.720 -7.260 30.600 32.159 -2.682
6.720 -7.500 30.360 31.987 -2.682
6.720 -7.500 30.360 31.987 -1.946
6.420 -8.100 31.440 33.095 -1.946
6.420 -8.100 31.440 33.095 -2.791
5.220 -8.340 32.400 33.861 -2.721
5.220 -8.340 32.400 33.861 -2.721
3.840 -8.640 33.000 34.328 -2.406
3.840 -8.640 33.000 34.328 -2.406
2.340 -9.060 34.500 35.746 -3.090
2.340 -9.060 34.500 35.746 -3.090
1.020 -9.360 35.520 36.747 -3.082
1.020 -9.360 35.520 36.747 -3.082
.420 -9.840 36.960 38.250 -2.766
.420 -9.840 36.960 38.250 -3.109
-.600 -10.140 39.060 40.359 -3.109
-.600 -10.140 39.060 40.359 -3.095
-1.680 -9.780 40.500 41.698 -3.095
-1.680 -9.780 40.500 41.698 -3.102
-2.460 -9.060 41.760 42.802 -3.102
-2.460 -9.060 41.760 42.802 2.945
-3.180 -7.020 42.780 43.469 2.945
-3.180 -7.020 42.780 43.469 2.904
-3.600 -4.500 43.440 43.821 2.945
-3.600 -4.500 43.440 43.821 2.945
-3.840 -1.320 44.940 45.123 -3.048
-3.840 -1.320 44.940 45.123 -3.048
-4.140 2.040 45.840 46.072 2.789
-4.140 2.040 45.840 46.072 2.789
-4.500 4.800 45.960 46.429 2.440
-4.500 4.800 45.960 46.429 2.440
-5.040 7.740 46.080 46.997 1.017
-5.040 7.740 46.080 46.997 1.288
-5.160 9.420 45.540 46.789 1.288
-5.160 9.420 45.540 46.789 1.187
-5.520 10.560 45.060 46.609 1.187
-5.520 10.560 45.060 46.609 -.397
-5.220 11.040 45.900 47.497 -.397
-5.220 11.040 45.900 47.497 .938
-5.100 10.320 46.260 47.671 1.084
-5.100 10.320 46.260 47.671 1.084
-5.220 8.700 46.380 47.477 1.080
-5.220 8.700 46.380 47.477 1.080
-5.100 6.780 47.340 48.094 1.741
-5.100 6.780 47.340 48.094 1.741
-5.100 4.440 47.160 47.642 1.311
-5.100 4.440 47.160 47.642 1.311
-4.920 1.560 47.340 47.621 -2.021
-4.920 1.560 47.340 47.621 2.263
-5.640 -.960 47.880 48.221 2.263
-5.640 -.960 47.880 48.221 2.712
-6.300 -3.360 47.220 47.757 2.712
-6.300 -3.360 47.220 47.757 2.188
-6.600 -5.280 47.100 47.852 2.188
-6.600 -5.280 47.100 47.852 2.596
-6.060 -6.720 46.680 47.549 2.596
-6.060 -6.720 46.680 47.549 2.663
-4.080 -7.560 45.060 45.872 -3.020
-4.080 -7.560 45.060 45.872 -3.020
-1.800 -8.340 43.920 44.741 2.894
-1.800 -8.340 43.920 44.741 2.894
-.720 -9.240 42.420 43.421 -3.020
-.720 -9.240 42.420 43.421 -3.020
1.080 -8.820 41.040 41.991 2.276
1.080 -8.820 41.040 41.991 2.276
2.700 -8.580 40.500 41.487 3.006
2.700 -8.580 40.500 41.487 -2.973
4.860 -7.560 39.900 40.900 -2.973
4.860 -7.560 39.900 40.900 -2.055
8.040 -5.820 40.380 41.582 -2.055
8.040 -5.820 40.380 41.582 -2.643
10.080 -4.800 40.620 42.126 -2.643
10.080 -4.800 40.620 42.126 -2.247
12.000 -3.660 40.980 42.857 -2.247
12.000 -3.660 40.980 42.857 -1.578
14.160 -2.760 42.240 44.636 -1.979
14.160 -2.760 42.240 44.636 -1.979
16.260 -1.920 42.840 45.862 -2.087
16.260 -1.920 42.840 45.862 -2.087
18.600 -.900 43.680 47.484 -1.785
18.600 -.900 43.680 47.484 -1.785
20.760 .000 45.000 49.558 -1.872
20.760 .000 45.000 49.558 -1.872
21.780 .780 46.140 51.028 -1.791
21.780 .780 46.140 51.028 -1.735
22.560 1.980 46.620 51.830 -1.735
22.560 1.980 46.620 51.830 -1.387
23.100 3.060 46.500 52.012 -1.387
23.100 3.060 46.500 52.012 -1.887
23.640 4.380 45.300 51.285 -1.887
23.640 4.380 45.300 51.285 -1.487
23.580 5.100 43.800 50.005 -1.653
23.580 5.100 43.800 50.005 -1.653
22.860 5.040 42.420 48.450 -1.619
22.860 5.040 42.420 48.450 -1.619
21.180 4.560 41.280 46.620 -1.791
21.180 4.560 41.280 46.620 -1.791
19.440 3.660 40.140 44.750 -1.480
19.440 3.660 40.140 44.750 -1.480
18.120 3.120 39.000 43.117 -1.700
18.120 3.120 39.000 43.117 -1.689
16.860 2.820 37.560 41.267 -1.689
16.860 2.820 37.560 41.267 -1.679
16.080 2.700 36.360 39.849 -1.679
16.080 2.700 36.360 39.849 -1.566
14.700 2.340 35.640 38.624 -1.566
14.700 2.340 35.640 38.624 -1.674
13.560 2.460 34.920 37.541 -1.674
13.560 2.460 34.920 37.541 -1.519
12.660 2.100 34.500 36.809 -1.634
12.660 2.100 34.500 36.809 -1.634
11.940 1.800 33.900 35.986 -1.487
11.940 1.800 33.900 35.986 -1.487
11.460 1.500 33.480 35.419 -1.691
11.460 1.500 33.480 35.419 -1.691
10.980 .840 32.700 34.504 -1.707
10.980 .840 32.700 34.504 -1.707
9.720 .240 31.440 32.909 -1.324
9.720 .240 31.440 32.909 -2.005
8.820 -.420 30.300 31.560 -2.005
8.820 -.420 30.300 31.560 -1.970
8.220 -.360 28.500 29.664 -1.970
8.220 -.360 28.500 29.664 -1.474
7.080 -.240 26.760 27.682 -1.474
7.080 -.240 26.760 27.682 -1.850
6.420 -.060 25.740 26.529 -1.840
6.420 -.060 25.740 26.529 -1.840
4.500 .420 24.720 25.130 -1.762
4.500 .420 24.720 25.130 -1.762
2.700 .420 24.360 24.513 -2.042
2.700 .420 24.360 24.513 -2.042
1.380 .600 23.820 23.867 -2.146
1.380 .600 23.820 23.867 -2.146
-.240 1.380 23.520 23.562 -1.812
-.240 1.380 23.520 23.562 2.883
-1.560 2.400 23.520 23.694 2.883
-1.560 2.400 23.520 23.694 1.038
-3.060 3.420 23.820 24.258 1.038
-3.060 3.420 23.820 24.258 -.224
-4.620 4.680 24.300 25.174 -.224
-4.620 4.680 24.300 25.174 1.010
-5.460 5.040 24.840 25.928 1.010
-5.460 5.040 24.840 25.928 1.202
-5.640 4.560 25.080 26.108 1.957
-5.640 4.560 25.080 26.108 1.957
-5.520 3.960 25.200 26.100 1.215
-5.520 3.960 25.200 26.100 1.215
-5.760 2.760 25.740 26.521 1.530
-5.760 2.760 25.740 26.521 1.530
-6.420 1.680 25.500 26.349 2.562
-6.420 1.680 25.500 26.349 2.562
-6.300 .480 25.920 26.679 1.033
-6.300 .480 25.920 26.679 2.264
-6.360 -.240 26.760 27.506 2.264
-6.360 -.240 26.760 27.506 2.381
-5.700 -.240 27.660 28.242 2.381
-5.700 -.240 27.660 28.242 -2.845
-4.140 -.360 28.680 28.980 -2.845
-4.140 -.360 28.680 28.980 2.404
-3.540 .300 30.540 30.746 2.404
-3.540 .300 30.540 30.746 2.538
-2.820 .720 31.980 32.112 .631
-2.820 .720 31.980 32.112 .631
-2.040 .960 34.140 34.214 2.040
-2.040 .960 34.140 34.214 2.040
-1.440 1.260 37.560 37.609 2.873
-1.440 1.260 37.560 37.609 2.873
-.360 1.020 40.320 40.335 -1.764
-.360 1.020 40.320 40.335 -1.800
1.200 .600 43.920 43.940 -3.016
1.200 .600 43.920 43.940 -2.865
2.400 -.720 46.980 47.047 -2.865
2.400 -.720 46.980 47.047 -2.885
3.720 -2.760 49.200 49.418 -2.885
3.720 -2.760 49.200 49.418 -2.798
4.980 -5.220 51.120 51.627 -2.934
4.980 -5.220 51.120 51.627 -2.934
6.060 -8.160 51.780 52.768 -2.382
6.060 -8.160 51.780 52.768 -2.382
7.260 -11.400 51.540 53.283 -2.979
7.260 -11.400 51.540 53.283 -2.979
8.580 -13.860 50.040 52.628 -2.535
9.240 -15.540 47.400 50.731 -2.826
9.240 -15.540 47.400 50.731 -2.826
9.780 -16.800 45.060 49.074 -2.847
9.780 -16.800 45.060 49.074 -2.847
10.260 -17.220 42.780 47.243 -2.583
10.260 -17.220 42.780 47.243 -2.583
10.680 -17.220 40.260 45.072 -2.467
10.680 -17.220 40.260 45.072 -2.467
11.400 -17.220 38.280 43.495 -2.740
11.400 -17.220 38.280 43.495 -2.542
11.160 -16.680 36.180 41.373 -2.542
11.160 -16.680 36.180 41.373 -2.692
11.160 -15.600 33.780 38.846 -2.692
11.160 -15.600 33.780 38.846 -2.706
10.680 -14.400 32.100 36.767 -2.706
10.680 -14.400 32.100 36.767 -2.535
10.260 -12.120 30.540 34.422 -2.535
10.260 -12.120 30.540 34.422 -2.339
9.960 -9.780 28.800 32.005 -2.559
9.960 -9.780 28.800 32.005 -2.559
8.760 -7.260 27.960 30.186 -2.343
8.760 -7.260 27.960 30.186 -2.343
8.160 -4.860 27.840 29.415 -1.765
8.160 -4.860 27.840 29.415 -1.765
7.260 -3.540 27.600 28.758 -2.503
7.260 -3.540 27.600 28.758 -2.452
7.080 -2.280 27.660 28.643 -2.452
7.080 -2.280 27.660 28.643 -1.530
7.200 -2.520 27.360 28.404 -1.530
7.200 -2.520 27.360 28.404 -2.093
6.780 -3.600 26.760 27.839 -2.093
6.780 -3.600 26.760 27.839 -2.098
6.240 -5.280 26.040 27.293 -2.098
6.240 -5.280 26.040 27.293 -2.444
6.420 -8.640 26.640 28.732 -2.543
6.420 -8.640 26.640 28.732 -2.543
7.020 -11.280 26.880 29.984 -2.766
7.020 -11.280 26.880 29.984 -2.766
7.620 -13.560 25.920 30.229 -2.820
7.620 -13.560 25.920 30.229 -2.820
8.880 -15.840 24.900 30.818 -2.505
8.880 -15.840 24.900 30.818 -2.505
10.080 -16.680 22.500 29.767 -2.673
10.080 -16.680 22.500 29.767 -2.545
11.760 -17.400 19.920 28.946 -2.545
11.760 -17.400 19.920 28.946 -2.560
14.940 -17.220 18.360 29.272 -2.560
14.940 -17.220 18.360 29.272 -2.495
19.260 -15.600 16.980 30.044 -2.495
19.260 -15.600 16.980 30.044 -2.345
24.180 -12.060 14.820 30.818 -2.345
24.180 -12.060 14.820 30.818 -2.087
29.880 -6.240 14.340 33.725 -1.738
29.880 -6.240 14.340 33.725 -1.738
36.000 1.800 14.340 38.793 -1.517
36.000 1.800 14.340 38.793 -1.517
40.740 11.760 14.880 44.938 -1.558
40.740 11.760 14.880 44.938 -1.558
43.260 23.400 16.440 51.858 -1.345
43.260 23.400 16.440 51.858 -1.102
43.080 34.680 18.000 58.160 -1.102
43.080 34.680 18.000 58.160 -.900
40.500 43.680 20.100 62.867 -.900
40.500 43.680 20.100 62.867 -.765
37.680 50.340 22.560 66.805 -.765
37.680 50.340 22.560 66.805 -.666
35.400 53.580 25.920 69.252 -.666
35.400 53.580 25.920 69.252 -.556
34.080 54.960 29.160 70.939 -.502
34.080 54.960 29.160 70.939 -.502
33.480 55.080 32.520 72.196 -.635
33.480 55.080 32.520 72.196 -.635
33.120 54.900 36.120 73.591 -.759
33.120 54.900 36.120 73.591 -.759
32.520 53.940 38.880 74.018 -.587
32.520 53.940 38.880 74.018 -.587
32.100 52.740 41.580 74.437 -.582
32.100 52.740 41.580 74.437 -.545
31.200 51.540 43.620 74.381 -.545
31.200 51.540 43.620 74.381 -.609
30.300 48.840 44.820 72.885 -.609
30.300 48.840 44.820 72.885 -.572
29.580 45.780 45.720 71.141 -.572
29.580 45.780 45.720 71.141 -.672
28.980 41.520 45.480 68.060 -.521
28.980 41.520 45.480 68.060 -.521
28.800 37.560 44.340 64.855 -.572
28.800 37.560 44.340 64.855 -.572
28.800 34.860 42.720 62.207 -.753
28.800 34.860 42.720 62.207 -.753
28.740 32.940 39.960 59.227 -.778
28.740 32.940 39.960 59.227 -.778
28.680 32.280 37.740 57.348 -.695
28.680 32.280 37.740 57.348 -.896
28.200 31.320 35.580 55.155 -.896
28.200 31.320 35.580 55.155 -.798
27.480 31.500 33.600 53.632 -.798
27.480 31.500 33.600 53.632 -.677
27.240 32.220 32.700 53.380 -.677
27.240 32.220 32.700 53.380 -.681
26.220 33.480 31.380 52.850 -.681
26.220 33.480 31.380 52.850 -.688
25.740 35.760 30.660 53.678 -.713
25.740 35.760 30.660 53.678 -.713
25.440 37.860 30.420 54.827 -.648
25.440 37.860 30.420 54.827 -.648
25.080 39.360 30.900 55.973 -.627
25.080 39.360 30.900 55.973 -.627
25.200 39.900 31.680 56.839 -.625
25.200 39.900 31.680 56.839 -.625
25.260 39.960 33.180 57.756 -.503
25.260 39.960 33.180 57.756 -.503
24.780 39.240 34.740 57.971 -.503
24.780 39.240 34.740 57.971 -.588
24.600 38.760 35.580 58.081 -.588
24.600 38.760 35.580 58.081 -.593
24.000 38.640 37.200 58.761 -.593
24.000 38.640 37.200 58.761 -.579
23.520 37.680 38.640 58.873 -.579
23.520 37.680 38.640 58.873 -.699
23.700 36.120 40.020 58.889 -.722
23.700 36.120 40.020 58.889 -.722
23.820 34.380 41.520 58.935 -.577
23.820 34.380 41.520 58.935 -.577
24.120 32.340 42.240 58.411 -.769
24.120 32.340 42.240 58.411 -.769
24.480 30.720 42.540 57.902 -.662
24.480 30.720 42.540 57.902 -.662
24.180 29.220 42.780 57.172 -.803
24.180 29.220 42.780 57.172 -.780
23.760 27.240 43.620 56.650 -.780
23.760 27.240 43.620 56.650 -1.017
23.460 25.020 44.880 56.485 -1.017
23.460 25.020 44.880 56.485 -.922
22.920 22.860 45.240 55.629 -.922
22.920 22.860 45.240 55.629 -.924
22.800 21.480 45.660 55.372 -1.232
22.800 21.480 45.660 55.372 -1.232
22.440 20.580 44.700 54.085 -.816
22.440 20.580 44.700 54.085 -.816
22.320 20.460 43.560 53.050 -.931
22.320 20.460 43.560 53.050 -.931
22.320 21.060 42.900 52.746 -.938
22.320 21.060 42.900 52.746 -.938
22.320 21.660 42.060 52.310 -.945
22.320 21.660 42.060 52.310 -.935
22.380 23.040 41.340 52.352 -.935
22.380 23.040 41.340 52.352 -.795
22.260 24.960 40.740 52.709 -.795
22.260 24.960 40.740 52.709 -.877
22.860 27.120 40.260 53.656 -.877
22.860 27.120 40.260 53.656 -.720
22.860 29.640 40.020 54.797 -.720
22.860 29.640 40.020 54.797 -.674
22.980 32.100 40.680 56.686 -.790
22.980 32.100 40.680 56.686 -.790
23.220 34.080 40.800 58.011 -.835
23.220 34.080 40.800 58.011 -.835
22.860 35.820 41.220 59.201 -.497
22.860 35.820 41.220 59.201 -.497
23.160 37.560 42.000 60.919 -.542
23.160 37.560 42.000 60.919 -.542
23.460 39.240 42.840 62.653 -.558
23.460 39.240 42.840 62.653 -.655
23.880 40.200 44.340 64.439 -.655
23.880 40.200 44.340 64.439 -.668
24.120 40.560 45.480 65.539 -.668
24.120 40.560 45.480 65.539 -.762
23.760 39.600 47.160 66.006 -.762
23.760 39.600 47.160 66.006 -.567
23.700 37.320 48.300 65.478 -.567
23.520 34.920 48.960 64.573 -.637
23.520 34.920 48.960 64.573 -.548
23.520 34.920 48.960 64.573 -.548
23.700 32.520 49.620 63.886 -.711
23.700 32.520 49.620 63.886 -.711
23.820 30.720 48.540 62.187 -1.027
23.400 29.460 46.860 60.094 -1.027
23.400 29.460 46.860 60.094 -.875
23.100 28.500 45.240 58.245 -.905
23.100 28.500 45.240 58.245 -.905
23.100 28.500 45.240 58.245 -.735
22.260 27.600 42.480 55.334 -.735
21.300 27.060 39.720 52.570 -.630
21.300 27.060 39.720 52.570 -.630
21.360 26.880 37.200 50.622 -.742
21.360 26.880 37.200 50.622 -.742
20.760 26.940 34.560 48.488 -.793
20.760 26.940 34.560 48.488 -.643
20.520 26.880 32.460 46.875 -.643
20.520 26.880 32.460 46.875 -.651
20.520 26.220 31.020 45.506 -.651
20.520 26.220 31.020 45.506 -.731
19.500 25.740 29.520 43.752 -.731
19.500 25.740 29.520 43.752 -.667
18.600 25.980 27.840 42.379 -.667
18.600 25.980 27.840 42.379 -.683
18.000 27.780 26.940 42.679 -.527
18.000 27.780 26.940 42.679 -.527
16.620 30.900 26.400 43.909 -.657
16.620 30.900 26.400 43.909 -.657
15.360 34.620 26.280 46.099 -.692
15.360 34.620 26.280 46.099 -.692
14.580 38.100 26.580 48.690 -.498
14.580 38.100 26.580 48.690 -.498
12.420 40.860 26.880 50.461 -.490
12.420 40.860 26.880 50.461 -.420
10.080 43.380 27.720 52.458 -.420
10.080 43.380 27.720 52.458 -.385
7.320 45.240 28.500 53.967 -.385
7.320 45.240 28.500 53.967 -.243
3.840 46.260 29.280 54.882 -.243
3.840 46.260 29.280 54.882 -.121
1.200 47.460 30.300 56.320 -.121
1.200 47.460 30.300 56.320 -.020
-.600 48.180 31.320 57.468 .014
-.600 48.180 31.320 57.468 .014
-1.920 48.720 32.340 58.508 .047
-1.920 48.720 32.340 58.508 .047
-2.040 49.920 33.420 60.109 -.002
-2.040 49.920 33.420 60.109 -.002
-2.580 50.460 33.600 60.678 -.066
-2.580 50.460 33.600 60.678 -.066
-3.420 50.880 32.640 60.546 .043
-3.420 50.880 32.640 60.546 .101
-3.960 50.820 32.100 60.239 .101
-3.960 50.820 32.100 60.239 .054
-5.040 49.920 31.260 59.115 .054
-5.040 49.920 31.260 59.115 .018
-5.340 48.420 30.540 57.495 .018
-5.340 48.420 30.540 57.495 .129
-5.160 46.740 30.300 55.941 .129
-5.160 46.740 30.300 55.941 .083
-5.100 45.600 30.180 54.920 .222
-5.100 45.600 30.180 54.920 .222
-5.100 45.000 30.180 54.423 .153
-5.100 45.000 30.180 54.423 .153
-5.580 45.420 30.420 54.950 .191
-5.580 45.420 30.420 54.950 .191
-5.880 46.560 30.780 56.123 .115
-5.880 46.560 30.780 56.123 .165
-6.240 47.700 30.240 56.822 .165
-6.240 47.700 30.240 56.822 .101
-6.480 49.680 29.940 58.365 .101
-6.480 49.680 29.940 58.365 .053
-6.540 50.940 29.160 59.059 .053
-6.540 50.940 29.160 59.059 .140
-7.140 52.440 28.020 59.884 .140
-7.140 52.440 28.020 59.884 .169
-8.220 53.760 27.120 60.772 .162
-8.220 53.760 27.120 60.772 .162
-9.420 54.360 25.920 60.956 .107
-9.420 54.360 25.920 60.956 .107
-10.260 54.780 24.420 60.848 .194
-10.260 54.780 24.420 60.848 .194
-11.040 54.660 22.500 60.132 .184
-11.040 54.660 22.500 60.132 .184
-11.340 53.940 19.680 58.527 .209
-11.340 53.940 19.680 58.527 .234
-11.280 53.340 16.140 56.859 .234
-11.280 53.340 16.140 56.859 .197
-11.640 53.100 12.720 55.829 .197
-11.640 53.100 12.720 55.829 .192
-11.580 52.560 9.000 54.568 .192
-11.580 52.560 9.000 54.568 .230
-11.760 53.220 6.180 54.853 .230
-11.760 53.220 6.180 54.853 .222
-11.880 54.840 4.020 56.256 .219
-11.880 54.840 4.020 56.256 .219
-12.000 56.940 2.520 58.245 .209
-12.000 56.940 2.520 58.245 .209
-12.060 59.700 2.880 60.974 .212
-12.060 59.700 2.880 60.974 .212
-11.160 62.340 4.320 63.478 .202
-11.160 62.340 4.320 63.478 .202
-9.600 63.660 6.180 64.676 .170
-9.600 63.660 6.180 64.676 .150
-7.140 64.380 8.700 65.356 .150
-7.140 64.380 8.700 65.356 .119
-4.260 64.560 11.580 65.729 .119
-4.260 64.560 11.580 65.729 .065
-1.800 63.240 14.340 64.870 .065
-1.800 63.240 14.340 64.870 .034
-.180 61.500 17.880 64.047 .010
-.180 61.500 17.880 64.047 .010
1.920 59.340 21.060 62.996 -.103
1.920 59.340 21.060 62.996 -.103
3.960 57.120 23.220 61.786 -.048
3.960 57.120 23.220 61.786 -.048
6.060 55.500 25.620 61.428 -.124
6.060 55.500 25.620 61.428 -.124
9.120 54.360 27.480 61.590 -.076
9.120 54.360 27.480 61.590 -.161
11.100 53.460 29.640 62.127 -.161
11.100 53.460 29.640 62.127 -.232
13.080 53.160 32.160 63.493 -.232
13.080 53.160 32.160 63.493 -.216
15.300 53.280 34.320 65.197 -.216
15.300 53.280 34.320 65.197 -.325
16.620 53.160 36.780 66.746 -.325
16.620 53.160 36.780 66.746 -.325
17.940 53.820 39.000 68.844 -.433
17.940 53.820 39.000 68.844 -.433
18.540 53.640 39.900 69.376 -.319
18.540 53.640 39.900 69.376 -.319
18.060 53.220 40.800 69.449 -.342
18.060 53.220 40.800 69.449 -.342
17.340 53.760 41.160 69.892 -.470
17.340 53.760 41.160 69.892 -.470
16.020 53.940 41.340 69.822 -.438
16.020 53.940 41.340 69.822 -.326
14.400 54.900 41.940 70.571 -.326
14.400 54.900 41.940 70.571 -.249
12.660 56.220 43.200 72.022 -.249
12.660 56.220 43.200 72.022 -.221
10.560 57.420 43.980 73.095 -.221
10.560 57.420 43.980 73.095 -.130
7.920 58.860 45.060 74.550 -.130
7.920 58.860 45.060 74.550 -.134
5.340 60.180 46.620 76.312 -.144
5.340 60.180 46.620 76.312 -.144
3.480 61.260 47.400 77.535 .066
3.480 61.260 47.400 77.535 .066
1.980 62.040 48.660 78.871 -.099
1.980 62.040 48.660 78.871 -.099
.840 62.220 49.560 79.550 .089
.840 62.220 49.560 79.550 .089
.120 61.620 50.040 79.379 .094
.120 61.620 50.040 79.379 .059
-1.620 60.600 49.440 78.226 .059
-1.620 60.600 49.440 78.226 -.003
-3.840 58.920 48.180 76.208 -.003
-3.840 58.920 48.180 76.208 .062
-5.340 57.540 46.560 74.211 .062
-5.340 57.540 46.560 74.211 .079
-7.080 56.160 44.760 72.163 .117
-7.080 56.160 44.760 72.163 -.112
-8.820 54.840 43.740 70.699 .168
-8.820 54.840 43.740 70.699 .168
-9.960 53.880 42.780 69.515 .231
-9.960 53.880 42.780 69.515 .231
-11.640 52.680 42.180 68.482 .184
-11.640 52.680 42.180 68.482 .184
-13.380 51.780 41.640 67.780 .092
-13.380 51.780 41.640 67.780 .334
-14.100 51.660 41.640 67.834 .334
-14.100 51.660 41.640 67.834 .244
-15.240 52.080 43.020 69.248 .244
-15.240 52.080 43.020 69.248 .338
-16.800 52.740 44.520 71.034 .338
-16.800 52.740 44.520 71.034 .356
-18.000 53.880 46.440 73.374 .400
-18.000 53.880 46.440 73.374 .320
-19.620 55.380 48.180 75.982 .311
-19.620 55.380 48.180 75.982 .311
-20.520 56.880 48.600 77.578 .409
-20.520 56.880 48.600 77.578 .409
-20.280 59.160 48.900 79.388 .318
-20.280 59.160 48.900 79.388 .318
-20.400 61.800 49.620 81.839 .276
-20.400 61.800 49.620 81.839 .375
-20.520 63.840 49.500 83.348 .375
-20.520 63.840 49.500 83.348 .355
-20.820 65.640 49.260 84.668 .355
-20.820 65.640 49.260 84.668 .300
-21.840 66.960 49.500 86.086 .300
-21.840 66.960 49.500 86.086 .310
-22.500 67.680 48.060 86.003 .310
-22.500 67.680 48.060 86.003 .351
-22.920 68.160 46.740 85.766 .359
-22.920 68.160 46.740 85.766 .359
-23.400 67.980 45.840 85.265 .316
-23.400 67.980 45.840 85.265 .316
-23.820 66.900 43.320 83.184 .431
-23.820 66.900 43.320 83.184 .431
-24.540 65.340 41.460 81.182 .409
-24.540 65.340 41.460 81.182 .409
-24.780 63.240 39.060 78.352 .269
-24.780 63.240 39.060 78.352 .430
-24.000 61.080 35.580 74.651 .430
-24.000 61.080 35.580 74.651 .419
-22.320 59.640 32.640 71.558 .419
-22.320 59.640 32.640 71.558 .372
-20.640 58.260 28.020 67.863 .372
-20.640 58.260 28.020 67.863 .397
-19.440 57.360 23.040 64.799 .397
-19.440 57.360 23.040 64.799 .365
-18.240 58.080 18.300 63.568 .240
-16.140 59.820 13.620 63.438 .240
-16.140 59.820 13.620 63.438 .283
-16.140 59.820 13.620 63.438 .283
-14.220 62.880 11.100 65.416 .210
-14.220 62.880 11.100 65.416 .210
-12.720 66.960 10.260 68.925 .209
-12.720 66.960 10.260 68.925 .209
-11.880 70.440 9.960 72.126 .178
-11.880 70.440 9.960 72.126 .173
-12.300 72.720 11.100 74.584 .173
-12.300 72.720 11.100 74.584 .159
-12.420 74.160 12.720 76.261 .159
-12.000 74.160 14.220 76.459 .182
-12.000 74.160 14.220 76.459 .182
-12.000 74.160 14.220 76.459 .154
-12.000 73.860 16.980 76.731 .154
-12.000 73.860 16.980 76.731 .174
-12.960 72.720 19.200 76.320 .189
-12.960 72.720 19.200 76.320 .189
-14.220 70.800 21.060 75.222 .207
-16.020 69.060 23.280 74.618 .207
-16.020 69.060 23.280 74.618 .209
-17.280 66.300 24.420 72.737 .209
-17.280 66.300 24.420 72.737 .277
-17.700 64.260 25.920 71.516 .242
-17.700 64.260 25.920 71.516 .242
-17.820 62.940 27.960 71.139 .279
-17.820 62.940 27.960 71.139 .279
-17.580 61.380 29.640 70.392 .276
-17.580 61.380 29.640 70.392 .276
-17.460 60.180 31.560 70.161 .285
-17.460 60.180 31.560 70.161 .285
-17.100 59.100 33.960 70.274 .272
-17.100 59.100 33.960 70.274 .301
-16.980 58.080 36.000 70.410 .301
-16.980 58.080 36.000 70.410 .288
-16.920 57.780 38.220 71.313 .288
-16.920 57.780 38.220 71.313 .272
-17.460 57.540 40.380 72.431 .272
-17.460 57.540 40.380 72.431 .347
-18.240 57.300 41.700 73.177 .347
-18.240 57.300 41.700 73.177 .376
-18.780 57.720 42.960 74.363 .227
-18.780 57.720 42.960 74.363 .227
-19.200 57.660 43.020 74.458 .276
-19.200 57.660 43.020 74.458 .276
-19.320 58.080 43.380 75.022 .333
-19.320 58.080 43.380 75.022 .333
-19.740 58.800 43.440 75.724 .240
-19.740 58.800 43.440 75.724 .240
-20.640 58.740 42.300 75.271 .320
-20.640 58.740 42.300 75.271 .365
-22.320 58.620 41.760 75.355 .365
-22.320 58.620 41.760 75.355 .360
-23.820 58.080 40.020 74.446 .360
-23.820 58.080 40.020 74.446 .304
-24.780 57.000 38.520 73.122 .304
-24.780 57.000 38.520 73.122 .410
-25.500 56.520 37.560 72.495 .435
-25.500 56.520 37.560 72.495 .435
-25.920 55.920 36.900 71.837 .432
-25.920 55.920 36.900 71.837 .432
-26.700 55.080 37.680 71.878 .464
-26.700 55.080 37.680 71.878 .464
-27.840 54.540 39.120 72.664 .426
-27.840 54.540 39.120 72.664 .426
-29.160 53.160 41.100 73.250 .391
-29.160 53.160 41.100 73.250 .542
-29.700 52.380 43.500 74.283 .542
-29.700 52.380 43.500 74.283 .456
-29.700 52.200 45.720 75.480 .456
-29.700 52.200 45.720 75.480 .583
-29.820 52.200 46.980 76.297 .583
-29.820 52.200 46.980 76.297 .574
-29.580 52.680 48.240 77.313 .574
-29.580 52.680 48.240 77.313 .536
-29.340 53.520 47.940 77.611 .390
-29.340 53.520 47.940 77.611 .390
-28.860 54.420 46.860 77.397 .598
-28.860 54.420 46.860 77.397 .598
-27.720 55.620 45.720 77.151 .523
-27.720 55.620 45.720 77.151 .523
-26.280 56.760 43.980 76.463 .461
-26.280 56.760 43.980 76.463 .461
-25.560 56.640 42.420 75.239 .539
-25.560 56.640 42.420 75.239 .458
-24.960 55.920 41.460 73.953 .458
-24.960 55.920 41.460 73.953 .368
-24.420 55.020 40.380 72.485 .368
-24.420 55.020 40.380 72.485 .502
-23.700 54.540 40.020 71.679 .502
-23.700 54.540 40.020 71.679 .411
-22.080 55.020 40.380 71.731 .317
-22.080 55.020 40.380 71.731 .317
-20.220 55.800 40.620 71.920 .374
-20.220 55.800 40.620 71.920 .374
-18.840 56.460 41.400 72.503 .336
-18.840 56.460 41.400 72.503 .336
-17.520 57.660 42.300 73.627 .338
-17.520 57.660 42.300 73.627 .338
-16.440 58.800 43.020 74.689 .261
-16.440 58.800 43.020 74.689 .306
-15.240 60.900 43.020 76.104 .306
-15.240 60.900 43.020 76.104 .310
-14.100 63.240 43.440 78.007 .310
-14.100 63.240 43.440 78.007 .220
-13.620 64.320 42.060 78.049 .220
-13.620 64.320 42.060 78.049 .209
-13.080 65.400 39.780 77.658 .209
-13.080 65.400 39.780 77.658 .239
-12.480 65.520 36.840 76.196 .059
-12.480 65.520 36.840 76.196 .059
-11.880 64.740 33.060 73.657 .226
-11.880 64.740 33.060 73.657 .226
-11.100 64.020 29.940 71.541 .109
-11.100 64.020 29.940 71.541 .109
-10.920 62.340 27.480 68.998 .229
-10.920 62.340 27.480 68.998 .229
-12.000 59.940 25.200 66.120 .215
-12.000 59.940 25.200 66.120 .199
-13.020 57.600 23.340 63.498 .199
-13.020 57.600 23.340 63.498 .133
-13.740 55.020 21.600 60.684 .133
-13.740 55.020 21.600 60.684 .277
-13.920 53.100 20.400 58.562 .277
-13.920 53.100 20.400 58.562 .217
-13.320 52.680 20.220 57.978 .217
-13.320 52.680 20.220 57.978 .284
-12.840 51.900 19.920 57.055 .276
-12.840 51.900 19.920 57.055 .276
-12.780 52.080 20.100 57.268 .255
-12.780 52.080 20.100 57.268 .255
-12.660 52.140 19.800 57.192 .203
-12.660 52.140 19.800 57.192 .203
-11.820 51.420 18.360 55.864 .263
-11.820 51.420 18.360 55.864 .202
-10.440 51.240 16.440 54.816 .202
-10.440 51.240 16.440 54.816 .191
-9.240 50.100 14.280 52.908 .191
-9.240 50.100 14.280 52.908 .206
-8.280 48.120 11.820 50.237 .206
-8.280 48.120 11.820 50.237 .168
-8.760 45.780 10.260 47.726 .168
-8.760 45.780 10.260 47.726 .177
-9.420 42.960 9.780 45.055 .219
-9.420 42.960 9.780 45.055 .219
-9.720 40.440 9.720 42.712 .231
-9.720 40.440 9.720 42.712 .231
-10.440 39.420 11.400 42.343 .240
-10.440 39.420 11.400 42.343 .240
-11.040 39.120 13.800 42.927 .282
-11.040 39.120 13.800 42.927 .282
-11.760 40.200 16.500 45.018 .288
-11.760 40.200 16.500 45.018 .244
-12.000 42.840 19.560 48.599 .244
-12.000 42.840 19.560 48.599 .246
-11.280 46.140 21.360 52.081 .246
-11.280 46.140 21.360 52.081 .215
-10.080 49.860 22.260 55.526 .215
-10.080 49.860 22.260 55.526 .128
-8.520 53.220 22.320 58.336 .128
-8.520 53.220 22.320 58.336 .135
-7.620 55.440 21.060 59.793 .149
-7.620 55.440 21.060 59.793 .149
-7.140 56.760 19.320 60.382 .061
-7.140 56.760 19.320 60.382 .061
-6.900 56.940 16.740 59.749 .078
-6.900 56.940 16.740 59.749 .078
-6.060 56.820 14.700 59.003 .100
-6.060 56.820 14.700 59.003 .100
-5.700 56.520 12.900 58.253 .121
-5.700 56.520 12.900 58.253 .105
-5.640 54.420 10.980 55.802 .105
-5.640 54.420 10.980 55.802 .112
-5.400 52.740 10.740 54.093 .112
-5.400 52.740 10.740 54.093 .108
-6.540 50.580 10.380 52.047 .108
-6.540 50.580 10.380 52.047 .095
-7.260 48.000 10.680 49.707 .095
-7.260 48.000 10.680 49.707 .166
-8.340 46.620 12.540 48.992 .155
-8.340 46.620 12.540 48.992 .155
-9.840 45.780 14.700 49.079 .251
-9.840 45.780 14.700 49.079 .251
-11.340 45.360 17.400 49.889 .262
-11.340 45.360 17.400 49.889 .262
-13.260 46.680 20.820 52.805 .270
-13.260 46.680 20.820 52.805 .269
-15.240 48.780 23.640 56.308 .269
-15.240 48.780 23.640 56.308 .359
-16.560 51.360 25.620 59.737 .359
-16.560 51.360 25.620 59.737 .298
-18.120 54.420 26.760 63.293 .298
-18.120 54.420 26.760 63.293 .343
-19.440 56.280 27.060 65.403 .343
-19.440 56.280 27.060 65.403 .390
-21.000 58.020 27.180 67.425 .389
-21.000 58.020 27.180 67.425 .389
-22.920 59.100 27.540 69.113 .347
-22.920 59.100 27.540 69.113 .347
-24.180 59.640 28.680 70.457 .404
-24.180 59.640 28.680 70.457 .404
-23.940 60.660 30.180 71.858 .376
-23.940 60.660 30.180 71.858 .376
-22.680 61.320 32.580 73.048 .301
-22.680 61.320 32.580 73.048 .405
-21.480 62.280 35.700 74.931 .405
-21.480 62.280 35.700 74.931 .390
-19.860 63.900 38.460 77.180 .390
-19.860 63.900 38.460 77.180 .259
-18.720 65.220 41.580 79.580 .259
-18.720 65.220 41.580 79.580 .250
-17.100 66.720 43.860 81.656 .250
-17.100 66.720 43.860 81.656 .239
-15.120 68.040 45.000 82.964 .191
-15.120 68.040 45.000 82.964 .191
-12.600 69.120 44.940 83.402 .209
-12.600 69.120 44.940 83.402 .209
-9.660 69.720 42.540 82.243 .194
-7.620 70.320 39.600 81.062 .194
-7.620 70.320 39.600 81.062 .119
-4.680 70.320 35.220 78.786 .119
-4.680 70.320 35.220 78.786 -.092
-2.220 69.300 30.480 75.739 .082
-2.220 69.300 30.480 75.739 .082
-.120 68.220 26.400 73.150 -.003
-.120 68.220 26.400 73.150 -.003
1.800 65.640 21.360 69.051 .012
1.800 65.640 21.360 69.051 .012
3.600 62.400 17.160 64.817 -.003
3.600 62.400 17.160 64.817 -.058
5.220 59.580 14.460 61.531 -.058
5.220 59.580 14.460 61.531 -.155
7.140 56.100 12.300 57.875 -.155
7.140 56.100 12.300 57.875 -.126
9.120 53.460 11.580 55.455 -.126
9.120 53.460 11.580 55.455 -.200
10.320 52.440 11.640 54.699 -.200
10.320 52.440 11.640 54.699 -.171
10.860 51.900 11.160 54.186 -.210
10.860 51.900 11.160 54.186 -.210
10.920 52.860 10.860 55.058 -.217
10.920 52.860 10.860 55.058 -.217
11.760 54.900 11.160 57.244 -.235
11.760 54.900 11.160 57.244 -.235
13.140 56.340 11.220 58.930 -.230
13.140 56.340 11.220 58.930 -.230
14.160 57.420 11.160 60.184 -.246
14.160 57.420 11.160 60.184 -.273
14.400 58.020 11.580 60.892 -.273
14.400 58.020 11.580 60.892 -.228
13.860 57.840 11.880 60.652 -.228
13.860 57.840 11.880 60.652 -.246
12.480 57.660 12.660 60.338 -.246
12.480 57.660 12.660 60.338 -.232
12.060 58.020 14.760 61.071 -.219
12.060 58.020 14.760 61.071 -.219
11.820 58.260 17.400 61.941 -.218
11.820 58.260 17.400 61.941 -.218
12.000 59.160 20.760 63.835 -.230
12.000 59.160 20.760 63.835 -.230
12.180 60.360 23.940 66.067 -.196
12.180 60.360 23.940 66.067 -.196
11.640 62.100 25.860 68.269 -.202
11.640 62.100 25.860 68.269 -.196
10.800 64.740 27.960 71.342 -.196
10.800 64.740 27.960 71.342 -.257
10.020 67.020 28.740 73.608 -.257
10.020 67.020 28.740 73.608 -.159
8.580 69.540 28.140 75.507 -.159
8.580 69.540 28.140 75.507 -.129
7.320 71.400 27.780 76.963 -.129
7.320 71.400 27.780 76.963 -.083
5.580 72.600 25.740 77.230 -.068
5.580 72.600 25.740 77.230 -.080
3.180 73.320 23.580 77.084 -.080
3.180 73.320 23.580 77.084 -.076
1.380 72.960 20.340 75.755 -.076
1.380 72.960 20.340 75.755 -.055
-.180 70.620 15.480 72.297 -.007
-.180 70.620 15.480 72.297 -.007
-1.020 67.740 11.220 68.670 .005
-1.020 67.740 11.220 68.670 .005
-2.220 64.080 7.020 64.502 .004
-2.220 64.080 7.020 64.502 .004
-3.180 59.580 4.500 59.834 .034
-3.180 59.580 4.500 59.834 .034
-4.980 55.740 4.260 56.124 .055
-4.980 55.740 4.260 56.124 .085
-6.300 52.020 5.640 52.703 .085
-6.300 52.020 5.640 52.703 .109
-6.960 48.420 7.920 49.555 .109
-6.960 48.420 7.920 49.555 .140
-7.560 46.620 11.340 48.571 .140
-7.560 46.620 11.340 48.571 .143
-7.080 45.660 14.640 48.469 .143
-7.080 45.660 14.640 48.469 .150
-7.080 45.180 17.100 48.824 .168
-7.080 45.180 17.100 48.824 .168
-6.840 46.320 19.080 50.561 .164
-6.840 46.320 19.080 50.561 .164
-6.540 46.980 19.980 51.469 .069
-6.540 46.980 19.980 51.469 .069
-6.120 48.300 20.100 52.672 .176
-6.120 48.300 20.100 52.672 .138
-5.340 50.040 20.580 54.370 .161
-5.340 50.040 20.580 54.370 .140
-4.800 50.880 20.640 55.116 .140
-4.800 50.880 20.640 55.116 .109
-4.260 52.020 20.760 56.171 .109
-4.260 52.020 20.760 56.171 .140
-3.540 52.560 21.240 56.800 .140
-3.540 52.560 21.240 56.800 .007
-2.820 51.660 20.700 55.724 .085
-2.820 51.660 20.700 55.724 .085
-1.560 50.580 21.060 54.811 .012
-1.560 50.580 21.060 54.811 .012
.000 49.440 22.020 54.122 .051
.000 49.440 22.020 54.122 .051
.840 47.760 22.860 52.956 .037
.840 47.760 22.860 52.956 .037
1.680 46.320 24.300 52.334 -.020
1.680 46.320 24.300 52.334 -.047
2.400 44.940 24.960 51.462 -.047
2.400 44.940 24.960 51.462 -.008
3.240 43.680 25.800 50.834 -.008
3.240 43.680 25.800 50.834 -.128
3.660 43.200 27.180 51.170 -.128
3.660 43.200 27.180 51.170 -.004
3.840 42.480 28.260 51.166 -.004
3.840 42.480 28.260 51.166 -.113
3.180 42.180 29.940 51.823 -.145
3.180 42.180 29.940 51.823 -.145
1.860 42.360 31.500 52.821 -.018
1.860 42.360 31.500 52.821 -.018
1.200 42.900 33.120 54.211 .008
1.200 42.900 33.120 54.211 .008
.300 44.220 35.100 56.458 -.082
.300 44.220 35.100 56.458 -.082
.000 46.380 37.440 59.606 .037
.000 46.380 37.440 59.606 -.028
-1.320 48.660 39.480 62.675 -.028
-1.320 48.660 39.480 62.675 .047
-2.640 51.720 40.680 65.854 .047
-2.640 51.720 40.680 65.854 -.066
-3.600 55.320 42.360 69.768 -.066
-3.600 55.320 42.360 69.768 .025
-4.620 58.920 42.360 72.714 .025
-4.620 58.920 42.360 72.714 -.006
-4.920 62.220 42.360 75.431 .004
-4.920 62.220 42.360 75.431 .004
-5.160 64.620 41.700 77.080 .054
-5.160 64.620 41.700 77.080 .054
-6.120 65.520 38.040 76.009 .081
-6.120 65.520 38.040 76.009 .081
-7.560 65.760 34.920 74.839 .071
-7.560 65.760 34.920 74.839 .003
-8.760 64.740 30.480 72.090 .003
-8.760 64.740 30.480 72.090 .141
-10.200 63.360 26.460 69.417 .141
-10.200 63.360 26.460 69.417 .159
-11.700 62.220 24.720 67.965 .159
-11.700 62.220 24.720 67.965 .255
-13.500 60.360 22.560 65.837 .255
-13.500 60.360 22.560 65.837 .224
-15.240 58.800 21.900 64.570 .237
-15.240 58.800 21.900 64.570 .237
-16.920 57.540 22.560 64.079 .228
-16.920 57.540 22.560 64.079 .228
-17.340 56.400 23.340 63.454 .332
-17.340 56.400 23.340 63.454 .332
-17.040 55.740 25.380 63.572 .275
-17.040 55.740 25.380 63.572 .275
-16.860 55.020 27.240 63.667 .320
-16.860 55.020 27.240 63.667 .328
-16.260 54.360 28.440 63.468 .328
-16.260 54.360 28.440 63.468 .301
-16.020 53.700 29.400 63.283 .301
-16.020 53.700 29.400 63.283 .277
-15.300 53.160 29.220 62.561 .277
-15.300 53.160 29.220 62.561 .288
-14.160 53.280 28.800 62.199 .288
-14.160 53.280 28.800 62.199 .234
-13.140 53.040 27.480 61.164 .172
-13.140 53.040 27.480 61.164 .172
-12.120 52.740 25.500 59.822 .218
-12.120 52.740 25.500 59.822 .218
-10.980 52.560 23.580 58.644 .219
-10.980 52.560 23.580 58.644 .219
-10.320 52.380 21.660 57.614 .169
-10.320 52.380 21.660 57.614 .137
-8.580 52.440 19.800 56.706 .137
-8.580 52.440 19.800 56.706 .155
-6.900 53.340 18.480 56.871 .155
-6.900 53.340 18.480 56.871 .158
-5.580 54.600 17.640 57.650 .158
-5.580 54.600 17.640 57.650 .128
-4.260 55.560 17.460 58.394 .128
-4.260 55.560 17.460 58.394 .091
-4.560 56.700 18.300 59.754 .089
-4.560 56.700 18.300 59.754 .089
-4.680 57.240 19.860 60.768 -.004
-4.680 57.240 19.860 60.768 -.004
-5.100 57.900 22.020 62.155 .108
-5.100 57.900 22.020 62.155 .108
-5.460 58.560 23.280 63.254 .081
-5.460 58.560 23.280 63.254 .081
-5.580 59.100 24.720 64.304 .151
-5.580 59.100 24.720 64.304 .095
-5.700 59.820 24.780 65.000 .095
-5.700 59.820 24.780 65.000 .112
-6.300 59.940 23.760 64.785 .112
-6.300 59.940 23.760 64.785 .085
-6.660 60.060 22.740 64.565 .085
-6.660 60.060 22.740 64.565 .098
-6.360 59.820 20.880 63.678 .098
-6.360 59.820 20.880 63.678 .078
-6.480 59.520 19.260 62.893 .116
-6.480 59.520 19.260 62.893 .116
-6.180 58.380 17.040 61.129 .068
-6.180 58.380 17.040 61.129 .068
-6.840 56.340 14.340 58.537 .136
-6.840 56.340 14.340 58.537 .136
-8.280 55.080 12.180 57.015 .161
-8.280 55.080 12.180 57.015 .161
-9.780 53.940 10.380 55.794 .144
-9.780 53.940 10.380 55.794 .184
-10.920 53.760 9.360 55.651 .184
-10.920 53.760 9.360 55.651 .193
-11.880 55.380 9.540 57.438 .193
-11.880 55.380 9.540 57.438 .216
-12.720 55.560 9.060 57.713 .216
-12.720 55.560 9.060 57.713 .241
-13.980 55.620 8.460 57.971 .255
-15.360 55.920 8.460 58.605 .257
-15.360 55.920 8.460 58.605 .262
-16.560 54.600 7.680 57.571 .262
-16.560 54.600 7.680 57.571 .302
-17.160 54.240 7.920 57.438 .302
-17.160 54.240 7.920 57.438 .303
-17.880 54.060 8.580 57.583 .303
-17.880 54.060 8.580 57.583 .320
-19.260 53.280 9.360 57.422 .320
-19.260 53.280 9.360 57.422 .351
-20.640 53.280 10.800 58.150 .360
-20.640 53.280 10.800 58.150 .360
-23.040 53.580 12.360 59.619 .374
-23.040 53.580 12.360 59.619 .374
-24.840 53.940 14.100 61.036 .409
-24.840 53.940 14.100 61.036 .409
-25.920 55.200 16.320 63.129 .454
-25.920 55.200 16.320 63.129 .485
-27.060 56.280 18.420 65.107 .485
-27.060 56.280 18.420 65.107 .447
-28.140 57.660 21.000 67.510 .447
-28.140 57.660 21.000 67.510 .502
-29.520 58.800 23.220 69.771 .502
-29.520 58.800 23.220 69.771 .500
-30.960 59.880 25.080 71.925 .500
-30.960 59.880 25.080 71.925 .430
-32.400 60.780 27.420 74.134 .545
-32.400 60.780 27.420 74.134 .545
-33.060 61.140 29.460 75.491 .486
-33.060 61.140 29.460 75.491 .486
-33.300 61.080 31.740 76.466 .538
-33.300 61.080 31.740 76.466 .538
-33.840 59.700 33.960 76.567 .547
-33.840 59.700 33.960 76.567 .547
-34.560 58.560 36.600 77.222 .563
-34.560 58.560 36.600 77.222 .488
-34.800 56.820 39.060 77.235 .488
-34.800 56.820 39.060 77.235 .659
-34.140 56.280 41.700 77.922 .659
-34.140 56.280 41.700 77.922 .587
-32.760 56.820 44.700 79.371 .587
-32.760 56.820 44.700 79.371 .560
-30.480 57.720 46.680 80.247 .605
-30.480 57.720 46.680 80.247 .517
-27.780 59.280 48.360 81.391 .568
-27.780 59.280 48.360 81.391 .568
-25.140 60.180 49.500 81.877 .598
-25.140 60.180 49.500 81.877 .598
-21.900 61.620 49.020 81.729 .354
-21.900 61.620 49.020 81.729 .354
-18.300 62.640 48.660 81.403 .437
-18.300 62.640 48.660 81.403 .280
-15.120 63.660 47.520 80.866 .280
-15.120 63.660 47.520 80.866 .389
-12.240 63.420 44.700 78.549 .389
-12.240 63.420 44.700 78.549 .255
-9.780 61.800 41.700 75.192 .255
-9.780 61.800 41.700 75.192 .197
-7.920 59.700 37.560 70.976 .197
-7.920 59.700 37.560 70.976 .110
-6.360 56.880 32.400 65.769 .208
-6.360 56.880 32.400 65.769 .208
-5.220 53.640 27.660 60.577 .070
-5.220 53.640 27.660 60.577 .070
-5.160 51.240 23.400 56.566 .087
-5.160 51.240 23.400 56.566 .087
-5.460 48.660 19.200 52.595 .100
-5.460 48.660 19.200 52.595 .100
-5.580 46.800 16.140 49.818 .147
-5.580 46.800 16.140 49.818 .101
-6.060 45.960 14.220 48.490 .101
-6.060 45.960 14.220 48.490 .095
-6.180 45.120 12.660 47.268 .095
-6.180 45.120 12.660 47.268 .157
-6.060 44.520 11.700 46.429 .157
-6.060 44.520 11.700 46.429 .161
-6.780 43.920 11.040 45.791 .161
-6.780 43.920 11.040 45.791 .180
-7.200 43.800 10.800 45.683 .182
-7.200 43.800 10.800 45.683 .182
-8.160 44.040 10.500 46.004 .211
-8.160 44.040 10.500 46.004 .211
-8.880 45.540 10.620 47.598 .187
-8.880 45.540 10.620 47.598 .187
-8.760 46.980 10.560 48.943 .147
-8.760 46.980 10.560 48.943 .188
-8.400 48.060 9.720 49.747 .188
-8.400 48.060 9.720 49.747 .185
-8.160 49.080 9.420 50.638 .185
-8.160 49.080 9.420 50.638 .178
-8.220 49.920 9.300 51.440 .178
-8.220 49.920 9.300 51.440 .176
