X Y Z F A
-8.820 -25.080 -15.600 30.825 2.788
-8.820 -25.080 -15.600 30.825 2.752
-8.880 -25.140 -15.540 30.860 2.752
-8.460 -24.660 -16.020 30.599 2.759
-8.460 -24.660 -16.020 30.599 2.761
-8.760 -24.480 -16.740 30.923 2.761
-8.760 -24.480 -16.740 30.923 2.850
-8.340 -24.180 -17.040 30.734 2.850
-8.340 -24.180 -17.040 30.734 2.746
-7.140 -24.900 -18.240 31.681 2.746
-7.140 -24.900 -18.240 31.681 2.828
-6.420 -26.040 -19.260 33.019 2.849
-6.420 -26.040 -19.260 33.019 2.849
-4.500 -27.300 -20.340 34.340 2.874
-4.500 -27.300 -20.340 34.340 2.874
-3.420 -28.920 -22.800 36.985 2.934
-3.420 -28.920 -22.800 36.985 2.934
-2.880 -29.280 -25.140 38.699 2.980
-2.880 -29.280 -25.140 38.699 2.980
-2.700 -29.820 -27.420 40.600 -2.980
-2.700 -29.820 -27.420 40.600 -2.980
-3.120 -30.720 -29.760 42.885 3.044
-3.120 -30.720 -29.760 42.885 3.056
-2.700 -30.180 -32.700 44.580 3.056
-2.700 -30.180 -32.700 44.580 3.011
-2.700 -29.460 -35.040 45.858 3.011
-2.700 -29.460 -35.040 45.858 3.046
-2.400 -28.080 -37.800 47.150 3.046
-2.400 -28.080 -37.800 47.150 2.964
-2.460 -25.320 -40.680 47.979 -3.120
-2.460 -25.320 -40.680 47.979 -3.120
-3.060 -22.920 -42.300 48.208 3.141
-3.060 -22.920 -42.300 48.208 3.141
-3.900 -20.880 -44.040 48.895 3.044
-3.900 -20.880 -44.040 48.895 3.044
-4.200 -18.300 -44.760 48.539 2.888
-4.200 -18.300 -44.760 48.539 2.888
-5.520 -17.340 -45.120 48.651 2.644
-5.520 -17.340 -45.120 48.651 2.606
-6.720 -17.100 -45.060 48.662 2.606
-6.720 -17.100 -45.060 48.662 2.434
-8.220 -17.040 -44.520 48.373 2.434
-8.220 -17.040 -44.520 48.373 2.841
-10.920 -19.080 -43.740 48.954 2.841
-10.920 -19.080 -43.740 48.954 2.444
-12.960 -21.420 -42.960 49.723 2.444
-12.960 -21.420 -42.960 49.723 2.473
-15.240 -23.820 -41.940 50.583 2.664
-15.240 -23.820 -41.940 50.583 2.664
-17.160 -26.580 -40.380 51.298 2.536
-17.160 -26.580 -40.380 51.298 2.536
-18.900 -28.380 -38.580 51.488 2.429
-18.900 -28.380 -38.580 51.488 2.429
-21.420 -28.800 -36.360 51.091 2.474
-21.420 -28.800 -36.360 51.091 2.474
-23.760 -29.160 -33.780 50.556 2.488
-23.760 -29.160 -33.780 50.556 2.421
-25.560 -28.800 -31.620 49.825 2.421
-25.560 -28.800 -31.620 49.825 2.356
-26.940 -28.560 -29.880 49.338 2.356
-26.940 -28.560 -29.880 49.338 2.345
-27.360 -29.520 -28.200 49.145 2.345
-27.360 -29.520 -28.200 49.145 2.276
-27.960 -30.060 -27.600 49.468 2.276
-27.960 -30.060 -27.600 49.468 2.307
-28.680 -30.840 -28.020 50.584 2.494
-28.680 -30.840 -28.020 50.584 2.494
-28.320 -32.100 -28.740 51.560 2.288
-28.320 -32.100 -28.740 51.560 2.288
-26.940 -32.940 -29.940 52.031 2.348
-26.940 -32.940 -29.940 52.031 2.348
-24.420 -33.840 -31.920 52.539 2.454
-24.420 -33.840 -31.920 52.539 2.521
-21.840 -34.740 -32.760 52.508 2.521
-21.840 -34.740 -32.760 52.508 2.491
-20.100 -34.620 -34.080 52.574 2.491
-20.100 -34.620 -34.080 52.574 2.553
-18.960 -33.480 -35.220 52.162 2.553
-18.960 -33.480 -35.220 52.162 3.008
-18.360 -32.520 -34.980 51.169 3.008
-18.360 -32.520 -34.980 51.169 2.499
-16.440 -30.960 -35.640 49.990 2.575
-16.440 -30.960 -35.640 49.990 2.575
-14.220 -30.000 -35.520 48.620 2.666
-14.220 -30.000 -35.520 48.620 2.666
-12.000 -29.640 -35.580 47.838 2.629
-12.000 -29.640 -35.580 47.838 2.629
-10.260 -29.160 -35.820 47.314 2.669
-10.260 -29.160 -35.820 47.314 2.669
-9.660 -28.020 -36.120 46.724 2.873
-9.660 -28.020 -36.120 46.724 2.824
-8.880 -26.880 -36.600 46.270 2.824
-8.880 -26.880 -36.600 46.270 2.810
-7.620 -25.440 -37.140 45.658 2.810
-7.620 -25.440 -37.140 45.658 2.723
-5.940 -24.180 -37.200 44.764 2.723
-5.940 -24.180 -37.200 44.764 2.890
-4.560 -23.700 -37.080 44.243 2.890
-4.560 -23.700 -37.080 44.243 2.808
-3.420 -22.680 -37.080 43.601 2.917
-3.420 -22.680 -37.080 43.601 2.917
-1.920 -21.780 -37.260 43.201 -2.918
-1.920 -21.780 -37.260 43.201 -2.918
-.720 -21.720 -37.560 43.394 2.884
-.720 -21.720 -37.560 43.394 2.884
1.980 -21.300 -38.280 43.852 -3.125
1.980 -21.300 -38.280 43.852 -3.125
4.620 -21.300 -39.420 45.044 -3.070
4.620 -21.300 -39.420 45.044 -2.785
6.480 -22.380 -40.260 46.516 -2.785
6.480 -22.380 -40.260 46.516 -2.806
8.580 -21.900 -41.640 47.824 -2.806
8.580 -21.900 -41.640 47.824 -2.732
10.560 -22.020 -43.200 49.625 -2.732
10.560 -22.020 -43.200 49.625 -2.725
12.600 -22.740 -44.820 51.814 -2.725
12.600 -22.740 -44.820 51.814 -2.470
15.360 -21.420 -47.880 54.656 -2.461
15.360 -21.420 -47.880 54.656 -2.461
18.300 -21.180 -51.600 58.703 -2.462
18.300 -21.180 -51.600 58.703 -2.462
20.580 -22.020 -55.800 63.420 -2.223
20.580 -22.020 -55.800 63.420 -2.223
22.740 -22.140 -60.060 67.930 -2.244
22.740 -22.140 -60.060 67.930 -2.023
24.240 -24.360 -63.900 72.555 -2.023
24.240 -24.360 -63.900 72.555 -2.056
25.620 -26.700 -66.960 76.504 -2.056
25.620 -26.700 -66.960 76.504 -2.034
27.060 -28.740 -69.480 79.911 -2.034
27.060 -28.740 -69.480 79.911 -2.560
27.900 -32.940 -70.740 82.871 -2.560
27.900 -32.940 -70.740 82.871 -2.319
27.720 -36.720 -70.620 84.285 -2.363
27.720 -36.720 -70.620 84.285 -2.363
26.460 -40.260 -70.320 85.240 -2.501
26.460 -40.260 -70.320 85.240 -2.501
24.660 -43.860 -68.640 85.107 -2.635
24.660 -43.860 -68.640 85.107 -2.635
22.620 -45.780 -66.540 83.875 -2.431
22.620 -45.780 -66.540 83.875 -2.431
21.060 -46.860 -63.960 82.038 -2.510
21.060 -46.860 -63.960 82.038 -2.753
19.980 -48.660 -60.180 79.929 -2.753
19.980 -48.660 -60.180 79.929 -2.679
18.420 -49.800 -55.740 76.982 -2.679
18.420 -49.800 -55.740 76.982 -2.770
16.680 -50.760 -52.980 75.244 -2.770
16.680 -50.760 -52.980 75.244 -2.709
14.220 -51.120 -50.280 73.100 -2.709
14.220 -51.120 -50.280 73.100 -2.843
11.880 -50.280 -48.600 70.931 -2.862
11.880 -50.280 -48.600 70.931 -2.862
10.560 -47.820 -48.480 68.910 -3.006
10.560 -47.820 -48.480 68.910 -3.006
9.660 -45.240 -47.100 66.018 -2.915
9.660 -45.240 -47.100 66.018 -2.915
8.880 -43.260 -46.140 63.868 -2.963
8.880 -43.260 -46.140 63.868 -2.954
7.860 -40.920 -46.020 62.081 -2.954
7.860 -40.920 -46.020 62.081 -2.955
6.360 -39.660 -45.060 60.364 -2.955
6.360 -39.660 -45.060 60.364 -2.871
5.580 -37.680 -44.400 58.500 -2.871
5.580 -37.680 -44.400 58.500 -3.047
6.000 -35.760 -43.920 56.954 -3.047
6.000 -35.760 -43.920 56.954 -2.958
6.180 -34.800 -42.840 55.538 -2.955
6.180 -34.800 -42.840 55.538 -2.955
6.660 -33.360 -41.640 53.769 -2.986
6.660 -33.360 -41.640 53.769 -2.986
6.600 -32.580 -40.500 52.395 -2.594
6.600 -32.580 -40.500 52.395 -2.594
5.760 -32.280 -38.940 50.907 -2.833
5.760 -32.280 -38.940 50.907 -2.905
5.940 -31.320 -37.140 48.945 -2.905
5.940 -31.320 -37.140 48.945 -3.067
6.720 -30.480 -36.120 47.737 -3.067
6.720 -30.480 -36.120 47.737 -2.881
7.080 -30.600 -34.320 46.523 -2.881
7.080 -30.600 -34.320 46.523 -2.921
7.560 -30.000 -32.880 45.147 -2.921
7.560 -30.000 -32.880 45.147 -2.931
7.740 -30.180 -31.440 44.263 -2.837
7.740 -30.180 -31.440 44.263 -2.837
7.140 -30.600 -28.560 42.462 -2.846
7.140 -30.600 -28.560 42.462 -2.846
7.800 -29.820 -27.000 40.976 -2.919
7.800 -29.820 -27.000 40.976 -2.919
8.580 -29.400 -24.840 39.434 -2.869
8.580 -29.400 -24.840 39.434 -2.869
9.120 -28.560 -22.380 37.413 -2.810
9.120 -28.560 -22.380 37.413 -2.810
9.180 -27.960 -21.840 36.647 -2.842
9.180 -27.960 -21.840 36.647 -2.702
8.700 -27.360 -20.700 35.394 -2.702
8.700 -27.360 -20.700 35.394 -2.797
8.400 -26.640 -20.460 34.625 -2.797
8.400 -26.640 -20.460 34.625 -2.830
8.460 -25.860 -21.960 34.965 -2.830
8.460 -25.860 -21.960 34.965 -2.927
9.480 -24.840 -22.860 35.064 -2.754
10.200 -24.840 -24.540 36.377 -2.754
10.200 -24.840 -24.540 36.377 -2.770
10.140 -25.260 -26.640 38.086 -2.770
10.140 -25.260 -26.640 38.086 -2.812
10.260 -25.980 -27.300 39.058 -2.812
10.260 -25.980 -27.300 39.058 -2.790
9.840 -26.880 -28.560 40.436 -2.790
9.840 -26.880 -28.560 40.436 -2.695
9.900 -27.900 -28.920 41.386 -2.776
9.900 -27.900 -28.920 41.386 -2.776
10.380 -28.920 -29.220 42.402 -2.864
10.380 -28.920 -29.220 42.402 -2.864
10.740 -30.480 -29.340 43.649 -2.794
10.740 -30.480 -29.340 43.649 -2.794
10.920 -31.680 -29.760 44.817 -2.793
10.920 -31.680 -29.760 44.817 -2.625
10.680 -32.700 -30.360 45.881 -2.625
10.680 -32.700 -30.360 45.881 -2.780
11.160 -33.420 -31.260 47.102 -2.780
11.160 -33.420 -31.260 47.102 -2.820
11.880 -33.660 -33.120 48.694 -2.820
11.880 -33.660 -33.120 48.694 -2.849
12.180 -34.500 -33.840 49.837 -2.849
12.180 -34.500 -33.840 49.837 -2.805
12.840 -34.920 -34.620 50.821 -2.813
12.840 -34.920 -34.620 50.821 -2.813
12.480 -35.400 -35.280 51.513 -2.825
12.480 -35.400 -35.280 51.513 -2.825
11.820 -35.700 -35.280 51.564 -2.789
11.820 -35.700 -35.280 51.564 -2.789
11.220 -35.820 -35.280 51.513 -2.776
11.220 -35.820 -35.280 51.513 -2.776
10.860 -35.640 -35.340 51.352 -2.892
10.860 -35.640 -35.340 51.352 -2.889
10.800 -36.120 -34.200 50.901 -2.889
10.800 -36.120 -34.200 50.901 -2.834
9.660 -36.840 -33.000 50.393 -2.834
9.660 -36.840 -33.000 50.393 -2.857
8.820 -37.980 -31.500 50.125 -2.857
8.820 -37.980 -31.500 50.125 -2.829
7.620 -39.540 -28.680 49.437 -2.829
7.620 -39.540 -28.680 49.437 -2.908
6.660 -40.260 -27.660 49.298 -2.959
6.660 -40.260 -27.660 49.298 -2.959
6.540 -40.800 -26.340 49.002 -3.061
6.540 -40.800 -26.340 49.002 -3.061
5.880 -41.160 -24.540 48.280 -2.998
5.880 -41.160 -24.540 48.280 -2.998
5.160 -40.500 -23.880 47.298 -2.989
5.160 -40.500 -23.880 47.298 -2.920
3.420 -39.900 -22.020 45.701 -2.920
3.420 -39.900 -22.020 45.701 -3.049
2.160 -38.040 -19.920 42.994 -3.049
2.160 -38.040 -19.920 42.994 -3.061
1.860 -35.700 -19.140 40.550 -3.061
1.860 -35.700 -19.140 40.550 -3.108
1.320 -33.060 -17.760 37.552 -3.108
1.320 -33.060 -17.760 37.552 -3.118
1.500 -30.120 -16.440 34.347 -3.118
1.500 -30.120 -16.440 34.347 -3.096
1.200 -27.540 -16.440 32.096 -3.093
1.200 -27.540 -16.440 32.096 -3.093
.120 -25.080 -16.080 29.792 -3.070
.120 -25.080 -16.080 29.792 -3.070
-.180 -23.460 -16.800 28.856 -3.114
-.180 -23.460 -16.800 28.856 -3.114
.120 -21.720 -17.460 27.868 3.097
.120 -21.720 -17.460 27.868 3.097
.660 -21.060 -17.640 27.480 3.114
.660 -21.060 -17.640 27.480 -3.138
1.440 -21.120 -17.940 27.748 -3.138
1.440 -21.120 -17.940 27.748 -3.030
1.320 -21.840 -17.640 28.105 -3.030
1.320 -21.840 -17.640 28.105 -2.893
1.260 -23.460 -17.940 29.560 -2.893
1.260 -23.460 -17.940 29.560 -3.034
1.440 -25.260 -17.160 30.571 -3.059
1.440 -25.260 -17.160 30.571 -3.059
1.860 -27.300 -17.040 32.235 3.099
1.860 -27.300 -17.040 32.235 3.099
2.400 -29.700 -16.740 34.177 -3.075
2.400 -29.700 -16.740 34.177 -3.075
2.040 -31.800 -16.380 35.829 -3.048
2.040 -31.800 -16.380 35.829 -3.048
1.380 -34.080 -17.160 38.181 -3.059
1.380 -34.080 -17.160 38.181 -3.102
1.080 -35.820 -17.220 39.759 -3.102
1.080 -35.820 -17.220 39.759 -3.080
1.500 -36.960 -17.880 41.085 -3.080
1.500 -36.960 -17.880 41.085 -3.081
2.760 -37.980 -18.960 42.539 -3.081
2.760 -37.980 -18.960 42.539 -3.079
4.200 -39.120 -18.840 43.623 -3.079
4.200 -39.120 -18.840 43.623 -3.036
5.040 -39.660 -19.800 44.613 -3.001
5.040 -39.660 -19.800 44.613 -3.001
6.300 -40.260 -21.060 45.870 -2.955
6.300 -40.260 -21.060 45.870 -2.955
7.620 -40.500 -21.360 46.417 -2.961
7.620 -40.500 -21.360 46.417 -2.961
9.900 -39.240 -23.040 46.569 -2.928
9.900 -39.240 -23.040 46.569 -2.928
12.240 -38.340 -23.640 46.676 -2.889
12.240 -38.340 -23.640 46.676 -2.768
14.340 -37.200 -23.100 46.077 -2.768
14.340 -37.200 -23.100 46.077 -2.754
15.960 -36.180 -23.160 45.827 -2.754
15.960 -36.180 -23.160 45.827 -2.701
17.520 -35.940 -22.320 45.791 -2.701
17.520 -35.940 -22.320 45.791 -2.628
19.680 -34.980 -21.300 45.438 -2.579
19.680 -34.980 -21.300 45.438 -2.579
22.080 -33.240 -21.000 45.094 -2.615
22.080 -33.240 -21.000 45.094 -2.615
24.420 -31.740 -19.740 44.648 -2.463
24.420 -31.740 -19.740 44.648 -2.463
26.460 -30.660 -19.200 44.820 -2.438
26.460 -30.660 -19.200 44.820 -2.438
27.660 -29.940 -18.840 44.905 -2.445
27.660 -29.940 -18.840 44.905 -2.378
28.380 -29.640 -18.180 44.883 -2.378
28.380 -29.640 -18.180 44.883 -2.327
28.740 -29.040 -17.880 44.598 -2.327
28.740 -29.040 -17.880 44.598 -2.296
29.340 -27.660 -18.060 44.182 -2.296
29.340 -27.660 -18.060 44.182 -2.361
29.400 -27.120 -17.880 43.813 -2.361
29.400 -27.120 -17.880 43.813 -2.267
28.740 -27.240 -18.480 43.698 -2.257
28.740 -27.240 -18.480 43.698 -2.257
27.960 -27.180 -19.980 43.815 -2.370
27.960 -27.180 -19.980 43.815 -2.370
26.640 -27.300 -21.300 43.688 -2.348
26.640 -27.300 -21.300 43.688 -2.348
25.320 -27.000 -23.340 43.759 -2.274
25.320 -27.000 -23.340 43.759 -2.427
24.360 -26.400 -24.540 43.504 -2.427
24.360 -26.400 -24.540 43.504 -2.385
23.340 -26.520 -25.440 43.535 -2.385
23.340 -26.520 -25.440 43.535 -2.365
21.840 -27.180 -25.560 43.233 -2.365
21.840 -27.180 -25.560 43.233 -2.396
20.700 -27.720 -26.160 43.373 -2.396
20.700 -27.720 -26.160 43.373 -2.364
19.380 -28.440 -27.060 43.780 -2.411
19.380 -28.440 -27.060 43.780 -2.411
18.600 -28.920 -27.420 43.979 -2.534
18.600 -28.920 -27.420 43.979 -2.534
18.720 -28.380 -28.440 44.325 -2.650
18.720 -28.380 -28.440 44.325 -2.650
18.000 -28.140 -29.460 44.539 -2.531
18.000 -28.140 -29.460 44.539 -2.531
17.220 -28.380 -30.300 44.945 -2.472
17.220 -28.380 -30.300 44.945 -2.631
16.080 -28.920 -31.680 45.810 -2.631
16.080 -28.920 -31.680 45.810 -2.640
14.280 -30.000 -33.300 47.040 -2.640
14.280 -30.000 -33.300 47.040 -2.564
13.680 -30.900 -34.320 48.164 -2.564
13.680 -30.900 -34.320 48.164 -2.717
13.380 -30.780 -35.100 48.564 -2.766
13.380 -30.780 -35.100 48.564 -2.766
12.840 -31.020 -35.760 49.050 -2.715
12.840 -31.020 -35.760 49.050 -2.715
12.060 -30.780 -36.720 49.409 -2.710
12.060 -30.780 -36.720 49.409 -2.710
9.900 -30.960 -37.620 49.717 -2.586
9.900 -30.960 -37.620 49.717 -2.586
8.040 -31.680 -38.640 50.609 -2.784
8.040 -31.680 -38.640 50.609 -2.824
6.240 -31.260 -39.840 51.023 -2.824
5.400 -31.200 -40.080 51.078 -3.046
5.400 -31.200 -40.080 51.078 -3.046
5.400 -31.200 -40.080 51.078 -2.890
4.800 -31.260 -39.540 50.632 -2.890
4.800 -31.260 -39.540 50.632 -2.944
3.360 -30.300 -40.020 50.309 -2.944
2.100 -29.340 -39.540 49.281 -3.031
2.100 -29.340 -39.540 49.281 -3.071
.600 -29.040 -39.120 48.724 -3.071
.600 -29.040 -39.120 48.724 -3.012
.600 -29.040 -39.120 48.724 -3.012
.060 -27.540 -39.420 48.087 -3.137
.060 -27.540 -39.420 48.087 -3.137
.180 -26.160 -38.940 46.912 -3.140
.180 -26.160 -38.940 46.912 -3.140
-.060 -26.220 -38.340 46.448 3.106
-.660 -25.320 -38.340 45.951 -3.101
-.660 -25.320 -38.340 45.951 -3.101
-1.500 -25.380 -38.580 46.204 -2.594
-1.500 -25.380 -38.580 46.204 -2.594
-2.400 -27.240 -37.860 46.703 3.105
-2.400 -27.240 -37.860 46.703 3.105
-2.580 -27.840 -38.220 47.355 3.091
-2.580 -27.840 -38.220 47.355 2.858
-2.280 -29.640 -37.380 47.760 2.858
-2.280 -29.640 -37.380 47.760 3.101
-1.860 -31.020 -35.820 47.421 3.101
-1.860 -31.020 -35.820 47.421 3.013
-1.380 -30.900 -34.800 46.559 3.013
-1.380 -30.900 -34.800 46.559 3.083
-1.140 -31.440 -32.880 45.507 3.083
-1.140 -31.440 -32.880 45.507 3.081
-.600 -31.020 -31.260 44.043 -3.086
-.600 -31.020 -31.260 44.043 -3.086
.060 -30.540 -29.340 42.350 -3.139
.060 -30.540 -29.340 42.350 -3.139
1.260 -30.660 -27.420 41.152 3.129
1.260 -30.660 -27.420 41.152 3.129
2.520 -30.480 -24.480 39.175 -3.130
2.520 -30.480 -24.480 39.175 -3.130
3.360 -30.480 -22.020 37.752 -3.053
3.360 -30.480 -22.020 37.752 -2.872
4.260 -31.560 -19.920 37.563 -2.872
4.260 -31.560 -19.920 37.563 -2.972
5.100 -32.640 -17.100 37.199 -2.972
5.100 -32.640 -17.100 37.199 -2.955
6.180 -33.840 -15.600 37.772 -2.955
6.180 -33.840 -15.600 37.772 -3.027
7.620 -35.580 -14.280 39.089 -3.027
7.620 -35.580 -14.280 39.089 -2.913
9.000 -38.040 -12.660 41.089 -2.900
9.000 -38.040 -12.660 41.089 -2.900
9.420 -40.500 -12.780 43.501 -2.908
9.420 -40.500 -12.780 43.501 -2.908
9.540 -43.320 -13.860 46.473 -2.907
9.540 -43.320 -13.860 46.473 -2.907
9.720 -46.140 -14.280 49.268 -2.893
9.720 -46.140 -14.280 49.268 -2.893
10.080 -47.460 -16.080 51.114 -2.929
10.080 -47.460 -16.080 51.114 -2.938
11.040 -48.360 -17.880 52.728 -2.938
11.040 -48.360 -17.880 52.728 -2.901
11.640 -48.720 -18.900 53.538 -2.901
11.640 -48.720 -18.900 53.538 -2.882
11.280 -48.540 -21.060 54.101 -2.882
11.280 -48.540 -21.060 54.101 -2.865
10.860 -48.720 -23.040 54.977 -2.872
10.860 -48.720 -23.040 54.977 -2.872
10.680 -48.240 -24.780 55.274 -2.909
10.680 -48.240 -24.780 55.274 -2.909
10.860 -47.520 -26.880 55.665 -3.009
10.860 -47.520 -26.880 55.665 -3.009
10.860 -47.220 -28.200 56.062 -2.840
10.860 -47.220 -28.200 56.062 -2.840
10.680 -45.600 -29.940 55.586 -2.885
10.680 -45.600 -29.940 55.586 -2.882
9.840 -44.160 -31.080 54.890 -2.882
9.840 -44.160 -31.080 54.890 -2.862
9.600 -42.180 -32.160 53.903 -2.862
9.600 -42.180 -32.160 53.903 -2.875
10.620 -38.760 -33.780 52.500 -2.875
10.620 -38.760 -33.780 52.500 -2.896
11.220 -36.180 -34.080 50.954 -2.896
11.220 -36.180 -34.080 50.954 -2.873
11.940 -33.960 -34.680 49.985 -2.822
11.940 -33.960 -34.680 49.985 -2.822
11.640 -32.640 -35.700 49.753 -2.757
11.640 -32.640 -35.700 49.753 -2.757
10.440 -33.120 -35.340 49.546 -2.798
10.440 -33.120 -35.340 49.546 -2.798
9.660 -34.500 -35.160 50.198 -2.763
9.660 -34.500 -35.160 50.198 -2.763
9.420 -36.240 -35.760 51.777 -2.785
9.420 -36.240 -35.760 51.777 -2.918
9.540 -38.640 -34.740 52.829 -2.918
9.540 -38.640 -34.740 52.829 -2.849
10.140 -41.340 -34.140 54.565 -2.849
10.140 -41.340 -34.140 54.565 -2.802
10.380 -43.440 -34.440 56.399 -2.802
10.380 -43.440 -34.440 56.399 -2.726
11.040 -46.140 -34.080 58.414 -2.726
11.040 -46.140 -34.080 58.414 -2.805
13.980 -47.400 -34.980 60.546 -2.755
13.980 -47.400 -34.980 60.546 -2.755
18.840 -46.020 -36.960 61.958 -2.739
18.840 -46.020 -36.960 61.958 -2.739
25.320 -44.040 -38.400 63.680 -2.756
25.320 -44.040 -38.400 63.680 -2.756
32.880 -39.600 -39.540 64.905 -2.582
32.880 -39.600 -39.540 64.905 -2.363
39.060 -33.480 -40.260 65.326 -2.363
39.060 -33.480 -40.260 65.326 -2.129
43.800 -27.060 -40.500 65.505 -2.129
43.800 -27.060 -40.500 65.505 -1.977
47.460 -19.140 -40.020 64.965 -1.977
47.460 -19.140 -40.020 64.965 -1.787
48.840 -10.140 -39.060 63.355 -1.787
48.840 -10.140 -39.060 63.355 -1.821
49.080 -2.820 -37.020 61.541 -1.628
49.080 -2.820 -37.020 61.541 -1.628
48.240 3.900 -34.860 59.645 -1.346
48.240 3.900 -34.860 59.645 -1.346
46.320 9.660 -32.340 57.313 -1.243
46.320 9.660 -32.340 57.313 -1.243
44.580 12.540 -29.400 54.854 -1.404
44.580 12.540 -29.400 54.854 -1.236
42.720 15.000 -26.820 52.624 -1.236
42.720 15.000 -26.820 52.624 -1.150
41.040 16.620 -23.460 50.109 -1.150
41.040 16.620 -23.460 50.109 -1.233
39.840 16.620 -20.580 47.822 -1.233
39.840 16.620 -20.580 47.822 -1.114
39.180 15.720 -18.180 45.964 -1.114
39.180 15.720 -18.180 45.964 -1.096
38.280 13.920 -16.680 44.015 -1.096
38.280 13.920 -16.680 44.015 -1.266
37.680 11.220 -16.080 42.476 -1.278
37.680 11.220 -16.080 42.476 -1.278
36.960 8.160 -16.800 41.411 -1.305
36.960 8.160 -16.800 41.411 -1.305
36.060 5.580 -17.760 40.582 -1.342
36.060 5.580 -17.760 40.582 -1.342
35.400 3.660 -18.780 40.240 -1.424
35.400 3.660 -18.780 40.240 -1.358
34.680 1.260 -20.760 40.438 -1.358
34.680 1.260 -20.760 40.438 -1.483
34.140 -.720 -22.260 40.762 -1.483
34.140 -.720 -22.260 40.762 -1.696
33.300 -2.040 -24.300 41.274 -1.696
33.300 -2.040 -24.300 41.274 -1.569
32.940 -2.520 -26.640 42.439 -1.569
32.940 -2.520 -26.640 42.439 -1.532
32.640 -1.140 -27.900 42.954 -1.522
32.640 -1.140 -27.900 42.954 -1.522
32.160 .960 -28.920 43.261 -1.624
32.160 .960 -28.920 43.261 -1.624
31.920 3.180 -30.300 44.126 -1.380
31.920 3.180 -30.300 44.126 -1.380
31.260 4.860 -30.600 44.013 -1.328
31.260 4.860 -30.600 44.013 -1.328
30.960 6.000 -31.080 44.277 -1.591
30.960 6.000 -31.080 44.277 -1.345
30.720 6.660 -31.380 44.416 -1.345
30.720 6.660 -31.380 44.416 -1.221
30.720 7.440 -30.180 43.702 -1.221
30.720 7.440 -30.180 43.702 -1.356
30.960 7.800 -29.160 43.240 -1.356
30.960 7.800 -29.160 43.240 -1.356
30.420 7.260 -27.420 41.593 -1.356
30.420 7.260 -27.420 41.593 -1.220
30.420 6.540 -25.260 40.078 -1.258
30.420 6.540 -25.260 40.078 -1.258
30.060 5.160 -23.520 38.515 -1.558
30.060 5.160 -23.520 38.515 -1.558
29.700 3.360 -21.780 36.983 -1.411
29.700 3.360 -21.780 36.983 -1.411
29.940 1.920 -20.940 36.587 -1.427
29.400 1.080 -20.280 35.732 -1.436
29.400 1.080 -20.280 35.732 -1.436
29.400 1.080 -20.280 35.732 -1.589
29.220 -.660 -19.560 35.169 -1.589
28.920 -2.040 -19.080 34.707 -1.496
28.920 -2.040 -19.080 34.707 -1.496
28.920 -2.040 -19.080 34.707 -1.537
28.440 -4.020 -17.940 33.865 -1.537
28.440 -4.020 -17.940 33.865 -1.785
28.380 -6.360 -17.640 34.015 -1.782
28.200 -7.980 -17.820 34.300 -1.782
28.200 -7.980 -17.820 34.300 -1.736
28.080 -9.120 -18.540 34.862 -1.751
28.080 -9.120 -18.540 34.862 -1.751
28.020 -9.540 -19.740 35.578 -1.962
28.020 -9.540 -19.740 35.578 -1.962
27.960 -9.900 -19.920 35.729 -1.896
27.960 -9.900 -19.920 35.729 -1.896
28.200 -9.960 -20.280 36.135 -1.802
28.200 -9.960 -20.280 36.135 -1.807
28.380 -9.720 -20.580 36.379 -1.807
28.380 -9.720 -20.580 36.379 -1.927
28.500 -9.480 -20.520 36.376 -1.927
28.500 -9.480 -20.520 36.376 -1.822
28.800 -8.220 -21.000 36.579 -1.822
28.800 -8.220 -21.000 36.579 -1.758
28.740 -6.240 -21.240 36.278 -1.758
28.740 -6.240 -21.240 36.278 -1.880
28.800 -4.440 -20.760 35.779 -1.880
28.800 -4.440 -20.760 35.779 -1.732
29.160 -2.340 -20.460 35.699 -1.562
29.160 -2.340 -20.460 35.699 -1.562
29.100 -.540 -19.980 35.303 -1.563
29.100 -.540 -19.980 35.303 -1.563
29.520 1.320 -19.440 35.371 -1.699
29.520 1.320 -19.440 35.371 -1.699
29.400 3.060 -19.080 35.182 -1.471
29.400 3.060 -19.080 35.182 -1.471
29.340 4.980 -18.180 34.873 -1.359
29.340 4.980 -18.180 34.873 -1.453
29.400 6.540 -17.460 34.814 -1.453
29.400 6.540 -17.460 34.814 -1.383
29.520 7.080 -16.500 34.552 -1.383
29.520 7.080 -16.500 34.552 -1.269
29.880 6.960 -15.420 34.337 -1.269
29.880 6.960 -15.420 34.337 -1.293
30.120 5.400 -14.760 33.974 -1.517
30.120 5.400 -14.760 33.974 -1.517
30.480 3.000 -14.160 33.742 -1.386
30.480 3.000 -14.160 33.742 -1.386
30.480 .600 -13.740 33.439 -1.427
30.480 .600 -13.740 33.439 -1.427
30.300 -1.500 -14.160 33.479 -1.492
30.300 -1.500 -14.160 33.479 -1.492
29.760 -3.540 -14.820 33.434 -1.636
29.760 -3.540 -14.820 33.434 -1.606
28.980 -5.040 -15.780 33.380 -1.606
28.980 -5.040 -15.780 33.380 -1.673
28.080 -6.420 -17.220 33.559 -1.673
28.080 -6.420 -17.220 33.559 -1.811
27.300 -7.620 -19.140 34.201 -1.811
27.300 -7.620 -19.140 34.201 -1.732
27.000 -8.160 -21.660 35.563 -1.719
27.000 -8.160 -21.660 35.563 -1.719
26.640 -8.040 -24.240 36.904 -1.989
26.640 -8.040 -24.240 36.904 -1.989
25.980 -8.340 -26.820 38.260 -1.848
25.980 -8.340 -26.820 38.260 -1.848
25.320 -9.000 -28.860 39.434 -1.742
25.320 -9.000 -28.860 39.434 -1.742
24.300 -9.660 -30.840 40.434 -1.802
24.300 -9.660 -30.840 40.434 -1.972
23.160 -10.620 -33.000 41.691 -1.972
23.160 -10.620 -33.000 41.691 -1.899
22.920 -9.900 -34.800 42.830 -1.899
22.920 -9.900 -34.800 42.830 -1.874
21.960 -7.680 -36.000 42.863 -1.874
21.960 -7.680 -36.000 42.863 -2.014
21.120 -4.740 -36.480 42.418 -2.014
21.120 -4.740 -36.480 42.418 -1.655
20.280 -.660 -36.180 41.481 -1.401
20.280 -.660 -36.180 41.481 -1.401
18.060 3.480 -35.700 40.159 -1.514
18.060 3.480 -35.700 40.159 -1.514
15.420 7.320 -35.220 39.138 -1.321
15.420 7.320 -35.220 39.138 -1.321
12.180 10.680 -34.200 37.842 -.872
12.180 10.680 -34.200 37.842 -.872
9.060 13.500 -32.640 36.465 -.639
9.060 13.500 -32.640 36.465 -.657
6.660 15.300 -31.140 35.329 -.657
6.660 15.300 -31.140 35.329 -.336
4.860 16.500 -29.400 34.062 -.336
4.860 16.500 -29.400 34.062 -.246
3.540 17.880 -27.840 33.276 -.246
3.540 17.880 -27.840 33.276 -.353
2.280 18.660 -27.480 33.295 -.353
2.280 18.660 -27.480 33.295 -.113
1.140 19.200 -27.600 33.641 -.091
1.140 19.200 -27.600 33.641 -.091
.300 19.320 -28.260 34.234 -.049
.300 19.320 -28.260 34.234 -.049
-.060 18.960 -29.160 34.782 -.011
-.060 18.960 -29.160 34.782 -.011
-.180 17.640 -30.060 34.854 .018
-.180 17.640 -30.060 34.854 -.008
-.360 16.800 -30.240 34.595 -.008
-.360 16.800 -30.240 34.595 -.131
-.240 16.080 -30.300 34.303 -.131
-.240 16.080 -30.300 34.303 -.087
-.300 14.880 -30.960 34.352 -.087
-.300 14.880 -30.960 34.352 -.064
-.420 14.520 -30.780 34.035 -.064
-.420 14.520 -30.780 34.035 .493
-.540 14.220 -30.780 33.910 -.006
-.540 14.220 -30.780 33.910 -.006
-.660 14.160 -30.900 33.996 .054
-.660 14.160 -30.900 33.996 .054
-.780 15.660 -30.300 34.116 -.038
-.780 15.660 -30.300 34.116 -.038
-1.680 17.340 -30.300 34.951 .010
-1.680 17.340 -30.300 34.951 .010
-2.340 18.840 -31.020 36.368 .015
-2.340 18.840 -31.020 36.368 .038
-3.360 21.540 -31.320 38.160 .038
-3.360 21.540 -31.320 38.160 .143
-4.800 22.500 -32.460 39.786 .143
-4.800 22.500 -32.460 39.786 .206
-5.280 23.460 -33.840 41.514 .206
-5.280 23.460 -33.840 41.514 .148
-6.120 24.780 -34.740 43.109 .148
-6.120 24.780 -34.740 43.109 .194
-6.480 24.180 -36.840 44.540 .146
-6.480 24.180 -36.840 44.540 .146
-6.480 24.180 -39.180 46.494 .248
-6.480 24.180 -39.180 46.494 .248
-6.960 24.120 -41.880 48.828 .508
-6.960 24.120 -41.880 48.828 .508
-7.140 22.680 -45.060 50.949 .300
-7.140 22.680 -45.060 50.949 .249
-6.720 22.560 -48.420 53.839 .249
-6.720 22.560 -48.420 53.839 .364
-6.300 22.920 -51.180 56.431 .364
-6.300 22.920 -51.180 56.431 .209
-6.300 22.800 -53.880 58.844 .209
-6.300 22.800 -53.880 58.844 .113
-5.700 24.660 -56.160 61.600 .113
-5.700 24.660 -56.160 61.600 .314
-6.000 26.100 -56.820 62.815 .314
-6.000 26.100 -56.820 62.815 .353
-5.880 27.060 -57.840 64.127 .236
-5.880 27.060 -57.840 64.127 .236
-4.740 29.820 -56.580 64.133 .152
-4.740 29.820 -56.580 64.133 .152
-3.780 31.740 -54.240 62.958 -.094
-3.780 31.740 -54.240 62.958 -.094
-2.580 32.280 -52.380 61.582 .093
-2.580 32.280 -52.380 61.582 .093
-1.260 33.180 -49.020 59.207 .093
-1.260 33.180 -49.020 59.207 .292
.060 32.340 -46.200 56.394 .292
.060 32.340 -46.200 56.394 -.011
1.680 30.000 -43.560 52.918 -.011
1.680 30.000 -43.560 52.918 -.057
4.500 28.740 -40.320 49.719 -.057
4.500 28.740 -40.320 49.719 -.289
7.080 26.160 -37.740 46.463 -.207
7.080 26.160 -37.740 46.463 -.207
9.300 23.880 -35.520 43.800 -.374
9.300 23.880 -35.520 43.800 -.374
12.120 23.460 -32.820 42.124 -.574
12.120 23.460 -32.820 42.124 -.574
13.860 22.380 -30.780 40.502 -.491
13.860 22.380 -30.780 40.502 -.491
16.140 22.140 -28.440 39.491 -.465
16.140 22.140 -28.440 39.491 -.610
18.540 21.960 -26.640 39.188 -.610
18.540 21.960 -26.640 39.188 -.761
20.280 21.240 -25.440 38.854 -.761
20.280 21.240 -25.440 38.854 -.728
21.720 21.420 -23.940 38.778 -.728
21.720 21.420 -23.940 38.778 -.748
22.380 21.900 -22.320 38.453 -.748
22.380 21.900 -22.320 38.453 -.692
22.500 22.140 -21.300 38.080 -.707
22.500 22.140 -21.300 38.080 -.707
22.560 22.380 -20.400 37.762 -.720
22.560 22.380 -20.400 37.762 -.720
22.500 22.140 -20.280 37.519 -.837
21.900 21.900 -19.800 36.759 -.837
21.900 21.900 -19.800 36.759 -.757
21.900 21.900 -19.800 36.759 -.751
21.000 22.200 -18.840 35.900 -.751
21.000 22.200 -18.840 35.900 -.828
19.260 22.860 -18.000 34.893 -.828
17.100 23.940 -16.080 33.528 -.711
17.100 23.940 -16.080 33.528 -.711
15.060 25.320 -15.120 33.114 -.566
15.060 25.320 -15.120 33.114 -.508
13.440 26.460 -13.680 32.679 -.508
13.440 26.460 -13.680 32.679 -.516
11.880 27.840 -12.360 32.695 -.516
11.880 27.840 -12.360 32.695 -.389
10.260 29.160 -11.580 33.010 -.389
10.260 29.160 -11.580 33.010 -.332
8.280 29.940 -10.860 32.907 -.332
8.280 29.940 -10.860 32.907 -.219
6.060 30.240 -10.620 32.618 -.195
6.060 30.240 -10.620 32.618 -.195
4.320 29.340 -10.860 31.582 -.186
4.320 29.340 -10.860 31.582 -.186
2.760 28.320 -11.460 30.675 -.165
2.760 28.320 -11.460 30.675 -.165
1.440 26.640 -12.420 29.428 -.093
1.440 26.640 -12.420 29.428 -.093
-.240 25.200 -13.800 28.732 -.059
-.240 25.200 -13.800 28.732 -.014
-2.280 24.180 -14.700 28.389 -.014
-2.280 24.180 -14.700 28.389 .079
-4.260 22.740 -16.440 28.382 .079
-4.260 22.740 -16.440 28.382 .197
-5.820 21.900 -17.400 28.570 .197
-5.820 21.900 -17.400 28.570 .244
-6.720 21.060 -17.760 28.357 .244
-6.720 21.060 -17.760 28.357 .175
-7.860 20.220 -18.660 28.615 .320
-7.860 20.220 -18.660 28.615 .320
-9.000 19.920 -17.520 28.014 .374
-9.000 19.920 -17.520 28.014 .374
-10.380 19.680 -16.740 27.844 .541
-10.380 19.680 -16.740 27.844 .541
-11.940 19.620 -16.320 28.175 .415
-11.940 19.620 -16.320 28.175 .415
-12.420 20.640 -14.700 28.220 .511
-12.420 20.640 -14.700 28.220 .568
-12.480 21.960 -13.980 28.869 .568
-12.480 21.960 -13.980 28.869 .485
-12.600 23.640 -13.200 29.864 .485
-12.600 23.640 -13.200 29.864 .447
-12.660 26.220 -11.880 31.447 .447
-12.660 26.220 -11.880 31.447 .453
-13.680 28.260 -11.640 33.485 .467
-13.680 28.260 -11.640 33.485 .467
-14.280 30.120 -11.460 35.249 .436
-14.280 30.120 -11.460 35.249 .436
-14.640 32.040 -10.980 36.898 .428
-14.640 32.040 -10.980 36.898 .428
-15.240 32.940 -11.700 38.134 .426
-15.240 32.940 -11.700 38.134 .426
-15.900 34.140 -12.480 39.675 .409
-15.900 34.140 -12.480 39.675 .421
-17.820 34.920 -12.420 41.124 .421
-17.820 34.920 -12.420 41.124 .505
-19.440 35.340 -13.380 42.495 .505
-19.440 35.340 -13.380 42.495 .480
-20.340 36.000 -14.340 43.765 .480
-20.340 36.000 -14.340 43.765 .489
-20.760 35.760 -15.180 44.048 .489
-20.760 35.760 -15.180 44.048 .554
-20.160 35.220 -16.800 43.922 .511
-20.160 35.220 -16.800 43.922 .511
-20.100 34.020 -18.600 43.673 .476
-20.100 34.020 -18.600 43.673 .476
-20.400 32.580 -20.160 43.406 .539
-20.400 32.580 -20.160 43.406 .539
-20.520 31.200 -22.080 43.382 .564
-20.520 31.200 -22.080 43.382 .564
-19.560 30.120 -25.560 44.081 .562
-19.560 30.120 -25.560 44.081 .529
-17.400 29.580 -29.040 44.956 .529
-17.400 29.580 -29.040 44.956 .456
-15.300 29.340 -33.480 47.073 .456
-15.300 29.340 -33.480 47.073 .393
-12.840 29.100 -38.520 49.955 .393
-12.840 29.100 -38.520 49.955 .361
-11.040 30.120 -41.940 52.802 .406
-11.040 30.120 -41.940 52.802 .406
-9.240 31.680 -45.420 56.142 .225
-9.240 31.680 -45.420 56.142 .225
-6.780 34.140 -47.700 59.049 .156
-6.780 34.140 -47.700 59.049 .156
-4.620 37.320 -48.420 61.308 .158
-4.620 37.320 -48.420 61.308 .158
-3.120 39.540 -48.000 62.267 .113
-3.120 39.540 -48.000 62.267 .055
-3.180 41.700 -47.160 63.032 .055
-3.180 41.700 -47.160 63.032 .015
-3.780 43.020 -45.480 62.717 .015
-3.780 43.020 -45.480 62.717 .091
-4.680 42.360 -44.460 61.587 .091
-4.680 42.360 -44.460 61.587 .115
-5.820 41.700 -44.040 60.929 .115
-5.820 41.700 -44.040 60.929 .113
-6.960 39.900 -42.480 58.694 .091
-6.960 39.900 -42.480 58.694 .091
-8.580 37.860 -41.760 57.017 .172
-8.580 37.860 -41.760 57.017 .172
-10.860 36.000 -39.840 54.783 .264
-10.860 36.000 -39.840 54.783 .264
-12.360 33.960 -38.040 52.470 .390
-12.360 33.960 -38.040 52.470 .253
-13.260 31.440 -37.260 50.523 .253
-13.260 31.440 -37.260 50.523 .297
-13.800 29.100 -34.980 47.548 .297
-13.800 29.100 -34.980 47.548 .485
-13.260 27.840 -33.180 45.297 .485
-13.260 27.840 -33.180 45.297 .402
-13.320 25.800 -31.320 42.708 .402
-13.320 25.800 -31.320 42.708 .322
-13.320 25.200 -28.800 40.520 .401
-13.320 25.200 -28.800 40.520 .401
-13.440 24.300 -26.880 38.648 .543
-13.440 24.300 -26.880 38.648 .543
-13.020 23.460 -25.140 36.768 .464
-13.020 23.460 -25.140 36.768 .464
-13.080 23.880 -22.920 35.590 .447
-13.080 23.880 -22.920 35.590 .447
-12.900 23.880 -21.360 34.539 .210
-12.900 23.880 -21.360 34.539 .418
-12.480 24.240 -20.640 34.196 .418
-12.480 24.240 -20.640 34.196 .415
-13.440 24.300 -19.800 34.105 .415
-13.440 24.300 -19.800 34.105 .544
-13.920 24.480 -19.380 34.185 .544
-13.920 24.480 -19.380 34.185 .495
-14.760 24.480 -18.600 34.104 .516
-14.760 24.480 -18.600 34.104 .516
-15.360 24.900 -17.820 34.256 .559
-15.360 24.900 -17.820 34.256 .559
-16.140 25.440 -18.060 35.126 .546
-16.140 25.440 -18.060 35.126 .546
-17.280 25.500 -18.780 36.077 .493
-17.280 25.500 -18.780 36.077 .493
-18.540 25.140 -19.980 37.080 .558
-18.540 25.140 -19.980 37.080 .658
-20.520 24.660 -21.840 38.809 .658
-20.520 24.660 -21.840 38.809 .624
-21.660 24.000 -23.100 39.734 .624
-21.660 24.000 -23.100 39.734 .648
-22.260 23.520 -23.580 40.059 .648
-22.260 23.520 -23.580 40.059 .581
-22.560 23.460 -23.520 40.156 .581
-22.560 23.460 -23.520 40.156 .680
-23.100 22.740 -22.260 39.322 .743
-23.100 22.740 -22.260 39.322 .743
-23.580 21.720 -19.800 37.680 .841
-23.580 21.720 -19.800 37.680 .841
-24.060 20.820 -17.880 36.497 .832
-24.060 20.820 -17.880 36.497 .832
-24.480 20.220 -15.720 35.429 .846
-24.480 20.220 -15.720 35.429 .846
-24.360 19.800 -13.440 34.148 .914
-24.420 20.580 -12.420 34.266 .873
-24.420 20.580 -12.420 34.266 .873
-25.020 21.000 -11.340 34.577 .827
-25.020 21.000 -11.340 34.577 .827
-25.680 21.360 -10.860 35.123 .876
-25.680 21.360 -10.860 35.123 .876
-26.040 22.200 -11.700 36.164 .890
-26.040 22.200 -11.700 36.164 .890
-25.500 22.680 -13.080 36.547 .838
-25.500 22.680 -13.080 36.547 .800
-23.700 23.940 -15.000 36.876 .800
-23.700 23.940 -15.000 36.876 .741
-22.140 24.960 -16.800 37.355 .741
-22.140 24.960 -16.800 37.355 .674
-20.460 24.960 -17.820 36.867 .674
-20.460 24.960 -17.820 36.867 .670
-19.200 24.780 -18.540 36.420 .724
-19.200 24.780 -18.540 36.420 .724
-18.240 23.700 -18.840 35.346 .605
-18.240 23.700 -18.840 35.346 .605
-16.320 23.520 -18.780 34.238 .596
-16.320 23.520 -18.780 34.238 .596
-14.400 24.420 -17.940 33.549 .633
-14.400 24.420 -17.940 33.549 .633
-12.600 24.960 -17.400 32.932 .517
-12.600 24.960 -17.400 32.932 .392
-11.520 26.340 -15.720 32.766 .392
-11.520 26.340 -15.720 32.766 .384
-10.620 27.720 -14.280 32.941 .384
-10.620 27.720 -14.280 32.941 .413
-9.660 28.680 -14.880 33.723 .413
-9.660 28.680 -14.880 33.723 .311
-8.280 30.540 -14.460 34.790 .311
-8.280 30.540 -14.460 34.790 .245
-6.300 32.400 -15.360 36.406 -.001
-6.300 32.400 -15.360 36.406 -.001
-5.220 33.240 -18.300 38.302 .141
-5.220 33.240 -18.300 38.302 .141
-4.320 34.440 -19.560 39.842 .137
-4.320 34.440 -19.560 39.842 .137
-4.020 35.040 -22.260 41.707 .167
-4.020 35.040 -22.260 41.707 .167
-4.920 34.200 -25.920 43.194 .114
-4.920 34.200 -25.920 43.194 .131
-5.280 33.840 -27.900 44.175 .131
-5.280 33.840 -27.900 44.175 .162
-6.120 32.460 -31.140 45.396 .162
-6.120 32.460 -31.140 45.396 .153
-7.200 30.780 -33.480 46.045 .153
-7.200 30.780 -33.480 46.045 .144
-8.160 29.520 -34.920 46.448 .183
-8.160 29.520 -34.920 46.448 .183
-9.360 26.760 -36.120 45.917 .295
-9.360 26.760 -36.120 45.917 .295
-10.320 24.960 -36.600 45.487 .314
-10.320 24.960 -36.600 45.487 .314
-11.100 23.520 -37.200 45.390 .279
-11.100 23.520 -37.200 45.390 .279
-11.040 22.260 -37.620 45.085 .113
-11.040 22.260 -37.620 45.085 .307
-11.220 22.680 -37.440 45.189 .307
-11.220 22.680 -37.440 45.189 .368
-11.040 22.920 -37.560 45.365 .368
-11.040 22.920 -37.560 45.365 .575
-10.980 23.040 -37.980 45.759 .575
-10.980 23.040 -37.980 45.759 .295
-10.320 23.520 -39.240 46.899 .295
-10.320 23.520 -39.240 46.899 .331
-9.540 23.340 -41.460 48.525 .395
-9.540 23.340 -41.460 48.525 .395
-8.940 22.740 -44.040 50.364 .366
-8.940 22.740 -44.040 50.364 .366
-8.340 21.060 -46.260 51.508 .271
-8.340 21.060 -46.260 51.508 .271
-8.520 18.780 -47.700 51.967 .295
-8.520 18.780 -47.700 51.967 .295
-8.760 15.840 -48.720 51.974 .497
-8.760 15.840 -48.720 51.974 .434
-8.520 12.900 -48.540 50.942 .434
-8.520 12.900 -48.540 50.942 .332
-8.580 10.800 -47.460 49.424 .332
-8.580 10.800 -47.460 49.424 .357
-8.280 9.840 -44.940 46.744 .357
-8.280 9.840 -44.940 46.744 .437
-7.860 10.320 -42.120 44.072 .437
-7.860 10.320 -42.120 44.072 .359
-7.980 11.640 -39.000 41.475 1.139
-7.980 11.640 -39.000 41.475 1.139
-7.860 14.340 -36.180 39.704 .310
-7.860 14.340 -36.180 39.704 .310
-7.320 17.280 -34.800 39.538 .352
-7.320 17.280 -34.800 39.538 .352
-7.080 20.460 -33.900 40.224 .455
-7.080 20.460 -33.900 40.224 .373
-6.120 23.520 -34.800 42.446 .373
-6.120 23.520 -34.800 42.446 .118
-5.340 25.980 -36.000 44.715 .118
-5.340 25.980 -36.000 44.715 .117
-4.920 28.320 -37.680 47.392 .117
-4.920 28.320 -37.680 47.392 .240
-4.440 29.220 -40.380 50.041 .240
-4.440 29.220 -40.380 50.041 .182
-4.500 29.520 -42.120 51.631 .113
-4.500 29.520 -42.120 51.631 .113
-3.780 29.400 -44.280 53.286 -.310
-3.780 29.400 -44.280 53.286 -.310
-3.660 27.420 -46.500 54.106 .039
-3.660 27.420 -46.500 54.106 .039
-3.840 25.920 -47.520 54.265 .097
-3.840 25.920 -47.520 54.265 .097
-4.080 23.460 -48.420 53.958 .518
-4.080 23.460 -48.420 53.958 .167
-5.100 20.280 -48.840 53.128 .167
-5.100 20.280 -48.840 53.128 .178
-6.120 18.480 -47.760 51.575 .178
-6.120 18.480 -47.760 51.575 .432
-6.960 16.440 -45.780 49.138 .432
-6.960 16.440 -45.780 49.138 .375
-8.640 15.180 -43.560 46.931 .375
-8.640 15.180 -43.560 46.931 .306
-9.780 15.900 -40.620 44.704 .632
-9.780 15.900 -40.620 44.704 .632
-11.460 16.200 -37.560 42.480 .675
-11.460 16.200 -37.560 42.480 .675
-12.960 17.760 -34.920 41.265 .581
-12.960 17.760 -34.920 41.265 .581
-13.740 20.640 -31.920 40.419 .471
-13.740 20.640 -31.920 40.419 .487
-14.760 22.860 -30.000 40.502 .487
-14.760 22.860 -30.000 40.502 .467
-15.960 25.200 -28.800 41.463 .467
-15.960 25.200 -28.800 41.463 .524
-17.460 26.700 -28.320 42.659 .524
-17.460 26.700 -28.320 42.659 .642
-18.840 27.420 -28.140 43.574 .642
-18.840 27.420 -28.140 43.574 .536
-20.100 28.140 -27.360 44.096 .531
-20.100 28.140 -27.360 44.096 .531
-20.160 29.040 -26.040 43.907 .497
-20.160 29.040 -26.040 43.907 .497
-19.440 30.060 -24.120 43.166 .543
-19.440 30.060 -24.120 43.166 .543
-18.300 30.780 -22.020 42.038 .468
-18.300 30.780 -22.020 42.038 .468
-16.920 31.620 -19.380 40.764 .584
-16.920 31.620 -19.380 40.764 .511
-15.120 33.000 -16.320 39.799 .511
-15.120 33.000 -16.320 39.799 .403
-12.840 34.620 -14.700 39.743 .403
-12.840 34.620 -14.700 39.743 .313
-10.200 36.720 -13.860 40.552 .313
-10.200 36.720 -13.860 40.552 .252
-7.020 38.520 -13.200 41.320 .252
-7.020 38.520 -13.200 41.320 .169
-4.380 39.780 -15.420 42.888 .112
-4.380 39.780 -15.420 42.888 .112
-1.980 41.040 -17.220 44.550 .082
-1.980 41.040 -17.220 44.550 .082
.000 41.460 -20.580 46.287 -.005
2.100 41.340 -25.620 48.680 -.005
2.100 41.340 -25.620 48.680 -.050
2.100 41.340 -25.620 48.680 -.144
4.260 40.680 -30.480 51.010 -.144
5.880 38.580 -36.180 53.216 -.097
5.880 38.580 -36.180 53.216 -.097
6.960 36.480 -40.140 54.685 -.162
6.960 36.480 -40.140 54.685 -.162
7.620 33.960 -44.160 56.227 -.174
7.620 33.960 -44.160 56.227 -.174
7.800 29.940 -47.340 56.554 -.181
7.800 29.940 -47.340 56.554 -.205
9.120 26.940 -49.140 56.777 -.205
9.120 26.940 -49.140 56.777 -.377
10.680 23.820 -50.880 57.186 -.377
10.680 23.820 -50.880 57.186 -.485
11.580 21.180 -51.480 56.858 -.485
11.580 21.180 -51.480 56.858 -.517
13.200 21.000 -51.180 56.874 -.513
13.200 21.000 -51.180 56.874 -.513
13.500 21.240 -51.120 56.979 -.616
13.500 21.240 -51.120 56.979 -.616
14.160 22.740 -50.700 57.342 -.426
14.160 22.740 -50.700 57.342 -.426
15.180 25.020 -50.640 58.488 -.478
15.180 25.020 -50.640 58.488 -.478
15.660 26.460 -50.520 59.141 -.695
15.660 26.460 -50.520 59.141 -.695
15.960 27.900 -50.400 59.777 -.501
15.960 27.900 -50.400 59.777 -.498
15.600 28.740 -49.920 59.677 -.498
15.600 28.740 -49.920 59.677 -.424
15.240 28.380 -49.020 58.657 -.424
15.240 28.380 -49.020 58.657 -.433
15.120 28.200 -47.700 57.438 -.433
15.120 28.200 -47.700 57.438 -.408
15.300 27.540 -45.540 55.375 -.833
15.300 27.540 -45.540 55.375 -.833
15.720 27.300 -43.320 53.563 -.350
15.720 27.300 -43.320 53.563 -.350
15.720 27.900 -41.100 52.103 -.457
15.720 27.900 -41.100 52.103 -.457
15.540 29.400 -38.640 50.979 -.519
15.540 29.400 -38.640 50.979 -.519
14.880 31.140 -36.960 50.568 -.424
14.880 31.140 -36.960 50.568 -.372
14.160 33.300 -35.640 50.790 -.372
14.160 33.300 -35.640 50.790 -.462
12.840 35.280 -35.040 51.355 -.462
12.840 35.280 -35.040 51.355 -.385
10.680 36.960 -35.880 52.607 -.385
10.680 36.960 -35.880 52.607 -.337
8.460 39.540 -37.020 54.822 -.212
8.460 39.540 -37.020 54.822 -.212
5.820 40.680 -39.720 57.153 -.168
5.820 40.680 -39.720 57.153 -.168
3.600 40.680 -43.020 59.317 -.159
3.600 40.680 -43.020 59.317 -.159
1.740 39.600 -46.200 60.874 -.113
1.740 39.600 -46.200 60.874 -.113
-.360 36.120 -49.620 61.375 -.201
-.360 36.120 -49.620 61.375 -.097
-2.220 32.340 -51.780 61.090 -.097
-2.220 32.340 -51.780 61.090 -.062
-3.900 28.620 -52.380 59.816 -.062
-3.900 28.620 -52.380 59.816 .395
-4.740 24.660 -51.540 57.332 .395
-4.740 24.660 -51.540 57.332 .113
-5.100 21.360 -49.860 54.482 .113
-5.100 21.360 -49.860 54.482 .146
-4.920 18.960 -47.160 51.066 .371
-4.920 18.960 -47.160 51.066 .371
-5.040 17.040 -44.160 47.601 .273
-5.040 17.040 -44.160 47.601 .273
-5.040 16.440 -41.460 44.884 -.018
-5.040 16.440 -41.460 44.884 -.018
-4.800 16.440 -38.640 42.265 .117
-4.800 16.440 -38.640 42.265 .117
-4.260 17.040 -36.240 40.272 .195
-4.260 17.040 -36.240 40.272 .194
-3.120 17.880 -34.800 39.249 .194
-3.120 17.880 -34.800 39.249 .024
-2.100 18.900 -33.960 38.922 .024
-2.100 18.900 -33.960 38.922 .023
-1.020 20.340 -34.200 39.804 .023
-1.020 20.340 -34.200 39.804 .026
-.540 21.540 -35.100 41.186 .020
-.540 21.540 -35.100 41.186 .020
.120 22.800 -36.300 42.867 .058
.120 22.800 -36.300 42.867 .058
1.020 22.860 -37.680 44.084 -.041
1.020 22.860 -37.680 44.084 -.041
2.220 22.740 -37.920 44.271 -.049
2.220 22.740 -37.920 44.271 -.049
3.840 21.600 -38.160 44.017 -.660
3.840 21.600 -38.160 44.017 -.660
4.740 19.440 -37.980 42.929 -.165
4.740 19.440 -37.980 42.929 -.240
5.280 18.240 -37.020 41.606 -.240
5.280 18.240 -37.020 41.606 -.091
5.940 16.440 -36.480 40.452 -.091
5.940 16.440 -36.480 40.452 -.292
6.480 15.180 -35.880 39.494 -.292
6.480 15.180 -35.880 39.494 -.310
7.260 14.460 -34.860 38.432 -.601
7.260 14.460 -34.860 38.432 -.601
8.100 13.020 -34.020 37.316 -.567
8.100 13.020 -34.020 37.316 -.567
8.040 12.300 -33.000 36.124 -.548
8.040 12.300 -33.000 36.124 -.548
7.680 11.400 -31.620 34.478 -.771
7.680 11.400 -31.620 34.478 -.771
7.860 10.920 -29.760 32.660 -.640
7.860 10.920 -29.760 32.660 -.525
7.500 11.100 -27.720 30.787 -.525
7.500 11.100 -27.720 30.787 -.504
7.140 11.100 -25.680 28.873 -.504
7.140 11.100 -25.680 28.873 -.858
6.660 11.880 -23.100 26.816 -.858
6.660 11.880 -23.100 26.816 -.537
5.340 13.560 -21.060 25.611 -.392
5.340 13.560 -21.060 25.611 -.392
4.620 15.720 -18.540 24.743 -.305
4.620 15.720 -18.540 24.743 -.305
3.480 18.900 -16.080 25.058 -.172
3.480 18.900 -16.080 25.058 -.172
2.700 21.960 -14.760 26.597 -.118
2.700 21.960 -14.760 26.597 -.118
2.280 25.200 -14.280 29.054 -.149
2.280 25.200 -14.280 29.054 -.098
.840 28.440 -14.700 32.025 -.098
.840 28.440 -14.700 32.025 -.061
.060 30.780 -16.920 35.124 -.061
.060 30.780 -16.920 35.124 -.040
-1.320 32.700 -19.860 38.281 -.040
-1.320 32.700 -19.860 38.281 .058
-3.000 33.300 -23.340 40.776 .058
-3.000 33.300 -23.340 40.776 .123
-4.260 32.820 -27.120 42.788 .120
-4.260 32.820 -27.120 42.788 .120
-5.580 31.920 -30.600 44.569 .151
-5.580 31.920 -30.600 44.569 .151
-7.200 30.300 -33.660 45.858 .154
-7.200 30.300 -33.660 45.858 .154
-8.760 29.280 -35.340 46.722 .245
-8.760 29.280 -35.340 46.722 .245
-10.440 27.960 -37.440 47.880 .435
-10.440 27.960 -37.440 47.880 .321
-12.000 26.040 -38.460 47.971 .321
-12.000 26.040 -38.460 47.971 .403
-12.900 24.960 -38.340 47.533 .403
-12.900 24.960 -38.340 47.533 .561
-13.320 23.040 -37.680 46.131 .561
-13.320 23.040 -37.680 46.131 .524
-13.620 21.600 -36.600 44.628 .402
-13.620 21.600 -36.600 44.628 .402
-13.200 21.240 -34.500 42.610 .656
-13.200 21.240 -34.500 42.610 .656
-12.420 21.300 -33.120 41.290 .613
-12.420 21.300 -33.120 41.290 .613
-11.760 21.720 -32.280 40.645 .476
-11.760 21.720 -32.280 40.645 .476
-10.200 22.440 -31.980 40.377 .290
-10.200 22.440 -31.980 40.377 .420
-8.700 22.680 -33.240 41.170 .420
-8.700 22.680 -33.240 41.170 .226
-7.560 22.680 -34.740 42.171 .226
-7.560 22.680 -34.740 42.171 .290
-6.120 22.860 -36.540 43.534 .290
-6.120 22.860 -36.540 43.534 .266
-4.800 22.680 -38.340 44.804 .266
-3.540 22.680 -39.780 45.928 .154
-3.540 22.680 -39.780 45.928 .155
-3.540 22.680 -39.780 45.928 .047
-2.100 22.500 -41.700 47.429 .047
-2.100 22.500 -41.700 47.429 .030
-.720 22.140 -43.020 48.388 .030
-.720 22.140 -43.020 48.388 .049
.000 22.380 -43.800 49.186 .049
.000 22.380 -43.800 49.186 -.024
.960 22.680 -44.580 50.027 -.024
.960 22.680 -44.580 50.027 .382
1.260 22.560 -44.160 49.605 -.043
1.980 23.220 -43.800 49.614 -.043
1.980 23.220 -43.800 49.614 -.040
2.580 23.700 -42.420 48.660 -.040
2.580 23.700 -42.420 48.660 -.341
2.160 24.240 -40.200 46.992 -.341
2.160 24.240 -40.200 46.992 -.058
1.680 25.200 -38.580 46.112 -.095
1.680 25.200 -38.580 46.112 -.095
.360 25.620 -37.140 45.121 .047
.360 25.620 -37.140 45.121 .047
-1.080 26.040 -37.320 45.520 -.040
-1.080 26.040 -37.320 45.520 -.040
-1.800 26.280 -37.980 46.221 .089
-1.800 26.280 -37.980 46.221 .089
-2.580 26.520 -39.120 47.332 .048
-2.580 26.520 -39.120 47.332 .027
-2.820 26.220 -41.400 49.086 .027
-2.820 26.220 -41.400 49.086 .024
-2.700 26.220 -42.600 50.095 .024
-2.700 26.220 -42.600 50.095 .116
-2.760 25.440 -44.880 51.663 .116
-2.760 25.440 -44.880 51.663 .105
-2.340 24.480 -47.340 53.346 .105
-2.340 24.480 -47.340 53.346 .088
-2.580 23.820 -48.420 54.024 .111
-2.580 23.820 -48.420 54.024 .111
-2.700 23.040 -50.040 55.156 -.264
-2.700 23.040 -50.040 55.156 -.264
-3.480 22.800 -51.060 56.027 .042
-3.480 22.800 -51.060 56.027 .042
-4.860 23.100 -51.060 56.253 .091
-4.860 23.100 -51.060 56.253 .445
-6.480 23.220 -51.900 57.226 .445
-6.480 23.220 -51.900 57.226 .142
-8.460 22.920 -52.080 57.526 .142
-8.460 22.920 -52.080 57.526 .296
-10.020 22.920 -52.380 58.046 .296
-10.020 22.920 -52.380 58.046 .324
-11.520 22.320 -52.740 58.416 .324
-11.520 22.320 -52.740 58.416 .424
-13.320 21.480 -52.140 57.943 .395
-13.320 21.480 -52.140 57.943 .395
-15.000 20.760 -52.020 57.983 .598
-15.000 20.760 -52.020 57.983 .598
-17.220 20.160 -51.120 57.587 .565
-17.220 20.160 -51.120 57.587 .565
-18.960 19.500 -49.740 56.690 .637
-18.960 19.500 -49.740 56.690 .637
-20.700 18.960 -47.940 55.554 .677
-20.700 18.960 -47.940 55.554 .767
-22.260 19.080 -45.300 53.960 .767
-22.260 19.080 -45.300 53.960 .696
-23.880 18.780 -42.660 52.372 .696
-23.880 18.780 -42.660 52.372 .798
-25.560 19.500 -39.720 51.100 .798
-25.560 19.500 -39.720 51.100 .950
-27.000 21.240 -36.780 50.328 .950
-27.000 21.240 -36.780 50.328 .759
-28.800 22.680 -33.840 49.890 .776
-28.800 22.680 -33.840 49.890 .776
-30.000 25.140 -30.660 49.720 .667
-30.000 25.140 -30.660 49.720 .667
-31.380 26.820 -28.140 49.959 .798
-31.380 26.820 -28.140 49.959 .798
-32.340 27.600 -25.860 49.763 .822
-32.340 27.600 -25.860 49.763 .822
-33.300 27.420 -23.580 49.161 .958
-33.300 27.420 -23.580 49.161 .827
-33.960 26.700 -21.120 48.086 .827
-33.960 26.700 -21.120 48.086 .864
-34.320 25.980 -18.360 46.796 .864
-34.320 25.980 -18.360 46.796 .963
-34.200 25.380 -15.540 45.335 .963
-34.200 25.380 -15.540 45.335 .914
-33.120 25.380 -12.540 43.570 .889
-33.120 25.380 -12.540 43.570 .889
-32.220 25.680 -9.960 42.389 .920
-32.220 25.680 -9.960 42.389 .920
-30.180 26.940 -7.260 41.101 .910
-30.180 26.940 -7.260 41.101 .910
-27.600 28.380 -5.100 39.915 .838
-27.600 28.380 -5.100 39.915 .838
-24.780 30.900 -3.480 39.761 .755
-24.780 30.900 -3.480 39.761 .678
-21.360 33.000 -2.820 39.411 .678
-21.360 33.000 -2.820 39.411 .569
-18.240 34.500 -3.600 39.191 .569
-18.240 34.500 -3.600 39.191 .481
-15.360 35.700 -4.980 39.182 .481
-15.360 35.700 -4.980 39.182 .411
-12.480 35.340 -8.520 38.435 .411
-12.480 35.340 -8.520 38.435 .322
-9.060 34.680 -12.360 37.915 .257
-9.060 34.680 -12.360 37.915 .257
-6.420 33.240 -16.740 37.767 .064
-6.420 33.240 -16.740 37.767 .064
-4.020 30.600 -22.680 38.300 .169
-4.020 30.600 -22.680 38.300 .169
-2.760 28.080 -27.600 39.470 .128
-2.760 28.080 -27.600 39.470 .197
-2.520 25.140 -32.820 41.419 .197
-2.520 25.140 -32.820 41.419 .095
-1.740 22.380 -37.620 43.808 .095
-1.740 22.380 -37.620 43.808 .089
-1.500 21.000 -40.560 45.699 .089
-1.500 21.000 -40.560 45.699 .116
-.660 19.080 -43.320 47.340 .116
-.660 19.080 -43.320 47.340 .130
-.240 17.700 -45.000 48.356 .028
-.240 17.700 -45.000 48.356 .028
-.840 16.860 -45.660 48.681 .251
-.840 16.860 -45.660 48.681 .251
-.480 15.960 -46.440 49.108 -.076
-.480 15.960 -46.440 49.108 -.076
-1.080 15.780 -46.680 49.287 .045
-1.080 15.780 -46.680 49.287 .045
-1.200 16.680 -46.860 49.755 .156
-1.200 16.680 -46.860 49.755 -.531
-1.260 16.920 -46.980 49.950 -.531
