X Y Z F A
-10.020 -39.960 -10.680 42.559 .000
-10.200 -40.260 -10.140 42.752 2.915
-10.200 -40.260 -10.140 42.752 2.915
-10.140 -40.740 -9.480 43.040 2.888
-10.140 -40.740 -9.480 43.040 2.891
-10.200 -41.040 -9.300 43.299 2.891
-10.200 -41.040 -9.300 43.299 2.894
-9.960 -41.400 -9.240 43.572 2.894
-9.960 -41.400 -9.240 43.572 2.897
-8.940 -41.340 -9.780 43.412 2.897
-8.940 -41.340 -9.780 43.412 2.912
-8.580 -41.220 -10.980 43.512 2.912
-8.580 -41.220 -10.980 43.512 2.925
-7.860 -41.160 -11.700 43.506 2.901
-7.860 -41.160 -11.700 43.506 2.901
-6.840 -41.640 -13.140 44.197 2.905
-6.840 -41.640 -13.140 44.197 2.905
-6.480 -42.360 -14.460 45.227 2.961
-6.480 -42.360 -14.460 45.227 2.961
-5.280 -43.260 -15.960 46.412 3.005
-5.280 -43.260 -15.960 46.412 3.005
-4.080 -44.160 -18.000 47.862 3.009
-4.080 -44.160 -18.000 47.862 3.036
-3.060 -44.760 -19.860 49.064 3.036
-3.060 -44.760 -19.860 49.064 3.037
-1.920 -45.240 -21.660 50.195 3.037
-1.920 -45.240 -21.660 50.195 3.005
-.540 -45.360 -23.700 51.181 3.005
-.540 -45.360 -23.700 51.181 3.064
.240 -45.720 -26.100 52.646 3.079
.240 -45.720 -26.100 52.646 3.079
.060 -45.300 -28.560 53.552 -3.100
.060 -45.300 -28.560 53.552 -3.100
-.780 -44.160 -31.800 54.424 -3.119
-.780 -44.160 -31.800 54.424 -3.119
-1.680 -41.760 -34.800 54.385 3.115
-1.680 -41.760 -34.800 54.385 3.115
-1.620 -39.060 -37.020 53.840 2.987
-1.620 -39.060 -37.020 53.840 2.939
-1.800 -36.660 -38.880 53.468 2.939
-1.800 -36.660 -38.880 53.468 2.985
-1.920 -33.660 -39.960 52.283 2.985
-1.920 -33.660 -39.960 52.283 2.978
-3.000 -32.640 -39.960 51.683 2.978
-3.000 -32.640 -39.960 51.683 3.056
-5.580 -32.280 -39.480 51.301 2.962
-5.580 -32.280 -39.480 51.301 2.962
-7.260 -32.220 -38.220 50.513 2.779
-7.260 -32.220 -38.220 50.513 2.779
-8.700 -34.080 -36.660 50.804 2.703
-8.700 -34.080 -36.660 50.804 2.703
-9.960 -36.300 -35.280 51.590 2.779
-9.960 -36.300 -35.280 51.590 2.779
-10.980 -38.580 -33.660 52.364 2.774
-10.980 -38.580 -33.660 52.364 2.800
-13.080 -40.860 -32.940 54.089 2.800
-13.080 -40.860 -32.940 54.089 2.879
-15.720 -42.180 -32.100 55.287 2.879
-15.720 -42.180 -32.100 55.287 2.760
-17.940 -42.900 -30.840 55.797 2.760
-17.940 -42.900 -30.840 55.797 2.676
-19.320 -43.440 -29.820 56.121 2.676
-19.320 -43.440 -29.820 56.121 2.669
-19.920 -44.100 -28.080 55.947 2.626
-19.920 -44.100 -28.080 55.947 2.626
-20.460 -44.460 -25.380 55.131 2.605
-20.460 -44.460 -25.380 55.131 2.605
-21.540 -45.180 -22.680 54.951 2.644
-21.540 -45.180 -22.680 54.951 2.644
-23.400 -45.420 -20.400 55.015 2.717
-23.400 -45.420 -20.400 55.015 2.717
-24.720 -46.200 -18.720 55.641 2.636
-24.720 -46.200 -18.720 55.641 2.614
-24.600 -47.940 -18.480 56.964 2.614
-24.600 -47.940 -18.480 56.964 2.604
-24.180 -49.200 -19.920 58.328 2.604
-24.180 -49.200 -19.920 58.328 2.643
-22.620 -50.700 -21.420 59.506 2.643
-22.620 -50.700 -21.420 59.506 2.667
-21.900 -51.180 -22.860 60.180 2.667
-21.900 -51.180 -22.860 60.180 2.691
-21.540 -51.060 -24.660 60.656 2.775
-21.540 -51.060 -24.660 60.656 2.775
-20.820 -50.340 -26.040 60.379 2.708
-20.820 -50.340 -26.040 60.379 2.708
-19.680 -49.500 -27.360 59.884 2.736
-19.680 -49.500 -27.360 59.884 2.736
-17.040 -48.780 -27.960 58.750 2.706
-17.040 -48.780 -27.960 58.750 2.746
-14.400 -47.760 -28.380 57.392 2.746
-14.400 -47.760 -28.380 57.392 2.793
-12.060 -46.620 -28.380 55.895 2.793
-12.060 -46.620 -28.380 55.895 2.868
-10.500 -45.240 -28.020 54.240 2.868
-10.500 -45.240 -28.020 54.240 2.953
-9.180 -43.620 -29.040 53.201 2.953
-9.180 -43.620 -29.040 53.201 2.898
-7.860 -42.720 -29.700 52.620 2.877
-7.860 -42.720 -29.700 52.620 2.877
-6.360 -41.580 -30.060 51.701 2.947
-6.360 -41.580 -30.060 51.701 2.947
-4.800 -40.320 -31.200 51.207 2.942
-4.800 -40.320 -31.200 51.207 2.942
-3.780 -39.540 -31.620 50.769 2.972
-3.780 -39.540 -31.620 50.769 2.972
-3.360 -38.280 -31.980 49.994 3.113
-3.360 -38.280 -31.980 49.994 3.086
-3.180 -37.260 -32.220 49.361 3.086
-3.180 -37.260 -32.220 49.361 3.027
-2.160 -36.180 -31.740 48.178 3.027
-2.160 -36.180 -31.740 48.178 3.016
-.780 -35.340 -31.200 47.148 3.016
-.780 -35.340 -31.200 47.148 2.995
1.080 -34.500 -30.900 46.327 2.995
1.080 -34.500 -30.900 46.327 -3.113
3.180 -34.320 -31.380 46.612 3.136
3.180 -34.320 -31.380 46.612 3.136
4.740 -34.440 -32.220 47.399 -2.935
4.740 -34.440 -32.220 47.399 -2.935
6.840 -34.440 -34.260 49.058 -3.027
6.840 -34.440 -34.260 49.058 -3.027
9.120 -34.740 -35.820 50.726 -2.844
9.120 -34.740 -35.820 50.726 -2.844
12.420 -34.440 -37.800 52.623 -2.980
12.420 -34.440 -37.800 52.623 -2.980
15.120 -34.920 -40.680 55.704 -2.735
15.120 -34.920 -40.680 55.704 -2.672
17.520 -35.940 -42.720 58.512 -2.672
17.520 -35.940 -42.720 58.512 -2.618
19.560 -36.540 -46.320 62.156 -2.618
19.560 -36.540 -46.320 62.156 -2.541
21.240 -38.520 -49.680 66.355 -2.404
21.240 -38.520 -49.680 66.355 -2.404
23.280 -39.480 -52.140 69.421 -2.541
23.280 -39.480 -52.140 69.421 -2.541
25.680 -40.380 -55.320 73.146 -2.638
25.680 -40.380 -55.320 73.146 -2.638
27.600 -43.320 -57.000 76.729 -2.379
27.600 -43.320 -57.000 76.729 -2.379
28.020 -46.920 -58.080 79.749 -2.491
28.020 -46.920 -58.080 79.749 -2.606
27.780 -51.180 -58.860 82.799 -2.606
27.780 -51.180 -58.860 82.799 -2.521
26.640 -54.720 -58.080 84.126 -2.521
26.640 -54.720 -58.080 84.126 -2.541
26.040 -57.060 -56.940 84.712 -2.541
26.040 -57.060 -56.940 84.712 -2.737
25.800 -58.560 -55.680 84.824 -2.737
25.800 -58.560 -55.680 84.824 -2.831
25.380 -60.120 -53.400 84.322 -2.831
25.380 -60.120 -53.400 84.322 -2.733
23.520 -62.280 -50.640 83.644 -2.758
23.520 -62.280 -50.640 83.644 -2.758
20.460 -64.260 -48.120 82.846 -2.811
20.460 -64.260 -48.120 82.846 -2.811
17.460 -65.160 -45.300 81.257 -2.868
15.000 -65.280 -43.200 79.704 -2.818
15.000 -65.280 -43.200 79.704 -2.818
14.100 -64.380 -41.460 77.862 -2.989
14.100 -64.380 -41.460 77.862 -2.989
14.100 -64.380 -41.460 77.862 -2.925
13.560 -62.880 -40.560 76.045 -2.925
13.560 -62.880 -40.560 76.045 -3.005
12.360 -61.500 -39.420 74.087 -3.005
12.360 -61.500 -39.420 74.087 -2.985
10.620 -60.240 -38.340 72.191 -2.985
10.620 -60.240 -38.340 72.191 -2.932
9.240 -58.560 -37.680 70.246 -2.964
9.240 -58.560 -37.680 70.246 -2.964
8.640 -56.760 -36.720 68.152 -3.016
8.640 -56.760 -36.720 68.152 -3.016
8.940 -54.840 -36.300 66.370 -3.015
8.940 -54.840 -36.300 66.370 -3.015
9.720 -52.620 -36.060 64.526 -3.002
9.600 -50.580 -35.100 62.310 -2.977
9.600 -50.580 -35.100 62.310 -2.977
9.000 -49.200 -33.900 60.422 -2.916
9.000 -49.200 -33.900 60.422 -2.916
8.460 -48.240 -32.460 58.756 -2.925
8.460 -48.240 -32.460 58.756 -2.925
7.980 -46.860 -31.020 56.761 -2.984
7.980 -46.860 -31.020 56.761 -2.984
8.460 -45.780 -30.060 55.416 -3.016
8.460 -45.780 -30.060 55.416 -2.989
8.880 -45.240 -28.080 53.981 -2.989
8.880 -45.240 -28.080 53.981 -2.998
8.700 -44.220 -26.280 52.170 -2.998
8.700 -44.220 -26.280 52.170 -2.966
8.340 -44.040 -23.880 50.787 -2.966
8.340 -44.040 -23.880 50.787 -2.888
7.680 -44.340 -21.420 49.838 -2.888
7.680 -44.340 -21.420 49.838 -2.954
7.620 -43.560 -19.800 48.452 -2.947
7.620 -43.560 -19.800 48.452 -2.947
8.340 -42.960 -17.940 47.297 -3.027
8.340 -42.960 -17.940 47.297 -3.027
8.880 -42.840 -16.380 46.716 -2.972
8.880 -42.840 -16.380 46.716 -2.972
8.580 -42.060 -15.060 45.491 -2.945
8.580 -42.060 -15.060 45.491 -2.945
8.340 -41.700 -13.740 44.690 -2.934
8.340 -41.700 -13.740 44.690 -2.934
8.340 -41.700 -13.740 44.690 -2.918
7.920 -41.880 -12.000 44.279 -2.927
7.920 -41.880 -12.000 44.279 -2.927
7.320 -41.040 -11.280 43.187 -2.984
7.320 -41.040 -11.280 43.187 -2.984
7.860 -40.920 -11.520 43.231 -2.972
8.460 -41.160 -11.880 43.668 -2.972
8.460 -41.160 -11.880 43.668 -2.919
8.460 -41.160 -11.880 43.668 -2.919
8.940 -40.920 -13.320 43.952 -2.949
8.940 -40.920 -13.320 43.952 -2.912
9.540 -41.760 -14.640 45.269 -2.912
9.540 -42.060 -15.300 45.762 -2.885
9.540 -42.060 -15.300 45.762 -2.885
9.600 -42.540 -16.500 46.627 -2.894
9.600 -42.540 -16.500 46.627 -2.954
10.140 -43.020 -17.640 47.589 -2.954
10.140 -43.020 -17.640 47.589 -2.929
10.980 -43.320 -18.180 48.246 -2.929
10.980 -43.320 -18.180 48.246 -2.886
11.160 -44.820 -18.900 49.906 -2.886
11.160 -44.820 -18.900 49.906 -2.922
11.220 -45.840 -19.560 51.086 -2.922
11.220 -45.840 -19.560 51.086 -2.826
11.160 -47.220 -19.860 52.428 -2.900
11.160 -47.220 -19.860 52.428 -2.900
11.220 -48.660 -20.520 53.988 -2.849
11.220 -48.660 -20.520 53.988 -2.849
12.240 -49.440 -21.000 55.092 -2.934
12.240 -49.440 -21.000 55.092 -2.934
13.020 -50.580 -21.300 56.405 -2.917
13.020 -50.580 -21.300 56.405 -2.917
13.380 -51.300 -22.080 57.430 -2.888
13.380 -51.300 -22.080 57.430 -2.922
13.500 -51.960 -22.500 58.209 -2.922
13.500 -51.960 -22.500 58.209 -2.831
13.560 -52.620 -23.520 59.211 -2.831
13.560 -52.620 -23.520 59.211 -2.839
13.860 -52.800 -24.120 59.680 -2.839
13.860 -52.800 -24.120 59.680 -2.864
14.460 -53.220 -24.480 60.338 -2.864
14.460 -53.220 -24.480 60.338 -2.928
15.180 -53.580 -24.780 60.953 -2.903
15.180 -53.580 -24.780 60.953 -2.903
14.580 -53.820 -24.540 60.921 -2.835
14.580 -53.820 -24.540 60.921 -2.856
13.500 -54.240 -23.940 60.806 -2.856
13.500 -54.240 -23.940 60.806 -2.865
11.640 -54.780 -23.100 60.580 -2.865
11.640 -54.780 -23.100 60.580 -2.879
9.960 -54.360 -22.440 59.647 -2.879
9.960 -54.360 -22.440 59.647 -2.922
9.180 -54.660 -21.300 59.377 -2.954
9.180 -54.660 -21.300 59.377 -2.954
8.880 -54.420 -20.640 58.876 -2.993
8.880 -54.420 -20.640 58.876 -2.993
8.400 -54.900 -19.080 58.725 -2.997
8.400 -54.900 -19.080 58.725 -2.997
7.380 -55.980 -17.640 59.156 -2.983
7.380 -55.980 -17.640 59.156 -2.983
6.420 -56.160 -16.740 58.952 -2.992
6.420 -56.160 -16.740 58.952 -2.992
5.400 -56.400 -15.840 58.830 -3.039
5.400 -56.400 -15.840 58.830 -3.074
4.620 -55.560 -15.240 57.797 -3.074
4.620 -55.560 -15.240 57.797 -3.081
4.260 -53.460 -13.980 55.422 -3.081
4.260 -53.460 -13.980 55.422 -3.072
3.120 -51.120 -13.500 52.965 -3.072
3.120 -51.120 -13.500 52.965 -3.106
1.980 -48.960 -12.060 50.462 -3.106
1.980 -48.960 -12.060 50.462 -3.096
.900 -45.600 -11.040 46.926 -3.107
.900 -45.600 -11.040 46.926 -3.107
.240 -42.720 -10.920 44.094 -3.102
.240 -42.720 -10.920 44.094 -3.102
1.020 -40.500 -10.020 41.734 3.133
1.020 -40.500 -10.020 41.734 3.133
1.620 -38.280 -9.720 39.528 3.136
1.620 -38.280 -9.720 39.528 3.136
2.040 -36.780 -9.900 38.144 -3.114
2.040 -36.780 -9.900 38.144 -3.106
2.220 -36.120 -9.480 37.409 -3.106
2.220 -36.120 -9.480 37.409 -3.070
1.440 -35.580 -9.180 36.773 -3.070
1.440 -35.580 -9.180 36.773 -3.096
1.140 -35.700 -8.520 36.720 -3.096
1.140 -35.700 -8.520 36.720 -3.096
1.680 -36.780 -7.920 37.661 -3.096
1.680 -36.780 -7.920 37.661 -3.129
2.220 -38.280 -7.020 38.982 -3.111
2.220 -38.280 -7.020 38.982 -3.111
2.700 -40.080 -6.480 40.690 -3.075
2.700 -40.080 -6.480 40.690 -3.075
2.580 -42.120 -6.720 42.731 -3.093
2.580 -42.120 -6.720 42.731 -3.093
2.460 -44.580 -6.780 45.160 -3.063
2.460 -44.580 -6.780 45.160 -3.087
1.800 -47.100 -6.480 47.578 -3.087
1.800 -47.100 -6.480 47.578 -3.094
1.860 -49.620 -6.660 50.099 -3.094
1.860 -49.620 -6.660 50.099 -3.122
2.220 -51.540 -6.480 51.993 -3.122
2.220 -51.540 -6.480 51.993 -3.112
2.400 -53.520 -6.240 53.936 -3.112
2.400 -53.520 -6.240 53.936 -3.099
2.580 -54.660 -6.840 55.147 -3.099
2.580 -54.660 -6.840 55.147 -3.097
3.060 -55.980 -7.080 56.509 -3.088
3.060 -55.980 -7.080 56.509 -3.088
3.900 -56.940 -8.460 57.697 -3.076
3.900 -56.940 -8.460 57.697 -3.076
5.940 -56.940 -10.200 58.151 -3.063
5.940 -56.940 -10.200 58.151 -3.063
8.880 -56.760 -12.120 58.715 -3.058
8.880 -56.760 -12.120 58.715 -3.058
12.000 -55.920 -13.260 58.710 -2.984
12.000 -55.920 -13.260 58.710 -2.934
14.340 -54.960 -13.860 58.467 -2.934
14.340 -54.960 -13.860 58.467 -2.893
16.020 -53.340 -14.460 57.540 -2.893
16.020 -53.340 -14.460 57.540 -2.843
17.700 -52.320 -14.700 57.156 -2.843
17.700 -52.320 -14.700 57.156 -2.793
18.720 -50.520 -15.420 56.040 -2.793
18.720 -50.520 -15.420 56.040 -2.791
20.820 -49.140 -15.000 55.437 -2.789
20.820 -49.140 -15.000 55.437 -2.789
22.680 -47.820 -13.800 54.695 -2.719
22.680 -47.820 -13.800 54.695 -2.719
24.720 -46.140 -12.480 53.812 -2.688
24.720 -46.140 -12.480 53.812 -2.688
26.460 -45.300 -11.280 53.661 -2.658
26.460 -45.300 -11.280 53.661 -2.605
28.020 -43.620 -10.200 52.838 -2.605
28.020 -43.620 -10.200 52.838 -2.550
29.580 -42.180 -9.240 52.340 -2.550
29.580 -42.180 -9.240 52.340 -2.558
30.660 -40.680 -9.240 51.771 -2.558
30.660 -40.680 -9.240 51.771 -2.516
32.220 -38.880 -8.460 51.199 -2.516
32.220 -38.880 -8.460 51.199 -2.451
32.460 -38.640 -8.460 51.169 -2.439
32.460 -38.640 -8.460 51.169 -2.439
32.460 -39.120 -9.240 51.666 -2.482
32.460 -39.120 -9.240 51.666 -2.482
31.680 -39.240 -9.840 51.383 -2.457
31.680 -39.240 -9.840 51.383 -2.457
30.720 -39.420 -11.400 51.260 -2.425
30.720 -39.420 -11.400 51.260 -2.425
29.640 -39.720 -12.780 51.181 -2.476
29.640 -39.720 -12.780 51.181 -2.496
28.800 -39.540 -13.560 50.761 -2.496
28.800 -39.540 -13.560 50.761 -2.513
27.840 -40.320 -15.000 51.242 -2.513
27.840 -40.320 -15.000 51.242 -2.520
26.460 -41.340 -15.720 51.539 -2.520
26.460 -41.340 -15.720 51.539 -2.572
25.500 -42.000 -16.260 51.756 -2.568
25.500 -42.000 -16.260 51.756 -2.568
24.120 -42.000 -17.460 51.484 -2.550
24.120 -42.000 -17.460 51.484 -2.550
23.280 -41.700 -17.820 50.975 -2.677
23.280 -41.700 -17.820 50.975 -2.677
22.680 -41.580 -18.780 50.951 -2.660
22.680 -41.580 -18.780 50.951 -2.660
22.140 -41.280 -19.200 50.625 -2.614
22.140 -41.280 -19.200 50.625 -2.614
20.820 -41.580 -19.680 50.494 -2.667
20.820 -41.580 -19.680 50.494 -2.625
19.800 -42.000 -20.640 50.814 -2.625
19.800 -42.000 -20.640 50.814 -2.667
18.960 -42.720 -21.180 51.313 -2.667
18.960 -42.720 -21.180 51.313 -2.729
18.660 -43.140 -22.860 52.267 -2.729
18.660 -43.140 -22.860 52.267 -2.741
18.600 -43.680 -24.480 53.415 -2.772
18.600 -43.680 -24.480 53.415 -2.715
17.700 -44.520 -25.560 54.301 -2.829
17.700 -44.520 -25.560 54.301 -2.829
16.200 -45.000 -27.300 55.070 -2.735
16.200 -45.000 -27.300 55.070 -2.735
14.160 -45.600 -28.440 55.576 -2.828
14.160 -45.600 -28.440 55.576 -2.735
12.540 -45.720 -29.400 55.785 -2.735
12.540 -45.720 -29.400 55.785 -2.926
11.340 -45.660 -30.540 56.090 -2.926
11.340 -45.660 -30.540 56.090 -2.981
10.920 -45.780 -31.200 56.467 -2.981
10.920 -45.780 -31.200 56.467 -2.904
9.600 -45.240 -31.740 56.091 -2.904
9.600 -45.240 -31.740 56.091 -2.925
8.220 -44.940 -32.100 55.835 -2.925
8.220 -44.940 -32.100 55.835 -2.922
6.480 -43.920 -32.280 54.890 -3.019
6.480 -43.920 -32.280 54.890 -3.019
4.980 -42.480 -31.740 53.261 -2.991
4.980 -42.480 -31.740 53.261 -2.991
4.920 -41.220 -31.260 51.966 -3.103
4.920 -41.220 -31.260 51.966 -3.103
4.800 -40.680 -30.480 51.058 -3.042
4.800 -40.680 -30.480 51.058 -3.021
4.320 -40.260 -29.280 49.968 -3.021
4.320 -40.260 -29.280 49.968 -3.031
2.880 -40.260 -28.980 49.689 -3.031
2.880 -40.260 -28.980 49.689 -3.029
1.200 -41.340 -29.220 50.638 -3.029
1.200 -41.340 -29.220 50.638 -3.102
.120 -41.760 -29.340 51.037 -3.102
.120 -41.760 -29.340 51.037 3.117
.180 -42.900 -29.520 52.076 3.094
.180 -42.900 -29.520 52.076 3.080
.120 -43.860 -29.700 52.970 3.103
.120 -43.860 -29.700 52.970 3.103
.180 -44.160 -29.160 52.919 3.053
.180 -44.160 -29.160 52.919 3.053
.120 -44.640 -28.560 52.995 -3.136
.120 -44.640 -28.560 52.995 -3.136
-.360 -45.420 -28.140 53.432 3.133
-.360 -45.420 -28.140 53.432 3.076
.360 -45.300 -26.940 52.707 3.076
1.380 -45.360 -25.740 52.173 3.098
1.380 -45.360 -25.740 52.173 3.098
2.760 -44.520 -24.180 50.738 3.115
2.760 -44.520 -24.180 50.738 3.115
2.760 -44.520 -24.180 50.738 -3.103
3.180 -43.440 -21.900 48.752 -3.112
4.020 -43.140 -19.860 47.662 -3.112
4.020 -43.140 -19.860 47.662 -2.999
4.800 -43.140 -16.440 46.415 -2.999
4.800 -43.140 -16.440 46.415 -3.016
4.800 -43.140 -16.440 46.415 -3.016
5.160 -43.860 -13.200 46.093 -2.998
5.160 -43.860 -13.200 46.093 -2.998
7.260 -44.460 -10.380 46.229 -3.016
8.520 -45.840 -6.660 47.098 -3.002
8.520 -45.840 -6.660 47.098 -3.002
9.720 -47.760 -3.360 48.855 -2.971
9.720 -47.760 -3.360 48.855 -2.971
9.720 -47.760 -3.360 48.855 -2.939
11.100 -50.400 -.900 51.616 -2.939
11.100 -50.400 -.900 51.616 -2.921
12.180 -54.000 .660 55.361 -2.921
12.180 -54.000 .660 55.361 -2.914
13.620 -57.120 1.020 58.730 -2.914
15.120 -60.060 -.480 61.936 -2.906
15.120 -60.060 -.480 61.936 -2.896
16.860 -61.920 -2.700 64.231 -2.896
16.860 -61.920 -2.700 64.231 -2.865
18.240 -62.640 -4.800 65.418 -2.865
18.240 -62.640 -4.800 65.418 -2.851
19.020 -63.480 -7.380 66.678 -2.851
19.020 -63.480 -7.380 66.678 -2.856
19.440 -63.720 -9.780 67.333 -2.848
19.440 -63.720 -9.780 67.333 -2.848
19.440 -64.440 -12.240 68.412 -2.828
19.440 -64.440 -12.240 68.412 -2.828
19.620 -64.380 -14.700 68.890 -2.846
19.620 -64.380 -14.700 68.890 -2.846
19.980 -64.020 -17.100 69.211 -2.867
19.980 -64.020 -17.100 69.211 -2.867
19.260 -63.720 -19.560 69.381 -2.838
19.260 -63.720 -19.560 69.381 -2.835
18.420 -62.880 -21.540 68.972 -2.835
18.420 -62.880 -21.540 68.972 -2.866
17.340 -61.740 -23.280 68.224 -2.866
17.340 -61.740 -23.280 68.224 -2.854
16.620 -59.940 -25.200 67.112 -2.854
16.620 -59.940 -25.200 67.112 -2.828
16.860 -57.180 -26.760 65.345 -2.840
16.860 -57.180 -26.760 65.345 -2.840
17.640 -54.480 -27.600 63.569 -2.891
17.640 -54.480 -27.600 63.569 -2.891
17.700 -52.380 -28.380 62.148 -2.777
17.700 -52.380 -28.380 62.148 -2.777
16.740 -50.940 -28.440 60.696 -2.800
16.740 -50.940 -28.440 60.696 -2.800
15.480 -50.100 -28.140 59.511 -2.776
15.480 -50.100 -28.140 59.511 -2.776
13.500 -49.680 -27.840 58.527 -2.793
13.500 -49.680 -27.840 58.527 -2.873
12.720 -50.160 -27.480 58.592 -2.873
12.720 -50.160 -27.480 58.592 -2.863
12.900 -50.280 -27.540 58.762 -2.863
12.900 -50.280 -27.540 58.762 -2.906
13.620 -51.660 -26.640 59.699 -2.906
13.620 -51.660 -26.640 59.699 -2.876
14.760 -53.700 -26.280 61.581 -2.835
14.760 -53.700 -26.280 61.581 -2.835
15.900 -55.200 -26.100 63.096 -2.799
15.900 -55.200 -26.100 63.096 -2.799
19.200 -56.160 -25.320 64.527 -2.880
19.200 -56.160 -25.320 64.527 -2.880
24.720 -51.660 -26.460 63.087 -2.834
24.720 -51.660 -26.460 63.087 -2.688
30.840 -41.700 -27.780 58.836 -2.688
30.840 -41.700 -27.780 58.836 -2.455
36.720 -29.040 -29.220 55.186 -2.455
36.720 -29.040 -29.220 55.186 -2.312
39.780 -16.320 -30.180 52.532 -2.312
39.780 -16.320 -30.180 52.532 -2.164
40.740 -9.480 -30.960 52.040 -2.164
40.740 -9.480 -30.960 52.040 -1.939
41.160 -11.880 -31.080 52.927 -1.939
41.160 -11.880 -31.080 52.927 -1.808
40.320 -21.540 -31.260 55.379 -2.031
40.320 -21.540 -31.260 55.379 -2.031
38.340 -33.780 -32.160 60.376 -2.195
38.340 -33.780 -32.160 60.376 -2.195
37.140 -44.580 -32.640 66.574 -2.200
37.140 -44.580 -32.640 66.574 -2.200
37.620 -48.600 -33.600 70.044 -2.396
37.620 -48.600 -33.600 70.044 -2.396
40.320 -45.480 -34.140 69.711 -2.469
40.320 -45.480 -34.140 69.711 -2.451
45.780 -38.460 -33.480 68.527 -2.451
45.780 -38.460 -33.480 68.527 -2.220
50.160 -29.160 -32.100 66.308 -2.220
50.160 -29.160 -32.100 66.308 -1.977
51.720 -19.680 -31.380 63.616 -1.977
51.720 -19.680 -31.380 63.616 -1.944
51.780 -10.740 -29.280 60.447 -1.944
51.780 -10.740 -29.280 60.447 -1.692
49.680 -2.340 -27.780 56.968 -1.487
49.680 -2.340 -27.780 56.968 -1.487
46.800 4.740 -25.920 53.708 -1.413
46.800 4.740 -25.920 53.708 -1.413
43.860 9.060 -22.200 49.986 -1.454
43.860 9.060 -22.200 49.986 -1.454
40.740 11.520 -20.040 46.841 -1.273
40.740 11.520 -20.040 46.841 -1.273
38.340 11.580 -17.400 43.667 -1.229
38.340 11.580 -17.400 43.667 -1.279
36.600 9.960 -15.060 40.811 -1.279
36.600 9.960 -15.060 40.811 -1.290
35.700 8.640 -12.720 38.871 -1.290
35.700 8.640 -12.720 38.871 -1.259
35.160 6.780 -10.200 37.232 -1.259
35.160 6.780 -10.200 37.232 -1.356
34.200 4.680 -8.880 35.643 -1.356
34.200 4.680 -8.880 35.643 -1.419
33.780 1.920 -8.100 34.791 -1.462
33.780 1.920 -8.100 34.791 -1.462
33.900 -2.040 -8.460 34.999 -1.622
33.900 -2.040 -8.460 34.999 -1.622
33.780 -5.880 -9.960 35.705 -1.639
33.780 -5.880 -9.960 35.705 -1.639
33.720 -9.060 -11.820 36.862 -1.701
33.720 -9.060 -11.820 36.862 -1.759
33.960 -10.560 -14.460 38.391 -1.759
33.960 -10.560 -14.460 38.391 -1.945
33.420 -9.840 -16.800 38.678 -1.945
33.420 -9.840 -16.800 38.678 -1.830
33.540 -9.180 -18.720 39.492 -1.830
33.540 -9.180 -18.720 39.492 -1.792
34.020 -8.040 -20.220 40.384 -1.824
34.020 -8.040 -20.220 40.384 -1.824
33.420 -6.900 -21.360 40.259 -1.734
33.420 -6.900 -21.360 40.259 -1.734
33.180 -5.940 -22.020 40.263 -1.633
33.180 -5.940 -22.020 40.263 -1.633
32.880 -4.260 -22.440 40.035 -1.601
32.880 -4.260 -22.440 40.035 -1.601
31.800 -2.640 -22.920 39.288 -1.684
31.800 -2.640 -22.920 39.288 -1.684
31.140 -1.500 -22.140 38.238 -1.611
31.140 -1.500 -22.140 38.238 -1.456
31.140 -.900 -21.240 37.705 -1.456
31.140 -.900 -21.240 37.705 -1.561
30.540 -1.620 -19.920 36.498 -1.561
30.540 -1.620 -19.920 36.498 -1.586
30.720 -2.400 -18.120 35.747 -1.586
30.720 -2.400 -18.120 35.747 -1.479
30.600 -3.360 -16.620 34.984 -1.683
30.600 -3.360 -16.620 34.984 -1.683
29.820 -4.260 -15.720 33.978 -1.698
29.820 -4.260 -15.720 33.978 -1.698
29.580 -5.100 -14.100 33.163 -1.626
29.580 -5.100 -14.100 33.163 -1.626
28.980 -6.600 -12.780 32.353 -1.668
28.980 -6.600 -12.780 32.353 -1.668
28.860 -8.460 -11.700 32.270 -1.754
28.860 -8.460 -11.700 32.270 -1.794
28.740 -10.800 -10.620 32.487 -1.794
28.740 -10.800 -10.620 32.487 -1.841
28.440 -12.540 -10.680 32.866 -1.841
28.440 -12.540 -10.680 32.866 -1.902
28.380 -13.080 -10.140 32.853 -1.902
28.380 -13.080 -10.140 32.853 -1.989
28.620 -13.680 -10.080 33.284 -2.001
28.620 -13.680 -10.080 33.284 -2.001
28.260 -15.060 -9.360 33.362 -2.008
28.260 -15.060 -9.360 33.362 -2.008
28.380 -16.800 -8.520 34.063 -2.093
28.380 -16.800 -8.520 34.063 -2.093
28.260 -18.780 -9.000 35.104 -2.136
28.260 -18.780 -9.000 35.104 -2.136
28.440 -19.800 -9.300 35.880 -2.093
28.440 -19.800 -9.300 35.880 -2.093
28.680 -19.920 -10.440 36.446 -2.154
28.680 -19.920 -10.440 36.446 -2.171
28.800 -18.480 -11.700 36.164 -2.171
28.800 -18.480 -11.700 36.164 -2.137
28.800 -18.300 -12.000 36.171 -2.137
28.800 -18.300 -12.000 36.171 -2.120
28.200 -18.240 -12.180 35.725 -2.120
28.200 -18.240 -12.180 35.725 -2.160
27.780 -17.460 -12.720 35.191 -2.113
27.780 -17.460 -12.720 35.191 -2.113
27.900 -17.160 -12.960 35.226 -2.067
27.900 -17.160 -12.960 35.226 -2.067
28.080 -14.940 -13.500 34.553 -1.987
28.080 -14.940 -13.500 34.553 -1.987
27.840 -11.700 -13.560 33.103 -2.006
27.840 -11.700 -13.560 33.103 -2.006
28.320 -8.580 -12.840 32.257 -1.875
28.320 -8.580 -12.840 32.257 -1.728
28.500 -6.120 -11.880 31.478 -1.728
28.500 -6.120 -11.880 31.478 -1.782
28.500 -4.260 -10.620 30.711 -1.782
28.500 -4.260 -10.620 30.711 -1.710
29.280 -3.000 -9.540 30.941 -1.710
29.580 -1.560 -8.400 30.789 -1.635
29.580 -1.560 -8.400 30.789 -1.635
29.580 -1.560 -8.400 30.789 -1.567
29.820 -.720 -7.080 30.657 -1.569
29.820 -.720 -7.080 30.657 -1.569
29.760 -.960 -5.280 30.240 -1.572
29.760 -.960 -5.280 30.240 -1.572
29.460 -2.640 -3.360 29.768 -1.654
29.460 -2.640 -3.360 29.768 -1.654
29.520 -6.000 -2.040 30.193 -1.776
29.520 -6.000 -2.040 30.193 -1.776
29.220 -9.180 -1.560 30.668 -1.876
29.220 -9.180 -1.560 30.668 -1.865
29.400 -11.940 -1.620 31.773 -1.865
29.400 -11.940 -1.620 31.773 -1.943
29.340 -13.920 -3.120 32.624 -1.943
29.340 -13.920 -3.120 32.624 -2.018
28.920 -15.360 -4.560 33.062 -2.018
28.920 -15.360 -4.560 33.062 -2.038
28.380 -17.280 -6.240 33.808 -2.038
28.380 -17.280 -6.240 33.808 -2.089
27.960 -18.780 -8.340 34.699 -2.116
27.960 -18.780 -8.340 34.699 -2.116
27.960 -20.340 -10.260 36.066 -2.179
27.960 -20.340 -10.260 36.066 -2.179
27.540 -21.420 -13.020 37.240 -2.159
27.600 -21.840 -15.660 38.522 -2.159
27.600 -21.840 -15.660 38.522 -2.169
27.600 -22.020 -18.300 39.768 -2.230
27.600 -22.020 -18.300 39.768 -2.230
26.940 -23.160 -20.520 41.027 -2.289
26.940 -23.160 -20.520 41.027 -2.289
26.940 -23.160 -20.520 41.027 -2.199
26.220 -24.540 -22.560 42.411 -2.199
24.540 -26.100 -24.480 43.390 -2.271
24.540 -26.100 -24.480 43.390 -2.271
22.800 -26.940 -25.980 43.824 -2.321
22.800 -26.940 -25.980 43.824 -2.358
21.960 -25.740 -27.900 43.854 -2.358
21.960 -25.740 -27.900 43.854 -2.301
21.600 -23.220 -29.220 43.122 -2.301
21.600 -23.220 -29.220 43.122 -2.419
21.480 -19.620 -30.300 42.005 -2.419
21.480 -19.620 -30.300 42.005 -2.228
21.540 -16.080 -31.440 41.364 -2.228
21.540 -16.080 -31.440 41.364 -2.091
20.820 -12.240 -31.560 39.741 -1.907
20.820 -12.240 -31.560 39.741 -1.907
19.560 -7.860 -31.200 37.654 -2.132
19.560 -7.860 -31.200 37.654 -2.132
17.040 -3.420 -30.480 35.087 -1.950
17.040 -3.420 -30.480 35.087 -1.950
13.860 .420 -29.220 32.343 -1.495
13.860 .420 -29.220 32.343 -1.495
10.740 3.420 -28.140 30.313 -1.238
10.740 3.420 -28.140 30.313 -.907
7.740 4.920 -26.460 28.004 -.907
7.740 4.920 -26.460 28.004 -.535
6.180 5.280 -24.960 26.250 -.535
6.180 5.280 -24.960 26.250 -.230
4.860 5.820 -23.400 24.598 -.230
4.860 5.820 -23.400 24.598 -.300
3.960 5.640 -22.380 23.417 -.559
3.960 5.640 -22.380 23.417 -.559
3.000 6.060 -21.780 22.806 -.220
3.000 6.060 -21.780 22.806 -.220
2.040 6.660 -21.540 22.638 -.332
2.040 6.660 -21.540 22.638 -.332
1.740 7.200 -22.020 23.232 -.048
1.740 7.200 -22.020 23.232 -.048
1.140 6.780 -22.140 23.183 .079
1.140 6.780 -22.140 23.183 .079
1.440 5.700 -22.800 23.546 .040
1.440 5.700 -22.800 23.546 .115
2.100 4.200 -23.100 23.572 .115
2.100 4.200 -23.100 23.572 -.330
2.760 2.220 -23.040 23.311 -.330
2.760 2.220 -23.040 23.311 -.238
3.120 1.140 -23.040 23.278 -.238
3.120 1.140 -23.040 23.278 -.438
3.000 .600 -23.280 23.480 -.438
3.000 .600 -23.280 23.480 -.459
2.460 .600 -24.000 24.133 -.151
2.460 .600 -24.000 24.133 -.151
1.440 1.440 -25.260 25.342 -.273
1.440 1.440 -25.260 25.342 -.273
.960 3.060 -25.920 26.118 -.121
.960 3.060 -25.920 26.118 -.121
.240 4.500 -27.240 27.610 -.697
.240 4.500 -27.240 27.610 .027
-1.020 6.420 -27.540 28.297 .027
-1.020 6.420 -27.540 28.297 -.073
-2.100 8.220 -27.660 28.932 -.073
-2.100 8.220 -27.660 28.932 .668
-3.600 9.300 -28.200 29.911 .668
-3.600 9.300 -28.200 29.911 .431
-4.380 10.500 -28.560 30.743 .431
-4.380 10.500 -28.560 30.743 .352
-4.140 10.980 -29.880 32.102 .506
-4.140 10.980 -29.880 32.102 .506
-4.380 10.620 -31.680 33.699 .035
-4.380 10.620 -31.680 33.699 .035
-4.440 10.680 -33.780 35.705 .159
-4.440 10.680 -33.780 35.705 .159
-5.280 10.080 -35.940 37.698 .460
-5.280 10.080 -35.940 37.698 .646
-5.940 9.660 -38.940 40.558 .646
-5.940 9.660 -38.940 40.558 .958
-5.400 9.120 -42.120 43.433 .958
-5.400 9.120 -42.120 43.433 .674
-5.220 9.360 -45.960 47.193 .674
-5.220 9.360 -45.960 47.193 .327
-5.400 10.860 -49.380 50.848 .327
-5.400 10.860 -49.380 50.848 .331
-5.940 12.600 -51.840 53.679 .213
-5.940 12.600 -51.840 53.679 .213
-6.540 15.660 -53.220 55.860 .570
-6.540 15.660 -53.220 55.860 .570
-6.180 17.700 -52.920 56.143 .493
-6.180 17.700 -52.920 56.143 .493
-4.440 19.800 -51.480 55.335 .438
-4.440 19.800 -51.480 55.335 .438
-2.280 21.300 -48.720 53.221 .188
-2.280 21.300 -48.720 53.221 -.030
-1.140 21.780 -44.760 49.791 -.030
-1.140 21.780 -44.760 49.791 .084
.060 22.140 -40.980 46.578 .084
.060 22.140 -40.980 46.578 .078
1.080 21.000 -37.320 42.836 .078
1.080 21.000 -37.320 42.836 .122
2.640 19.380 -34.140 39.346 .122
2.640 19.380 -34.140 39.346 -.053
4.920 17.280 -31.320 36.107 -.190
4.920 17.280 -31.320 36.107 -.190
7.080 15.000 -28.800 33.235 -.458
7.080 15.000 -28.800 33.235 -.458
9.660 12.960 -26.520 31.058 -.511
9.660 12.960 -26.520 31.058 -.511
12.000 12.480 -23.820 29.447 -.533
12.000 12.480 -23.820 29.447 -.533
13.860 12.000 -21.660 28.377 -.631
13.860 12.000 -21.660 28.377 -.753
15.840 11.940 -19.320 27.690 -.753
15.840 11.940 -19.320 27.690 -.804
17.340 12.060 -17.160 27.214 -.804
17.340 12.060 -17.160 27.214 -.894
18.120 10.980 -15.900 26.490 -.894
18.120 10.980 -15.900 26.490 -1.107
19.200 11.160 -14.220 26.370 -1.107
19.200 11.160 -14.220 26.370 -.966
19.380 11.160 -12.600 25.669 -1.009
19.380 11.160 -12.600 25.669 -1.009
19.200 11.520 -11.580 25.208 -.941
19.200 11.520 -11.580 25.208 -.941
19.500 11.760 -10.920 25.255 -.992
19.500 11.760 -10.920 25.255 -.992
19.320 11.280 -11.100 24.974 -.972
19.320 11.280 -11.100 24.974 -1.022
19.500 10.980 -11.460 25.142 -1.022
19.500 10.980 -11.460 25.142 -1.062
18.480 11.040 -11.460 24.387 -1.062
18.480 11.040 -11.460 24.387 -.965
16.620 12.420 -10.800 23.391 -.965
16.620 12.420 -10.800 23.391 -.880
14.760 13.920 -9.840 22.549 -.880
14.760 13.920 -9.840 22.549 -.772
12.660 15.420 -8.880 21.838 -.614
12.660 15.420 -8.880 21.838 -.614
10.860 17.340 -8.160 22.027 -.547
10.860 17.340 -8.160 22.027 -.547
9.180 17.880 -7.260 21.370 -.469
9.180 17.880 -7.260 21.370 -.469
7.260 19.200 -6.180 21.437 -.350
7.260 19.200 -6.180 21.437 -.350
5.220 20.160 -5.400 21.514 -.340
5.220 20.160 -5.400 21.514 -.226
3.660 19.920 -4.620 20.774 -.226
3.660 19.920 -4.620 20.774 -.155
2.280 19.200 -3.900 19.724 -.155
2.280 19.200 -3.900 19.724 -.092
1.380 17.520 -4.320 18.097 -.092
1.380 17.520 -4.320 18.097 -.056
.780 15.720 -5.040 16.527 -.050
.780 15.720 -5.040 16.527 -.050
.420 13.800 -6.240 15.151 -.014
.420 13.800 -6.240 15.151 -.014
-.600 12.480 -8.220 14.956 .061
-.600 12.480 -8.220 14.956 .061
-2.220 11.280 -10.020 15.250 .244
-2.220 11.280 -10.020 15.250 .244
-3.720 9.660 -11.160 15.222 .238
-3.720 9.660 -11.160 15.222 .238
-5.460 8.400 -12.180 15.771 .406
-5.460 8.400 -12.180 15.771 .621
-6.300 7.740 -12.900 16.310 .621
-6.300 7.740 -12.900 16.310 .515
-7.740 7.140 -12.540 16.375 .515
-7.740 7.140 -12.540 16.375 .690
-8.880 7.380 -12.840 17.268 .690
-8.880 7.380 -12.840 17.268 .733
-10.260 7.800 -12.240 17.774 .733
-10.260 7.800 -12.240 17.774 .989
-11.520 7.860 -11.460 18.051 .993
-11.520 7.860 -11.460 18.051 .993
-11.580 8.820 -10.860 18.161 .858
-11.580 8.820 -10.860 18.161 .858
-11.160 10.560 -9.600 18.117 .804
-11.160 10.560 -9.600 18.117 .804
-11.220 12.540 -8.700 18.943 .660
-11.220 12.540 -8.700 18.943 .660
-11.700 14.760 -7.560 20.295 .662
-11.700 14.760 -7.560 20.295 .663
-12.540 16.920 -6.840 22.143 .663
-12.540 16.920 -6.840 22.143 .661
-14.880 18.660 -5.940 24.595 .661
-14.880 18.660 -5.940 24.595 .670
-15.240 20.040 -5.580 25.788 .670
-15.240 20.040 -5.580 25.788 .643
-15.540 21.180 -5.580 26.856 .617
-15.540 21.180 -5.580 26.856 .617
-16.020 22.200 -6.000 28.026 .582
-16.020 22.200 -6.000 28.026 .582
-16.260 22.680 -6.780 28.718 .601
-16.260 22.680 -6.780 28.718 .601
-17.460 22.920 -7.320 29.728 .636
-18.780 22.980 -9.060 31.030 .663
-18.780 22.980 -9.060 31.030 .663
-18.780 22.980 -9.060 31.030 .678
-19.320 21.540 -10.560 30.802 .678
-19.320 21.540 -10.560 30.802 .717
-18.960 19.800 -12.600 30.171 .717
-18.960 19.800 -12.600 30.171 .668
-18.600 17.640 -15.060 29.731 .668
-18.600 17.640 -15.060 29.731 .748
-17.640 15.840 -17.460 29.444 .748
-17.640 15.840 -17.460 29.444 .710
-16.920 14.100 -20.880 30.349 .930
-16.920 14.100 -20.880 30.349 .930
-15.720 12.840 -24.840 32.078 .856
-15.720 12.840 -24.840 32.078 .856
-13.980 11.520 -29.460 34.584 .701
-11.940 11.160 -34.680 38.338 .701
-11.940 11.160 -34.680 38.338 .776
-10.500 12.360 -39.660 42.848 .262
-10.500 12.360 -39.660 42.848 .262
-10.500 12.360 -39.660 42.848 .451
-9.360 15.120 -43.800 47.272 .451
-8.700 19.020 -47.520 51.919 .565
-8.700 19.020 -47.520 51.919 .565
-7.560 23.100 -48.060 53.857 .578
-7.560 23.100 -48.060 53.857 .578
-7.560 23.100 -48.060 53.857 .414
-5.100 27.840 -47.580 55.362 .414
-3.300 30.540 -46.260 55.530 .216
-3.300 30.540 -46.260 55.530 .155
-1.680 32.640 -42.720 53.788 .155
-1.680 32.640 -42.720 53.788 .030
-1.680 32.640 -42.720 53.788 .030
-1.440 33.780 -40.320 52.620 .039
-3.240 33.240 -37.380 50.126 .039
-3.240 33.240 -37.380 50.126 .161
-5.280 32.040 -34.740 47.553 .355
-5.280 32.040 -34.740 47.553 .355
-7.560 30.240 -33.780 45.964 .154
-7.560 30.240 -33.780 45.964 .154
-9.660 28.140 -31.860 43.592 .337
-9.660 28.140 -31.860 43.592 .337
-11.100 25.080 -30.480 41.003 .178
-11.100 25.080 -30.480 41.003 .178
-12.120 22.920 -29.280 39.109 .403
-12.120 22.920 -29.280 39.109 .538
-12.300 20.880 -27.720 36.819 .538
-12.300 20.880 -27.720 36.819 .671
-13.020 18.900 -26.700 35.208 .671
-13.020 18.900 -26.700 35.208 .547
-12.540 17.520 -26.040 33.798 .547
-12.540 17.520 -26.040 33.798 .687
-12.000 16.020 -24.660 31.761 .626
-12.000 16.020 -24.660 31.761 .626
-11.580 15.300 -22.740 29.754 .647
-11.580 15.300 -22.740 29.754 .647
-10.920 14.820 -20.640 27.657 .667
-10.920 14.820 -20.640 27.657 .667
-10.740 14.880 -17.880 25.621 .667
-10.740 14.880 -17.880 25.621 .667
-10.620 14.820 -16.020 24.271 .647
-10.620 14.820 -16.020 24.271 .654
-10.800 14.340 -14.520 23.089 .654
-10.800 14.340 -14.520 23.089 .659
-11.040 14.280 -13.560 22.576 .659
-11.040 14.280 -13.560 22.576 .585
-11.460 13.560 -13.260 22.159 .585
-11.460 13.560 -13.260 22.159 .653
-12.360 13.680 -13.020 22.571 .653
-12.360 13.680 -13.020 22.571 .719
-13.500 13.320 -13.200 23.107 .719
-13.500 13.320 -13.200 23.107 .823
-14.520 13.140 -13.980 24.061 .823
-14.520 13.140 -13.980 24.061 .807
-15.600 13.680 -14.160 25.120 .807
-15.600 13.680 -14.160 25.120 .841
-16.740 13.740 -14.160 25.875 .841
-16.740 13.740 -14.160 25.875 .807
-18.300 14.220 -14.160 27.159 .892
-18.300 14.220 -14.160 27.159 .892
-19.800 13.980 -14.100 28.041 .959
-19.800 13.980 -14.100 28.041 .959
-21.420 12.900 -15.120 29.221 .935
-21.420 12.900 -15.120 29.221 .935
-22.500 11.940 -16.320 30.252 1.078
-22.500 11.940 -16.320 30.252 1.078
-22.080 11.040 -16.500 29.693 1.036
-22.080 11.040 -16.500 29.693 1.129
-21.720 10.920 -15.840 29.016 1.129
-21.720 10.920 -15.840 29.016 .979
-21.420 11.040 -14.220 27.980 .979
-21.420 11.040 -14.220 27.980 .998
-21.420 11.040 -11.820 26.840 .998
-21.420 11.040 -11.820 26.840 1.092
-21.720 11.040 -10.080 26.368 1.092
-21.720 11.040 -10.080 26.368 1.097
-22.020 10.740 -8.760 26.019 1.081
-22.020 10.740 -8.760 26.019 1.081
-21.660 10.800 -6.900 25.168 1.114
-21.660 10.800 -6.900 25.168 1.114
-21.300 11.400 -6.240 24.952 1.132
-21.300 11.400 -6.240 24.952 1.132
-21.180 12.300 -6.000 25.217 1.064
-21.180 12.300 -6.000 25.217 1.064
-21.420 13.080 -6.240 25.862 1.018
-21.420 13.080 -6.240 25.862 1.013
-21.780 12.900 -7.800 26.488 1.013
-21.780 12.900 -7.800 26.488 1.040
-21.120 12.960 -9.240 26.446 1.040
-21.120 12.960 -9.240 26.446 1.004
-20.400 13.320 -10.680 26.602 1.004
-20.400 13.320 -10.680 26.602 .979
-18.840 12.600 -12.180 25.730 .975
-18.840 12.600 -12.180 25.730 .975
-17.640 12.840 -13.260 25.532 .926
-17.640 12.840 -13.260 25.532 .926
-17.520 12.780 -13.320 25.450 .900
-17.520 12.780 -13.320 25.450 .900
-16.860 12.360 -13.380 24.820 .920
-16.860 12.360 -13.380 24.820 .920
-16.260 12.780 -13.560 24.730 .915
-16.260 12.780 -13.560 24.730 .870
-15.000 12.960 -12.900 23.651 .870
-15.000 12.960 -12.900 23.651 .895
-13.320 13.380 -13.020 22.934 .895
-13.320 13.380 -13.020 22.934 .703
-12.300 13.980 -12.600 22.483 .703
-12.300 13.980 -12.600 22.483 .595
-11.100 15.420 -11.640 22.282 .595
-11.100 15.420 -11.640 22.282 .631
-9.960 16.800 -11.220 22.524 .593
-9.960 16.800 -11.220 22.524 .593
-8.700 18.300 -11.040 23.075 .427
-8.700 18.300 -11.040 23.075 .427
-6.420 19.920 -11.100 23.690 .351
-6.420 19.920 -11.100 23.690 .351
-5.160 20.940 -11.880 24.622 .284
-5.160 20.940 -11.880 24.622 .221
-4.740 22.020 -13.800 26.416 .221
-4.740 22.020 -13.800 26.416 .150
-4.680 22.740 -15.840 28.105 .150
-4.680 22.740 -15.840 28.105 .196
-5.760 22.560 -18.840 29.951 .196
-5.760 22.560 -18.840 29.951 .345
-6.360 21.540 -21.240 30.912 .239
-6.360 21.540 -21.240 30.912 .214
-6.180 20.580 -23.040 31.505 .308
-6.180 20.580 -23.040 31.505 .308
-6.540 19.380 -24.840 32.177 .277
-6.540 19.380 -24.840 32.177 .277
-7.080 17.220 -26.520 32.403 .321
-7.080 17.220 -26.520 32.403 .321
-7.620 15.900 -27.840 32.954 .391
-7.620 15.900 -27.840 32.954 .391
-8.160 14.160 -29.460 33.690 .590
-8.160 14.160 -29.460 33.690 .591
-8.280 12.480 -30.240 33.746 .591
-8.280 12.480 -30.240 33.746 .632
-7.920 12.420 -30.060 33.475 .632
-7.920 12.420 -30.060 33.475 .506
-7.500 12.000 -30.420 33.550 .506
-7.500 12.000 -30.420 33.550 .550
-7.260 12.180 -31.020 34.107 .404
-7.260 12.180 -31.020 34.107 .404
-7.140 12.120 -31.680 34.663 .613
-7.140 12.120 -31.680 34.663 .613
-6.780 11.820 -33.000 35.703 .603
-6.780 11.820 -33.000 35.703 .603
-6.000 10.740 -34.500 36.628 .490
-6.000 10.740 -34.500 36.628 .490
-5.520 9.300 -35.760 37.360 .512
-5.520 9.300 -35.760 37.360 .238
-5.280 7.020 -38.040 39.041 .238
-5.280 7.020 -38.040 39.041 .273
-5.280 3.960 -39.600 40.146 .273
-5.280 3.960 -39.600 40.146 .577
-6.000 2.400 -40.380 40.894 .577
-6.000 2.400 -40.380 40.894 1.231
-6.480 .360 -40.920 41.431 1.231
-6.480 .360 -40.920 41.431 .839
-6.120 -.480 -39.900 40.369 1.076
-6.120 -.480 -39.900 40.369 1.076
-6.000 -.840 -38.460 38.934 1.471
-6.000 -.840 -38.460 38.934 1.471
-5.460 -.720 -36.840 37.249 1.068
-5.460 -.720 -36.840 37.249 1.068
-5.580 1.080 -34.680 35.143 1.055
-5.580 1.080 -34.680 35.143 1.055
-5.460 3.120 -32.580 33.181 1.643
-5.460 3.120 -32.580 33.181 1.643
-4.620 6.240 -30.840 31.802 .847
-4.620 6.240 -30.840 31.802 .607
-3.540 9.540 -30.060 31.736 .607
-3.540 9.540 -30.060 31.736 .532
-1.620 11.640 -29.220 31.495 .532
-1.620 11.640 -29.220 31.495 .061
-.840 13.980 -30.000 33.108 .061
-.840 13.980 -30.000 33.108 -.012
-.240 15.780 -31.020 34.804 .114
-.240 15.780 -31.020 34.804 .114
-.240 16.260 -32.160 36.038 .261
-.240 16.260 -32.160 36.038 .261
-.300 16.920 -34.140 38.104 .222
.720 16.380 -35.220 38.849 .222
.720 16.380 -35.220 38.849 -.042
1.260 15.600 -36.600 39.806 -.111
1.260 15.600 -36.600 39.806 -.111
1.320 14.700 -37.200 40.021 -.117
1.320 14.700 -37.200 40.021 -.117
.900 13.740 -37.200 39.667 -.094
.900 13.740 -37.200 39.667 -.094
-.900 12.600 -37.440 39.514 .201
-.900 12.600 -37.440 39.514 .201
-2.160 11.160 -37.260 38.955 .182
-2.160 11.160 -37.260 38.955 .312
-2.160 11.160 -37.260 38.955 .312
-3.240 10.320 -36.060 37.647 .533
-4.680 9.420 -34.320 35.896 .533
-4.680 9.420 -34.320 35.896 .103
-4.680 9.420 -34.320 35.896 .103
-5.580 9.120 -32.100 33.834 .342
-5.580 9.120 -32.100 33.834 .342
-6.960 10.080 -29.400 31.850 .554
-6.960 10.080 -29.400 31.850 .554
-8.040 10.920 -27.360 30.536 .788
-9.180 12.240 -25.920 30.099 .698
-9.180 12.240 -25.920 30.099 .698
-9.180 12.240 -25.920 30.099 .644
-10.500 13.980 -24.480 30.083 .644
-12.060 15.360 -23.820 30.802 .628
-12.060 15.360 -23.820 30.802 .628
-13.800 16.920 -23.820 32.313 .655
-13.800 16.920 -23.820 32.313 .655
-15.240 18.300 -23.400 33.387 .622
-15.240 18.300 -23.400 33.387 .770
-16.260 19.320 -23.040 34.183 .770
-16.260 19.320 -23.040 34.183 .768
-16.500 20.160 -22.260 34.266 .768
-16.500 20.160 -22.260 34.266 .662
-16.260 20.940 -20.100 33.270 .658
-16.260 20.940 -20.100 33.270 .658
-15.300 21.780 -18.240 32.267 .586
-15.300 21.780 -18.240 32.267 .586
-14.400 22.560 -15.240 30.799 .548
-14.400 22.560 -15.240 30.799 .548
-13.680 23.580 -12.540 30.007 .573
-13.680 23.580 -12.540 30.007 .573
-12.240 24.000 -10.920 29.070 .582
-12.240 24.000 -10.920 29.070 .582
-10.380 24.660 -8.940 28.210 .493
-10.380 24.660 -8.940 28.210 .393
-7.320 25.680 -7.920 27.853 .393
-7.320 25.680 -7.920 27.853 .274
-4.620 25.740 -7.380 27.173 .274
-4.620 25.740 -7.380 27.173 .185
-2.580 25.980 -7.020 27.035 .185
-2.580 25.980 -7.020 27.035 .096
-1.260 26.100 -8.100 27.357 .096
-1.260 26.100 -8.100 27.357 .074
-.540 25.680 -10.380 27.704 .044
-.540 25.680 -10.380 27.704 .044
1.500 25.260 -13.920 28.881 .015
1.500 25.260 -13.920 28.881 .015
3.720 25.080 -18.540 31.410 -.014
3.720 25.080 -18.540 31.410 -.014
6.180 23.820 -23.400 33.958 -.175
6.180 23.820 -23.400 33.958 -.187
8.100 22.020 -28.140 36.638 -.187
8.100 22.020 -28.140 36.638 -.240
9.000 20.100 -31.860 38.731 -.240
9.000 20.100 -31.860 38.731 -.272
10.560 17.040 -34.680 40.057 -.272
10.560 17.040 -34.680 40.057 -.373
11.760 14.400 -36.600 41.051 -.373
11.760 14.400 -36.600 41.051 -.565
12.960 11.940 -38.220 42.087 -.879
12.960 11.940 -38.220 42.087 -.879
13.980 10.200 -39.300 42.941 -.726
13.980 10.200 -39.300 42.941 -.726
14.160 9.600 -39.960 43.468 -.741
14.160 9.600 -39.960 43.468 -.741
14.880 9.600 -40.800 44.477 -.574
14.880 9.600 -40.800 44.477 -.574
14.820 9.900 -42.060 45.680 -.876
14.820 9.900 -42.060 45.680 -.588
15.240 11.460 -43.080 47.111 -.588
15.240 11.460 -43.080 47.111 -.794
15.780 12.780 -43.500 48.006 -.794
15.780 12.780 -43.500 48.006 -.844
15.000 14.520 -43.320 48.088 -.844
15.000 14.520 -43.320 48.088 -.591
14.820 17.040 -41.880 47.581 -.560
14.820 17.040 -41.880 47.581 -.560
13.920 17.580 -40.740 46.503 -.347
13.920 17.580 -40.740 46.503 -.347
13.020 17.700 -39.600 45.288 -.481
13.020 17.700 -39.600 45.288 -.481
13.200 17.700 -38.160 44.088 -.471
13.200 17.700 -38.160 44.088 -.471
13.380 17.040 -36.120 42.119 -.712
13.380 17.040 -36.120 42.119 -.712
12.780 17.940 -33.600 40.176 -.549
12.780 17.940 -33.600 40.176 -.565
11.940 20.160 -30.540 38.493 -.565
11.940 20.160 -30.540 38.493 -.465
10.980 21.780 -28.140 37.240 -.465
10.980 21.780 -28.140 37.240 -.395
10.140 24.060 -25.800 36.706 -.395
10.140 24.060 -25.800 36.706 -.271
10.380 26.220 -24.060 37.069 -.374
10.380 26.220 -24.060 37.069 -.374
10.440 28.200 -23.280 38.029 -.341
10.440 28.200 -23.280 38.029 -.341
9.240 30.120 -23.040 39.031 -.363
9.240 30.120 -23.040 39.031 -.363
7.500 31.200 -24.480 40.360 -.246
7.500 31.200 -24.480 40.360 -.039
5.280 31.140 -27.120 41.630 -.039
5.280 31.140 -27.120 41.630 -.166
3.240 30.240 -30.120 42.804 -.166
3.240 30.240 -30.120 42.804 .133
2.160 28.740 -33.240 43.995 .133
2.160 28.740 -33.240 43.995 -.190
1.440 25.920 -36.180 44.530 -.190
1.440 25.920 -36.180 44.530 -.001
.840 23.220 -37.200 43.860 -.023
.840 23.220 -37.200 43.860 -.023
-.060 19.500 -38.100 42.800 .260
-.060 19.500 -38.100 42.800 .260
-.600 15.780 -37.620 40.800 .158
-.600 15.780 -37.620 40.800 .158
-.840 12.840 -36.600 38.796 .199
-.840 12.840 -36.600 38.796 .199
-1.380 9.660 -35.340 36.662 .001
-1.380 9.660 -35.340 36.662 .252
-2.460 7.740 -33.420 34.393 .252
-2.460 7.740 -33.420 34.393 .196
-3.120 6.780 -31.380 32.255 .196
-3.120 6.780 -31.380 32.255 .590
-3.360 6.180 -29.580 30.405 .590
-3.360 6.180 -29.580 30.405 .686
-3.480 6.420 -28.380 29.304 .686
-3.480 6.420 -28.380 29.304 .489
-1.920 6.720 -27.720 28.587 .537
-1.920 6.720 -27.720 28.587 .537
-1.440 7.080 -28.260 29.169 -.036
-1.440 7.080 -28.260 29.169 -.036
-1.320 8.400 -28.440 29.684 .117
-1.320 8.400 -28.440 29.684 .117
-1.020 9.660 -28.740 30.337 .430
-1.020 9.660 -28.740 30.337 .430
-1.200 10.920 -29.640 31.610 .543
-1.200 10.920 -29.640 31.610 .322
-.600 10.920 -30.060 31.988 .322
-.600 10.920 -30.060 31.988 .198
.720 10.140 -30.540 32.187 .198
.720 10.140 -30.540 32.187 .189
2.460 8.580 -30.480 31.760 .189
2.460 8.580 -30.480 31.760 -.316
3.900 7.260 -29.460 30.591 -.384
3.900 7.260 -29.460 30.591 -.384
4.980 6.540 -28.320 29.489 -.810
4.980 6.540 -28.320 29.489 -.810
5.820 5.520 -27.720 28.857 -.473
5.820 5.520 -27.720 28.857 -.473
6.600 4.920 -27.060 28.284 -.386
6.600 4.920 -27.060 28.284 -.386
7.440 3.420 -27.000 28.214 -1.056
7.440 3.420 -27.000 28.214 -1.056
7.920 1.500 -26.760 27.948 -1.137
7.920 1.500 -26.760 27.948 -1.165
7.920 .660 -25.800 26.996 -1.165
7.920 .660 -25.800 26.996 -1.188
7.620 -.480 -24.660 25.815 -1.188
7.620 -.480 -24.660 25.815 -1.089
7.380 -.780 -23.280 24.434 -1.089
7.380 -.780 -23.280 24.434 -1.246
6.960 -.480 -21.720 22.813 -1.246
6.960 -.480 -21.720 22.813 -1.297
6.180 .120 -20.160 21.086 -1.447
6.180 .120 -20.160 21.086 -1.447
4.740 1.920 -19.140 19.811 -.816
4.740 1.920 -19.140 19.811 -.816
2.940 3.780 -17.520 18.163 -.512
2.940 3.780 -17.520 18.163 -.512
1.560 6.300 -15.960 17.229 -.149
1.560 6.300 -15.960 17.229 -.149
.780 8.940 -14.580 17.120 .039
.780 8.940 -14.580 17.120 -.050
.540 11.700 -13.740 18.055 -.050
.540 11.700 -13.740 18.055 -.085
-.120 14.580 -13.620 19.952 -.085
-.120 14.580 -13.620 19.952 -.069
-1.200 17.160 -14.160 22.280 -.069
-1.200 17.160 -14.160 22.280 .015
-2.700 19.140 -15.540 24.802 .015
-2.700 19.140 -15.540 24.802 .110
-4.740 20.160 -17.520 27.126 .255
-4.740 20.160 -17.520 27.126 .255
-5.640 20.700 -19.860 29.236 .338
-5.640 20.700 -19.860 29.236 .338
-6.720 19.800 -22.440 30.672 .289
-8.100 18.600 -25.380 32.492 .313
-8.100 18.600 -25.380 32.492 .313
-8.100 18.600 -25.380 32.492 .327
-9.540 16.980 -27.780 33.927 .327
-9.540 16.980 -27.780 33.927 .452
-11.640 15.960 -29.820 35.769 .452
-12.960 15.120 -31.500 37.267 .607
-12.960 15.120 -31.500 37.267 .607
-12.960 15.120 -31.500 37.267 .737
-13.980 13.440 -32.040 37.452 .737
-14.220 12.060 -31.260 36.398 .737
-14.220 12.060 -31.260 36.398 .802
-14.220 10.320 -30.360 35.078 .802
-14.220 10.320 -30.360 35.078 .728
-14.460 9.600 -28.680 33.523 .728
-14.460 9.600 -28.680 33.523 .839
-14.100 9.720 -26.520 31.569 .839
-14.100 9.720 -26.520 31.569 .874
-14.100 9.720 -26.520 31.569 .874
-13.380 9.480 -25.320 30.166 .996
-13.380 9.480 -25.320 30.166 .752
-12.720 9.480 -24.540 29.221 .752
-12.720 9.480 -24.540 29.221 .760
-11.280 9.240 -24.660 28.648 .760
-10.680 8.520 -25.560 28.982 .776
-10.680 8.520 -25.560 28.982 .776
-10.680 8.520 -25.560 28.982 .740
-10.620 8.520 -27.060 30.292 .704
-10.020 8.100 -28.380 31.168 .704
-10.020 8.100 -28.380 31.168 .860
-9.480 6.960 -30.420 32.614 .860
-9.480 6.960 -30.420 32.614 .805
-9.480 6.960 -30.420 32.614 .805
-7.980 6.480 -33.120 34.679 .839
-6.480 6.180 -35.340 36.457 .839
-6.480 6.180 -35.340 36.457 .596
-5.100 5.640 -37.740 38.498 -.045
-5.100 5.640 -37.740 38.498 -.045
-4.320 6.480 -39.000 39.770 .317
-4.320 6.480 -39.000 39.770 .317
-4.320 6.480 -39.000 39.770 .217
-4.200 8.040 -39.060 40.099 .217
-3.840 8.700 -39.060 40.201 .584
-3.840 8.700 -39.060 40.201 .584
-3.360 10.140 -38.640 40.089 .353
-3.360 10.140 -38.640 40.089 .184
-2.760 11.460 -37.380 39.195 .184
-2.760 11.460 -37.380 39.195 -.163
-2.160 11.520 -36.180 38.031 -.163
-2.160 11.520 -36.180 38.031 .010
-2.340 12.300 -34.380 36.589 .010
-2.340 12.300 -34.380 36.589 .064
-2.820 12.900 -32.940 35.488 .284
-2.820 12.900 -32.940 35.488 .284
-3.540 12.720 -32.640 35.209 .440
-3.540 12.720 -32.640 35.209 .440
-4.080 12.600 -32.880 35.447 .348
-4.080 12.600 -32.880 35.447 .348
-3.840 12.540 -33.840 36.292 .250
-3.840 12.540 -33.840 36.292 .250
-3.780 11.880 -35.220 37.361 .128
-3.780 11.880 -35.220 37.361 .146
-4.080 11.100 -36.720 38.577 .146
-4.080 11.100 -36.720 38.577 .177
-4.380 10.740 -38.160 39.884 .177
-4.380 10.740 -38.160 39.884 .394
-4.560 10.320 -40.020 41.580 .394
-4.560 10.320 -40.020 41.580 .366
-4.320 9.960 -41.040 42.452 .366
-4.320 9.960 -41.040 42.452 .428
-4.080 10.320 -42.360 43.789 .428
-4.080 10.320 -42.360 43.789 .068
-4.680 10.920 -43.620 45.209 .295
-4.680 10.920 -43.620 45.209 .295
-5.220 11.520 -44.220 45.993 .213
-5.220 11.520 -44.220 45.993 .213
-6.600 11.880 -45.120 47.122 .478
-6.600 11.880 -45.120 47.122 .478
-8.460 11.640 -45.720 47.931 .697
-8.460 11.640 -45.720 47.931 .697
-9.180 10.980 -45.780 47.965 .525
-9.180 10.980 -45.780 47.965 .709
-10.860 10.020 -46.080 48.391 .709
-10.860 10.020 -46.080 48.391 .545
-11.340 9.540 -45.960 48.290 .545
-11.340 9.540 -45.960 48.290 .657
-12.120 8.760 -45.600 47.989 .627
-12.120 8.760 -45.600 47.989 .668
-14.160 7.560 -45.120 47.890 .854
-14.160 7.560 -45.120 47.890 .854
-16.140 6.120 -44.100 47.358 1.007
-16.140 6.120 -44.100 47.358 1.007
-18.840 5.460 -42.720 47.008 .882
-18.840 5.460 -42.720 47.008 .882
-21.000 5.880 -40.080 45.629 1.457
-21.000 5.880 -40.080 45.629 1.143
-23.100 7.140 -37.620 44.720 1.143
-23.100 7.140 -37.620 44.720 1.016
-24.540 9.180 -34.620 43.417 1.016
-24.540 9.180 -34.620 43.417 1.213
-26.340 10.500 -31.500 42.383 1.213
-26.340 10.500 -31.500 42.383 1.272
-27.720 12.600 -28.740 41.871 1.272
-27.720 12.600 -28.740 41.871 1.083
-28.320 14.400 -25.500 40.739 1.083
-28.320 14.400 -25.500 40.739 1.101
-28.980 15.660 -22.980 40.164 1.085
-28.980 15.660 -22.980 40.164 1.085
-29.520 16.980 -20.280 39.636 .983
-29.520 16.980 -20.280 39.636 .983
-29.760 16.920 -17.580 38.484 1.011
-29.760 16.920 -17.580 38.484 1.011
-30.240 16.500 -15.300 37.693 1.101
-30.240 16.500 -15.300 37.693 1.063
-30.240 16.560 -11.880 36.467 1.063
-30.240 16.560 -11.880 36.467 1.066
-29.700 16.320 -8.760 35.002 1.066
-29.700 16.320 -8.760 35.002 1.059
-29.340 16.020 -6.240 34.006 1.059
-29.340 16.020 -6.240 34.006 1.063
-27.900 16.020 -3.600 32.373 1.063
-27.900 16.020 -3.600 32.373 1.043
-26.640 15.780 -1.260 30.988 1.037
-26.640 15.780 -1.260 30.988 1.037
-24.960 15.660 -.120 29.466 1.011
-24.960 15.660 -.120 29.466 1.011
-22.500 16.620 1.500 28.013 .936
-22.500 16.620 1.500 28.013 .936
-19.920 17.580 2.700 26.705 .933
-19.920 17.580 2.700 26.705 .933
-16.860 18.660 2.340 25.257 .851
-16.860 18.660 2.340 25.257 .753
-13.620 19.500 2.760 23.945 .753
-13.620 19.500 2.760 23.945 .611
-10.920 19.320 .960 22.213 .611
-10.920 19.320 .960 22.213 .508
-8.460 18.840 -1.740 20.725 .508
-8.460 18.840 -1.740 20.725 .426
-5.640 17.400 -5.100 18.989 .426
-5.640 17.400 -5.100 18.989 .338
-3.840 15.600 -10.620 19.259 .207
-3.840 15.600 -10.620 19.259 .207
-2.160 13.140 -15.600 20.511 .155
-2.160 13.140 -15.600 20.511 .155
-1.080 11.100 -21.000 23.778 .073
-1.080 11.100 -21.000 23.778 .073
-1.260 10.320 -25.740 27.760 .264
-1.260 10.320 -25.740 27.760 .285
-1.380 8.580 -29.400 30.657 .285
-1.380 8.580 -29.400 30.657 .200
-1.500 7.860 -32.820 33.781 .200
-1.500 7.860 -32.820 33.781 .196
-1.920 7.200 -34.860 35.648 .196
-1.920 7.200 -34.860 35.648 .028
-3.240 5.280 -37.080 37.594 .028
-3.240 5.280 -37.080 37.594 .374
-4.260 5.400 -38.100 38.716 -.155
-4.260 5.400 -38.100 38.716 -.155
-5.160 6.000 -38.460 39.266 -.012
-5.160 6.000 -38.460 39.266 -.012
-6.300 6.660 -38.580 39.654 1.723
-6.300 6.660 -38.580 39.654 1.723
-6.480 7.440 -38.400 39.647 .926
-6.480 7.440 -38.400 39.647 1.063
-6.360 8.400 -38.940 40.340 1.063
-6.360 8.400 -38.940 40.340 .397
-6.420 9.300 -39.960 41.527 .397
-6.420 9.300 -39.960 41.527 .587
-6.060 9.960 -40.860 42.491 .587
-6.060 9.960 -40.860 42.491 .410
