X Y Z F A
-9.000 -22.860 -11.160 26.984 2.736
-9.060 -22.740 -11.400 27.003 2.701
-9.060 -22.740 -11.400 27.003 2.701
-9.120 -22.620 -11.520 26.973 2.707
-9.120 -22.620 -11.520 26.973 2.703
-9.060 -22.080 -12.120 26.768 2.703
-9.060 -22.080 -12.120 26.768 2.724
-9.240 -21.900 -13.500 27.336 2.724
-9.240 -21.900 -13.500 27.336 2.725
-8.340 -22.200 -14.580 27.838 2.725
-8.340 -22.200 -14.580 27.838 2.743
-7.080 -22.380 -16.440 28.658 2.816
-7.080 -22.380 -16.440 28.658 2.816
-6.120 -23.400 -18.120 30.222 2.792
-6.120 -23.400 -18.120 30.222 2.792
-4.500 -24.540 -20.040 32.001 2.762
-4.500 -24.540 -20.040 32.001 2.762
-3.900 -25.560 -21.960 33.923 2.881
-3.900 -25.560 -21.960 33.923 2.881
-3.480 -26.640 -23.220 35.510 3.009
-3.480 -26.640 -23.220 35.510 3.009
-3.120 -27.840 -25.020 37.561 3.016
-3.120 -27.840 -25.020 37.561 3.092
-3.360 -28.320 -27.660 39.729 3.092
-3.360 -28.320 -27.660 39.729 2.944
-2.580 -27.780 -29.760 40.793 2.944
-2.580 -27.780 -29.760 40.793 3.023
-3.060 -27.000 -32.700 42.517 3.023
-3.060 -27.000 -32.700 42.517 3.054
-3.120 -25.560 -35.580 43.920 3.054
-3.120 -25.560 -35.580 43.920 2.964
-3.300 -22.980 -37.500 44.105 3.039
-3.300 -22.980 -37.500 44.105 3.039
-4.500 -21.000 -39.840 45.260 2.898
-4.500 -21.000 -39.840 45.260 2.898
-4.800 -18.900 -41.460 45.817 2.840
-4.800 -18.900 -41.460 45.817 2.840
-5.880 -16.380 -42.600 46.018 3.062
-5.880 -16.380 -42.600 46.018 2.743
-7.260 -16.140 -42.180 45.742 2.743
-7.260 -16.140 -42.180 45.742 2.233
-8.640 -16.500 -42.120 46.054 2.233
-8.640 -16.500 -42.120 46.054 2.274
-10.680 -17.520 -41.580 46.367 2.274
-10.680 -17.520 -41.580 46.367 2.761
-12.600 -20.100 -39.900 46.420 2.761
-12.600 -20.100 -39.900 46.420 2.391
-14.160 -22.200 -39.120 47.156 2.391
-14.160 -22.200 -39.120 47.156 2.391
-16.020 -24.300 -37.800 47.707 2.569
-16.020 -24.300 -37.800 47.707 2.569
-18.240 -26.760 -35.520 48.067 2.401
-18.240 -26.760 -35.520 48.067 2.401
-20.160 -28.020 -34.140 48.550 2.363
-20.160 -28.020 -34.140 48.550 2.542
-22.200 -28.440 -32.040 48.252 2.542
-22.200 -28.440 -32.040 48.252 2.445
-24.420 -28.860 -29.280 47.818 2.445
-24.420 -28.860 -29.280 47.818 2.386
-25.860 -28.380 -27.480 47.216 2.386
-25.860 -28.380 -27.480 47.216 2.309
-27.180 -28.200 -25.560 46.769 2.309
-27.180 -28.200 -25.560 46.769 2.385
-28.080 -28.800 -23.880 46.778 2.246
-28.080 -28.800 -23.880 46.778 2.246
-28.380 -28.860 -24.000 47.057 2.267
-28.380 -28.860 -24.000 47.057 2.267
-28.560 -29.520 -24.720 47.939 2.499
-28.560 -29.520 -24.720 47.939 2.499
-27.720 -30.960 -25.620 48.819 2.247
-27.720 -30.960 -25.620 48.819 2.247
-26.760 -31.800 -27.960 50.091 2.333
-26.760 -31.800 -27.960 50.091 2.436
-24.840 -32.400 -29.340 50.275 2.436
-24.840 -32.400 -29.340 50.275 2.417
-22.680 -33.060 -30.000 50.073 2.417
-22.680 -33.060 -30.000 50.073 2.408
-20.940 -32.340 -31.260 49.614 2.408
-20.940 -32.340 -31.260 49.614 2.624
-18.900 -31.140 -31.740 48.315 2.571
-18.900 -31.140 -31.740 48.315 2.571
-16.860 -30.600 -31.440 47.001 2.619
-16.860 -30.600 -31.440 47.001 2.619
-14.940 -28.560 -32.340 45.659 2.638
-14.940 -28.560 -32.340 45.659 2.638
-12.720 -27.180 -32.400 44.162 2.646
-12.720 -27.180 -32.400 44.162 2.646
-10.980 -26.160 -32.940 43.474 2.625
-10.980 -26.160 -32.940 43.474 2.725
-9.780 -24.600 -33.780 42.917 2.725
-9.780 -24.600 -33.780 42.917 -3.134
-8.220 -24.000 -34.200 42.582 -3.134
-8.220 -24.000 -34.200 42.582 2.794
-7.140 -23.520 -34.560 42.409 2.787
-7.140 -23.520 -34.560 42.409 2.787
-5.520 -22.620 -35.040 42.071 2.687
-5.520 -22.620 -35.040 42.071 2.687
-3.720 -21.420 -35.640 41.748 2.859
-3.720 -21.420 -35.640 41.748 2.880
-2.520 -20.400 -36.180 41.611 2.880
-2.520 -20.400 -36.180 41.611 3.029
-1.320 -18.720 -36.900 41.398 3.029
-1.320 -18.720 -36.900 41.398 -2.675
.180 -18.120 -36.900 41.109 -2.675
.180 -18.120 -36.900 41.109 -3.071
1.920 -17.760 -37.320 41.375 -3.071
1.920 -17.760 -37.320 41.375 -3.040
4.260 -17.340 -37.680 41.697 -2.999
4.260 -17.340 -37.680 41.697 -2.999
6.600 -17.640 -38.940 43.256 -2.672
6.600 -17.640 -38.940 43.256 -2.672
8.760 -17.760 -40.320 44.921 -2.600
8.760 -17.760 -40.320 44.921 -2.600
10.920 -17.640 -42.840 47.599 -2.743
10.920 -17.640 -42.840 47.599 -2.558
13.200 -17.640 -46.080 51.076 -2.558
13.200 -17.640 -46.080 51.076 -2.250
15.960 -17.760 -48.900 54.418 -2.250
15.960 -17.760 -48.900 54.418 -2.308
18.660 -17.460 -52.740 58.605 -2.308
18.660 -17.460 -52.740 58.605 -2.355
20.700 -18.780 -56.640 63.161 -2.355
20.700 -18.780 -56.640 63.161 -2.054
22.200 -20.520 -59.400 66.650 -2.213
22.200 -20.520 -59.400 66.650 -2.213
23.580 -21.780 -63.360 71.027 -1.902
23.580 -21.780 -63.360 71.027 -1.902
24.420 -25.440 -66.060 74.883 -2.010
24.420 -25.440 -66.060 74.883 -2.010
25.860 -28.140 -67.920 77.934 -2.288
25.860 -28.140 -67.920 77.934 -2.288
27.180 -31.080 -70.020 81.287 -2.608
27.180 -31.080 -70.020 81.287 -2.341
27.480 -35.820 -69.360 82.759 -2.341
27.480 -35.820 -69.360 82.759 -2.436
27.000 -38.100 -68.460 82.870 -2.436
27.000 -38.100 -68.460 82.870 -2.621
25.320 -40.980 -66.360 82.001 -2.621
25.320 -40.980 -66.360 82.001 -2.586
23.160 -44.640 -62.580 80.283 -2.586
23.160 -44.640 -62.580 80.283 -2.571
20.940 -45.960 -59.640 78.152 -2.723
20.940 -45.960 -59.640 78.152 -2.723
19.200 -47.700 -56.160 76.144 -2.794
19.200 -47.700 -56.160 76.144 -2.794
17.340 -49.020 -52.440 73.848 -2.794
17.340 -49.020 -52.440 73.848 -2.794
15.180 -48.120 -50.280 71.232 -2.803
13.020 -47.760 -47.520 68.620 -2.739
13.020 -47.760 -47.520 68.620 -2.739
11.460 -47.040 -45.120 66.181 -2.794
11.460 -47.040 -45.120 66.181 -2.794
11.460 -47.040 -45.120 66.181 -2.879
10.140 -45.180 -43.740 63.696 -2.879
9.360 -43.980 -42.180 61.652 -3.139
9.360 -43.980 -42.180 61.652 -3.139
8.760 -42.300 -40.920 59.502 -2.915
8.760 -42.300 -40.920 59.502 -2.927
7.380 -40.080 -40.020 57.118 -2.927
7.380 -40.080 -40.020 57.118 -2.966
6.300 -38.640 -38.880 55.176 -2.966
6.300 -38.640 -38.880 55.176 -2.986
5.520 -36.540 -38.100 53.078 -2.986
5.520 -36.540 -38.100 53.078 -2.913
5.580 -34.680 -37.320 51.251 -2.913
5.580 -34.680 -37.320 51.251 -3.040
6.120 -33.060 -36.240 49.434 -3.053
6.120 -33.060 -36.240 49.434 -3.053
6.720 -31.440 -35.640 47.998 -3.012
6.720 -31.440 -35.640 47.998 -3.012
6.840 -30.300 -34.380 46.334 -2.872
6.840 -30.300 -34.380 46.334 -2.872
6.780 -29.160 -32.760 44.379 -2.930
6.780 -29.160 -32.760 44.379 -2.930
6.240 -28.680 -31.440 43.011 -2.837
6.240 -28.680 -31.440 43.011 -2.947
6.960 -28.260 -29.040 41.114 -2.947
6.960 -28.260 -29.040 41.114 -3.021
7.080 -28.380 -26.820 39.685 -3.021
7.080 -28.380 -26.820 39.685 -2.849
6.840 -28.380 -25.140 38.526 -2.849
6.840 -28.380 -25.140 38.526 -2.832
6.660 -28.260 -23.100 37.102 -2.873
6.660 -28.260 -23.100 37.102 -2.873
5.940 -27.780 -21.240 35.470 -2.864
5.940 -27.780 -21.240 35.470 -2.864
6.060 -26.940 -19.680 33.909 -2.901
6.060 -26.940 -19.680 33.909 -2.901
6.300 -26.160 -18.060 32.407 -2.966
6.300 -26.160 -18.060 32.407 -2.966
6.480 -25.620 -16.980 31.412 -2.917
6.480 -25.620 -16.980 31.412 -2.920
6.600 -25.080 -16.500 30.738 -2.920
6.600 -25.080 -16.500 30.738 -2.893
6.780 -24.360 -16.800 30.358 -2.893
6.780 -24.360 -16.800 30.358 -2.869
7.080 -24.480 -17.580 30.959 -2.869
7.080 -24.480 -17.580 30.959 -2.833
7.860 -23.820 -18.960 31.443 -2.833
7.860 -23.820 -18.960 31.443 -2.760
8.640 -23.880 -20.460 32.612 -2.809
8.640 -23.880 -20.460 32.612 -2.809
8.580 -25.020 -21.840 34.302 -2.784
8.580 -25.020 -21.840 34.302 -2.784
9.180 -25.380 -23.460 35.760 -2.782
9.180 -25.380 -23.460 35.760 -2.782
9.360 -26.760 -24.300 37.339 -2.442
9.360 -26.760 -24.300 37.339 -2.713
9.180 -27.900 -25.260 38.740 -2.713
9.180 -27.900 -25.260 38.740 -2.790
10.200 -28.620 -25.980 39.976 -2.790
10.200 -28.620 -25.980 39.976 -2.943
10.320 -30.120 -26.160 41.208 -2.943
10.320 -30.120 -26.160 41.208 -2.783
10.680 -31.260 -26.940 42.626 -2.783
10.680 -31.260 -26.940 42.626 -2.785
10.860 -32.520 -27.480 43.939 -2.834
10.860 -32.520 -27.480 43.939 -2.834
10.800 -33.300 -28.020 44.840 -2.800
10.800 -33.300 -28.020 44.840 -2.800
11.100 -33.780 -28.920 45.833 -2.711
11.100 -33.780 -28.920 45.833 -2.711
11.040 -33.900 -29.880 46.518 -2.801
11.040 -33.900 -29.880 46.518 -2.810
11.100 -34.140 -30.180 46.900 -2.810
11.100 -34.140 -30.180 46.900 -2.840
10.620 -34.620 -30.360 47.255 -2.840
10.620 -34.620 -30.360 47.255 -2.854
10.020 -35.040 -30.360 47.433 -2.854
10.020 -35.040 -30.360 47.433 -2.871
9.600 -35.820 -29.580 47.436 -2.871
9.600 -35.820 -29.580 47.436 -2.799
9.120 -36.180 -29.220 47.392 -2.864
9.120 -36.180 -29.220 47.392 -2.864
9.060 -36.540 -28.680 47.326 -2.932
9.060 -36.540 -28.680 47.326 -2.932
8.400 -37.440 -26.940 46.884 -2.892
8.400 -37.440 -26.940 46.884 -2.892
7.320 -37.980 -26.160 46.695 -2.898
7.320 -37.980 -26.160 46.695 -2.898
5.880 -38.700 -25.020 46.457 -2.780
5.880 -38.700 -25.020 46.457 -2.997
4.080 -39.420 -22.920 45.781 -2.997
4.080 -39.420 -22.920 45.781 -3.027
3.240 -39.000 -22.260 45.022 -3.027
3.240 -39.000 -22.260 45.022 -3.118
2.460 -38.580 -20.220 43.627 -3.118
2.460 -38.580 -20.220 43.627 -3.101
2.160 -38.100 -18.600 42.453 -3.101
2.160 -38.100 -18.600 42.453 -3.091
1.620 -36.480 -17.820 40.632 -3.103
1.620 -36.480 -17.820 40.632 -3.103
.420 -35.100 -16.020 38.585 3.129
.420 -35.100 -16.020 38.585 3.129
-.060 -32.160 -15.120 35.537 -3.129
-.060 -32.160 -15.120 35.537 -3.129
-.300 -28.560 -14.280 31.932 -3.134
-.300 -28.560 -14.280 31.932 -3.134
-.120 -24.960 -13.380 28.320 3.133
-.120 -24.960 -13.380 28.320 3.104
.240 -21.360 -13.560 25.302 3.104
.240 -21.360 -13.560 25.302 -3.128
-.120 -19.380 -14.040 23.932 -3.128
-.120 -19.380 -14.040 23.932 3.121
-.300 -18.240 -13.980 22.983 3.121
-.300 -18.240 -13.980 22.983 -3.139
-.060 -17.880 -14.400 22.958 -3.139
-.060 -17.880 -14.400 22.958 -3.139
.480 -18.540 -14.700 23.665 -3.139
.480 -18.540 -14.700 23.665 -3.139
.900 -19.920 -14.220 24.491 -3.132
.900 -19.920 -14.220 24.491 -3.132
1.320 -21.240 -14.640 25.830 -3.083
1.320 -21.240 -14.640 25.830 -3.083
1.200 -23.280 -14.940 27.688 -2.926
1.200 -23.280 -14.940 27.688 -3.071
.960 -25.320 -14.820 29.354 -3.071
.960 -25.320 -14.820 29.354 -3.126
1.080 -27.060 -15.420 31.164 -3.126
1.080 -27.060 -15.420 31.164 3.109
1.500 -29.040 -15.900 33.142 3.109
1.500 -29.040 -15.900 33.142 -3.091
1.620 -31.260 -16.020 35.163 -3.091
1.620 -31.260 -16.020 35.163 -3.104
1.560 -33.060 -16.860 37.144 -3.088
1.560 -33.060 -16.860 37.144 -3.088
1.440 -34.800 -17.220 38.854 -3.132
1.440 -34.800 -17.220 38.854 -3.132
1.740 -36.600 -17.280 40.512 -3.083
1.740 -36.600 -17.280 40.512 -3.083
2.940 -37.320 -18.000 41.538 -3.043
2.940 -37.320 -18.000 41.538 -3.043
4.680 -37.740 -18.600 42.334 -3.061
4.680 -37.740 -18.600 42.334 -3.050
6.660 -38.040 -19.920 43.453 -3.050
6.660 -38.040 -19.920 43.453 -2.935
7.980 -37.620 -21.780 44.196 -2.935
7.980 -37.620 -21.780 44.196 -2.936
9.540 -36.900 -22.620 44.320 -2.936
9.540 -36.900 -22.620 44.320 -2.856
11.220 -36.480 -22.860 44.489 -2.803
13.560 -35.160 -22.740 44.014 -2.803
13.560 -35.160 -22.740 44.014 -2.819
16.320 -33.840 -21.660 43.366 -2.819
16.320 -33.840 -21.660 43.366 -2.635
16.320 -33.840 -21.660 43.366 -2.635
18.840 -33.060 -20.700 43.317 -2.604
18.840 -33.060 -20.700 43.317 -2.604
21.120 -32.100 -19.560 43.117 -2.510
21.120 -32.100 -19.560 43.117 -2.482
22.500 -31.680 -17.340 42.551 -2.482
22.500 -31.680 -17.340 42.551 -2.476
24.060 -31.200 -15.840 42.464 -2.476
24.060 -31.200 -15.840 42.464 -2.547
25.500 -30.240 -14.820 42.241 -2.547
27.120 -29.040 -13.260 41.888 -2.422
27.120 -29.040 -13.260 41.888 -2.422
28.980 -27.480 -13.440 42.138 -2.369
28.980 -27.480 -13.440 42.138 -2.312
29.520 -26.460 -13.140 41.764 -2.312
29.520 -26.460 -13.140 41.764 -2.301
29.580 -25.980 -12.660 41.355 -2.301
29.580 -25.980 -12.660 41.355 -2.264
29.040 -25.380 -13.680 40.922 -2.264
29.040 -25.380 -13.680 40.922 -2.233
28.020 -25.380 -14.880 40.629 -2.233
28.020 -25.380 -14.880 40.629 -2.315
27.120 -25.560 -17.340 41.103 -2.266
27.120 -25.560 -17.340 41.103 -2.266
25.920 -25.500 -19.320 41.175 -2.279
25.920 -25.500 -19.320 41.175 -2.279
24.420 -26.340 -20.760 41.486 -2.291
24.420 -26.340 -20.760 41.486 -2.291
22.920 -26.820 -21.960 41.556 -2.298
22.920 -26.820 -21.960 41.556 -2.298
21.540 -26.580 -22.140 40.751 -2.404
21.540 -26.580 -22.140 40.751 -2.596
20.220 -26.580 -23.220 40.676 -2.596
20.220 -26.580 -23.220 40.676 -2.406
19.620 -25.980 -23.760 40.304 -2.406
19.620 -25.980 -23.760 40.304 -2.417
18.540 -25.800 -24.660 40.218 -2.417
18.540 -25.800 -24.660 40.218 -2.512
17.700 -25.920 -25.260 40.289 -2.429
17.700 -25.920 -25.260 40.289 -2.429
17.340 -25.920 -25.980 40.589 -2.452
17.340 -25.920 -25.980 40.589 -2.452
16.740 -25.980 -27.780 41.556 -2.618
16.740 -25.980 -27.780 41.556 -2.618
16.440 -26.460 -27.960 41.859 -2.547
16.440 -26.460 -27.960 41.859 -2.547
15.720 -26.700 -29.160 42.548 -2.550
15.720 -26.700 -29.160 42.548 -2.673
14.520 -27.060 -30.000 42.931 -2.673
14.520 -27.060 -30.000 42.931 -2.666
13.320 -27.780 -30.720 43.507 -2.666
13.320 -27.780 -30.720 43.507 -2.583
12.060 -27.840 -32.340 44.344 -2.583
12.060 -27.840 -32.340 44.344 -2.735
10.860 -27.840 -33.780 45.101 -2.735
10.860 -27.840 -33.780 45.101 -2.823
10.020 -27.600 -34.860 45.578 -2.811
10.020 -27.600 -34.860 45.578 -2.811
8.880 -26.280 -36.180 45.590 -2.742
8.880 -26.280 -36.180 45.590 -2.742
7.500 -25.800 -36.960 45.694 -2.839
7.500 -25.800 -36.960 45.694 -2.839
6.480 -25.020 -37.680 45.692 -2.775
6.480 -25.020 -37.680 45.692 -2.833
5.340 -24.360 -38.220 45.637 -2.833
5.340 -24.360 -38.220 45.637 -3.003
3.960 -24.480 -37.920 45.309 -3.003
3.960 -24.480 -37.920 45.309 -2.941
2.760 -23.520 -37.500 44.352 -2.941
2.760 -23.520 -37.500 44.352 -2.995
.900 -22.680 -36.960 43.373 -2.995
.900 -22.680 -36.960 43.373 -2.940
-.600 -22.500 -36.420 42.814 -3.061
-.600 -22.500 -36.420 42.814 -3.061
-.960 -22.080 -36.540 42.704 3.072
-.960 -22.080 -36.540 42.704 3.072
-.960 -22.140 -37.140 43.249 2.824
-.960 -22.140 -37.140 43.249 2.824
-.780 -23.400 -36.660 43.499 3.084
-.780 -23.400 -36.660 43.499 3.084
-.720 -24.060 -37.200 44.308 3.110
-.720 -24.060 -37.200 44.308 -3.085
-.960 -25.020 -36.960 44.643 -3.085
-.960 -25.020 -36.960 44.643 2.988
-1.140 -26.640 -35.820 44.655 2.988
-1.140 -26.640 -35.820 44.655 3.053
-.720 -27.360 -35.100 44.510 3.053
-.720 -27.360 -35.100 44.510 3.033
-.480 -28.200 -33.060 43.456 3.111
-.480 -28.200 -33.060 43.456 3.111
-.180 -28.620 -30.780 42.030 3.072
-.180 -28.620 -30.780 42.030 3.072
.300 -27.840 -29.580 40.622 -3.126
.300 -27.840 -29.580 40.622 -3.126
.780 -27.840 -27.300 39.000 3.102
.780 -27.840 -27.300 39.000 3.102
2.160 -27.600 -24.840 37.195 -3.130
2.160 -27.600 -24.840 37.195 -3.130
3.780 -27.720 -22.800 36.091 -3.055
3.780 -27.720 -22.800 36.091 -3.066
4.980 -28.740 -18.780 34.691 -3.066
4.980 -28.740 -18.780 34.691 -3.052
5.940 -29.760 -15.960 34.288 -3.052
5.940 -29.760 -15.960 34.288 -2.914
6.600 -31.500 -13.860 35.042 -2.914
6.600 -31.500 -13.860 35.042 -2.937
7.260 -33.780 -10.500 36.112 -2.916
7.260 -33.780 -10.500 36.112 -2.916
8.880 -36.000 -9.660 38.317 -2.901
8.880 -36.000 -9.660 38.317 -2.901
10.560 -38.580 -8.880 40.973 -2.870
10.560 -38.580 -8.880 40.973 -2.870
11.640 -41.580 -9.120 44.131 -2.864
11.640 -41.580 -9.120 44.131 -2.864
12.240 -43.620 -11.880 46.836 -2.851
12.240 -43.620 -11.880 46.836 -2.851
12.240 -45.360 -14.040 49.035 -2.851
12.240 -45.360 -14.040 49.035 -2.843
12.960 -46.080 -16.440 50.612 -2.843
12.960 -46.080 -16.440 50.612 -2.857
13.920 -45.660 -18.900 51.340 -2.857
13.920 -45.660 -18.900 51.340 -2.915
15.060 -45.420 -20.940 52.233 -2.915
15.060 -45.420 -20.940 52.233 -2.797
15.540 -44.820 -22.980 52.711 -2.787
15.540 -44.820 -22.980 52.711 -2.787
14.940 -43.980 -25.080 52.787 -2.783
14.940 -43.980 -25.080 52.787 -2.783
14.640 -43.020 -26.400 52.555 -2.779
14.640 -43.020 -26.400 52.555 -2.779
14.220 -42.060 -28.080 52.533 -2.756
14.220 -42.060 -28.080 52.533 -2.756
13.560 -40.860 -29.520 52.200 -2.884
13.560 -40.860 -29.520 52.200 -2.818
13.260 -39.900 -29.760 51.512 -2.818
13.260 -39.900 -29.760 51.512 -2.828
12.720 -37.800 -31.260 50.674 -2.828
12.720 -37.800 -31.260 50.674 -2.869
12.120 -35.400 -31.800 49.105 -2.869
12.120 -35.400 -31.800 49.105 -2.837
12.060 -33.660 -31.800 47.851 -2.749
12.060 -33.660 -31.800 47.851 -2.749
11.940 -31.620 -33.240 47.406 -2.803
11.940 -31.620 -33.240 47.406 -2.803
11.700 -31.320 -33.420 47.273 -2.783
11.700 -31.320 -33.420 47.273 -2.783
11.400 -31.980 -33.600 47.767 -2.856
11.400 -31.980 -33.600 47.767 -2.856
11.040 -32.580 -34.260 48.550 -2.724
11.040 -32.580 -34.260 48.550 -2.774
10.320 -34.920 -34.080 49.873 -2.774
10.320 -34.920 -34.080 49.873 -2.792
10.440 -37.680 -33.900 51.749 -2.792
10.440 -37.680 -33.900 51.749 -2.810
11.400 -40.020 -33.780 53.597 -2.810
11.400 -40.020 -33.780 53.597 -2.757
12.780 -42.360 -33.600 55.558 -2.757
12.780 -42.360 -33.600 55.558 -2.732
15.600 -43.860 -34.620 58.014 -2.723
15.600 -43.860 -34.620 58.014 -2.723
20.100 -42.720 -36.120 59.445 -2.464
20.100 -42.720 -36.120 59.445 -2.464
26.700 -39.180 -37.920 60.712 -2.365
26.700 -39.180 -37.920 60.712 -2.365
34.800 -32.400 -40.140 62.226 -2.235
42.120 -21.420 -40.740 62.391 -2.394
42.120 -21.420 -40.740 62.391 -2.394
42.120 -21.420 -40.740 62.391 -1.873
47.040 -11.700 -40.680 63.281 -1.873
47.040 -11.700 -40.680 63.281 -1.656
49.080 -2.160 -39.360 62.950 -1.656
49.080 -2.160 -39.360 62.950 -1.693
48.900 5.340 -36.600 61.313 -1.693
47.400 10.440 -34.200 59.375 -1.344
47.400 10.440 -34.200 59.375 -1.243
45.240 15.900 -31.080 57.144 -1.243
45.240 15.900 -31.080 57.144 -1.297
42.900 19.020 -27.540 54.412 -1.297
42.900 19.020 -27.540 54.412 -1.124
42.900 19.020 -27.540 54.412 -1.124
41.040 21.060 -24.300 52.137 -1.055
41.040 21.060 -24.300 52.137 -1.055
40.260 20.940 -20.700 49.878 -1.150
40.260 20.940 -20.700 49.878 -1.102
39.420 19.440 -18.240 47.587 -1.102
39.420 19.440 -18.240 47.587 -1.091
38.520 18.120 -16.320 45.590 -1.091
37.620 16.500 -15.240 43.815 -1.055
37.620 16.500 -15.240 43.815 -1.055
36.360 13.980 -14.340 41.511 -1.182
36.360 13.980 -14.340 41.511 -1.182
35.640 11.100 -13.380 39.654 -1.131
35.640 11.100 -13.380 39.654 -1.249
35.460 7.320 -13.980 38.813 -1.249
35.460 7.320 -13.980 38.813 -1.413
35.100 4.140 -15.300 38.513 -1.413
35.100 4.140 -15.300 38.513 -1.420
34.680 2.400 -17.580 38.955 -1.420
34.680 2.400 -17.580 38.955 -1.471
34.380 2.580 -20.400 40.060 -1.471
34.380 2.580 -20.400 40.060 -1.677
33.480 2.760 -22.500 40.432 -1.463
33.480 2.760 -22.500 40.432 -1.463
32.760 3.300 -24.240 40.886 -1.417
32.760 3.300 -24.240 40.886 -1.417
32.040 4.080 -25.500 41.152 -1.529
32.040 4.080 -25.500 41.152 -1.529
31.260 4.560 -25.440 40.561 -1.468
31.260 4.560 -25.440 40.561 -1.319
31.440 6.540 -25.800 41.193 -1.319
31.440 6.540 -25.800 41.193 -1.274
30.840 8.520 -25.260 40.765 -1.274
30.840 8.520 -25.260 40.765 -1.321
30.780 10.020 -25.140 40.986 -1.321
30.780 10.020 -25.140 40.986 -1.143
30.960 10.740 -24.960 41.193 -1.143
30.960 10.740 -24.960 41.193 -1.155
30.660 9.840 -23.640 39.946 -1.348
30.660 9.840 -23.640 39.946 -1.348
31.080 8.400 -22.140 39.073 -1.260
31.080 8.400 -22.140 39.073 -1.260
31.140 7.200 -20.160 37.788 -1.207
31.140 7.200 -20.160 37.788 -1.207
30.900 6.120 -18.960 36.766 -1.397
30.900 6.120 -18.960 36.766 -1.397
30.660 5.160 -17.520 35.688 -1.397
30.660 5.160 -17.520 35.688 -1.310
30.420 4.440 -16.740 35.005 -1.310
30.420 4.440 -16.740 35.005 -1.346
30.120 2.580 -15.600 34.018 -1.346
30.120 2.580 -15.600 34.018 -1.575
30.120 .420 -14.580 33.466 -1.575
30.120 .420 -14.580 33.466 -1.524
29.760 -1.500 -14.100 32.965 -1.577
29.760 -1.500 -14.100 32.965 -1.577
29.580 -3.240 -13.920 32.852 -1.733
29.580 -3.240 -13.920 32.852 -1.733
29.340 -4.440 -13.800 32.726 -1.688
29.340 -4.440 -13.800 32.726 -1.688
28.800 -6.060 -13.500 32.379 -1.662
28.800 -6.060 -13.500 32.379 -1.662
28.800 -6.960 -14.400 32.943 -1.734
28.800 -6.960 -14.400 32.943 -1.838
28.560 -8.340 -14.280 33.002 -1.838
28.560 -8.340 -14.280 33.002 -1.804
28.620 -8.460 -15.600 33.675 -1.804
28.620 -8.460 -15.600 33.675 -1.837
29.040 -7.860 -16.560 34.341 -1.837
29.040 -7.860 -16.560 34.341 -1.957
28.860 -6.720 -17.100 34.212 -1.957
28.860 -6.720 -17.100 34.212 -1.767
28.920 -4.680 -17.400 34.074 -1.654
28.920 -4.680 -17.400 34.074 -1.654
29.160 -3.120 -17.040 33.918 -1.736
29.160 -3.120 -17.040 33.918 -1.736
29.340 -1.200 -16.800 33.831 -1.703
29.340 -1.200 -16.800 33.831 -1.703
29.640 .960 -16.140 33.763 -1.541
29.640 .960 -16.140 33.763 -1.522
30.000 3.540 -16.440 34.392 -1.522
30.000 3.540 -16.440 34.392 -1.503
30.540 6.360 -16.080 35.096 -1.503
30.540 6.360 -16.080 35.096 -1.309
30.540 8.640 -15.420 35.286 -1.309
30.540 8.640 -15.420 35.286 -1.248
31.080 9.240 -14.340 35.454 -1.248
31.080 9.240 -14.340 35.454 -1.380
31.800 8.940 -12.900 35.462 -1.300
31.800 8.940 -12.900 35.462 -1.300
32.040 7.980 -12.120 35.173 -1.297
32.040 7.980 -12.120 35.173 -1.297
32.460 6.900 -10.860 34.917 -1.398
32.460 6.900 -10.860 34.917 -1.398
32.580 5.760 -10.080 34.587 -1.368
32.580 5.760 -10.080 34.587 -1.368
32.100 4.320 -9.480 33.748 -1.348
32.100 4.320 -9.480 33.748 -1.429
31.440 2.100 -8.940 32.754 -1.429
31.440 2.100 -8.940 32.754 -1.509
30.660 -.540 -9.600 32.132 -1.509
30.660 -.540 -9.600 32.132 -1.521
30.060 -2.220 -10.920 32.059 -1.521
30.060 -2.220 -10.920 32.059 -1.574
29.700 -3.060 -13.380 32.718 -1.574
29.700 -3.060 -13.380 32.718 -1.715
29.460 -3.780 -15.660 33.577 -1.626
29.460 -3.780 -15.660 33.577 -1.626
28.920 -4.080 -18.360 34.498 -1.641
28.920 -4.080 -18.360 34.498 -1.641
28.320 -4.440 -20.940 35.500 -1.764
28.320 -4.440 -20.940 35.500 -1.764
27.420 -5.460 -23.460 36.497 -1.734
27.420 -5.460 -23.460 36.497 -1.689
26.640 -5.220 -26.040 37.617 -1.689
26.640 -5.220 -26.040 37.617 -1.696
25.800 -3.960 -28.560 38.691 -1.696
25.800 -3.960 -28.560 38.691 -1.721
25.140 -2.400 -30.420 39.537 -1.721
25.140 -2.400 -30.420 39.537 -1.541
24.180 -.540 -31.920 40.048 -1.541
24.180 -.540 -31.920 40.048 -1.403
22.680 2.040 -32.820 39.946 -1.496
22.680 2.040 -32.820 39.946 -1.496
21.300 4.320 -32.700 39.264 -1.203
21.300 4.320 -32.700 39.264 -1.203
19.140 6.660 -32.100 37.962 -1.017
19.140 6.660 -32.100 37.962 -1.017
16.800 10.140 -30.900 36.604 -1.102
16.800 10.140 -30.900 36.604 -.793
14.400 12.120 -29.940 35.365 -.793
14.400 12.120 -29.940 35.365 -.609
11.820 14.340 -29.160 34.578 -.609
11.820 14.340 -29.160 34.578 -.750
9.660 16.620 -28.320 34.228 -.750
9.660 16.620 -28.320 34.228 -.493
7.620 17.880 -27.840 33.953 -.493
7.620 17.880 -27.840 33.953 -.361
6.120 19.620 -27.780 34.556 -.238
6.120 19.620 -27.780 34.556 -.238
5.100 21.300 -27.120 34.860 -.143
4.380 21.420 -28.440 35.872 -.143
4.380 21.420 -28.440 35.872 -.071
4.380 21.420 -28.440 35.872 -.071
3.600 21.300 -28.680 35.905 -.105
3.600 21.300 -28.680 35.905 -.105
3.360 20.400 -28.860 35.501 -.462
3.360 20.400 -28.860 35.501 -.115
2.880 17.940 -29.760 34.868 -.115
1.980 16.920 -29.640 34.187 -.085
1.980 16.920 -29.640 34.187 -.085
1.980 16.920 -29.640 34.187 .080
1.800 15.720 -29.580 33.546 .080
1.800 15.720 -29.580 33.546 -.042
1.080 14.880 -29.640 33.183 -.042
.900 15.660 -29.040 33.006 .048
.900 15.660 -29.040 33.006 -.090
.660 16.800 -28.200 32.832 -.090
.660 16.800 -28.200 32.832 -.023
.060 18.720 -28.380 33.998 -.023
.060 18.720 -28.380 33.998 -.040
-.540 21.240 -28.200 35.308 -.040
-.540 21.240 -28.200 35.308 -.002
-1.860 23.760 -28.560 37.198 -.002
-1.860 23.760 -28.560 37.198 .175
-2.580 25.380 -29.640 39.107 .134
-2.580 25.380 -29.640 39.107 .134
-2.760 26.940 -30.120 40.504 .087
-2.760 26.940 -30.120 40.504 .087
-3.240 27.840 -32.160 42.659 .049
-3.240 27.840 -32.160 42.659 .049
-3.780 27.840 -34.020 44.122 .086
-3.780 27.840 -34.020 44.122 .137
-3.840 28.140 -35.760 45.666 .137
-3.840 28.140 -35.760 45.666 .326
-4.500 27.420 -38.640 47.594 .326
-4.500 27.420 -38.640 47.594 .201
-4.620 26.700 -40.800 48.978 .201
-4.620 26.700 -40.800 48.978 .157
-4.140 26.940 -43.800 51.588 .157
-4.140 26.940 -43.800 51.588 -.134
-4.260 26.940 -47.520 54.791 .168
-4.260 26.940 -47.520 54.791 .168
-4.800 27.540 -50.280 57.529 .189
-4.800 27.540 -50.280 57.529 .189
-4.920 28.920 -52.800 60.402 .478
-4.920 28.920 -52.800 60.402 .478
-4.860 29.520 -54.600 62.259 .262
-4.860 29.520 -54.600 62.259 .223
-3.960 31.140 -54.660 63.033 .223
-3.960 31.140 -54.660 63.033 .162
-2.160 32.760 -53.760 62.992 .162
-2.160 32.760 -53.760 62.992 .085
-.840 33.600 -52.440 62.287 .085
-.840 33.600 -52.440 62.287 .043
.420 35.160 -49.860 61.012 .043
.420 35.160 -49.860 61.012 -.037
1.560 35.160 -47.280 58.941 .030
1.560 35.160 -47.280 58.941 .030
3.240 34.440 -44.820 56.617 .023
3.240 34.440 -44.820 56.617 .023
5.640 33.720 -41.400 53.692 -.114
5.640 33.720 -41.400 53.692 -.114
7.800 31.440 -38.760 50.514 -.234
7.800 31.440 -38.760 50.514 -.234
9.780 29.340 -35.640 47.188 -.190
9.780 29.340 -35.640 47.188 -.256
11.460 27.600 -32.460 44.122 -.256
11.460 27.600 -32.460 44.122 -.279
13.260 26.340 -29.280 41.556 -.279
13.260 26.340 -29.280 41.556 -.339
15.780 25.440 -26.460 39.954 -.339
15.780 25.440 -26.460 39.954 -.484
18.360 24.420 -24.180 38.963 -.484
18.360 24.420 -24.180 38.963 -.735
20.880 23.820 -22.320 38.750 -.643
20.880 23.820 -22.320 38.750 -.643
22.380 22.920 -20.760 38.173 -.706
22.380 22.920 -20.760 38.173 -.706
23.880 22.800 -19.320 38.254 -.686
23.880 22.800 -19.320 38.254 -.686
24.660 22.560 -18.060 37.990 -.708
24.660 22.560 -18.060 37.990 -.708
24.900 22.500 -16.920 37.584 -.754
24.900 22.500 -16.920 37.584 -.864
25.440 22.080 -16.320 37.431 -.864
25.440 22.080 -16.320 37.431 -.793
24.480 21.600 -16.380 36.526 -.793
24.480 21.600 -16.380 36.526 -.792
23.580 22.260 -15.660 36.011 -.792
23.580 22.260 -15.660 36.011 -.838
22.500 22.980 -15.180 35.564 -.741
22.500 22.980 -15.180 35.564 -.741
20.580 24.600 -14.700 35.282 -.643
20.580 24.600 -14.700 35.282 -.643
19.320 26.400 -12.780 35.122 -.614
19.320 26.400 -12.780 35.122 -.614
17.340 27.840 -11.460 34.743 -.654
17.340 27.840 -11.460 34.743 -.654
14.940 29.760 -10.140 34.809 -.540
14.940 29.760 -10.140 34.809 -.441
12.360 31.320 -8.700 34.776 -.441
12.360 31.320 -8.700 34.776 -.344
9.420 32.460 -7.920 34.715 -.344
9.420 32.460 -7.920 34.715 -.254
7.260 32.940 -7.440 34.541 -.254
7.260 32.940 -7.440 34.541 -.211
5.700 32.640 -7.200 33.907 -.211
5.700 32.640 -7.200 33.907 -.220
4.800 32.100 -7.440 33.299 -.140
4.800 32.100 -7.440 33.299 -.140
3.600 31.260 -8.400 32.569 -.100
3.600 31.260 -8.400 32.569 -.100
1.920 30.000 -10.080 31.706 .024
1.920 30.000 -10.080 31.706 .024
.240 28.440 -12.420 31.035 -.050
.240 28.440 -12.420 31.035 -.050
-1.860 26.700 -14.400 30.393 .020
-1.860 26.700 -14.400 30.393 .079
-3.540 25.080 -15.420 29.653 .079
-3.540 25.080 -15.420 29.653 .154
-5.280 23.640 -16.200 29.140 .154
-5.280 23.640 -16.200 29.140 .216
-7.140 22.740 -16.380 28.920 .216
-7.140 22.740 -16.380 28.920 .352
-8.580 22.380 -16.380 29.031 .412
-8.580 22.380 -16.380 29.031 .412
-9.720 22.260 -16.800 29.533 .435
-9.720 22.260 -16.800 29.533 .435
-10.200 23.100 -15.960 29.873 .434
-10.200 23.100 -15.960 29.873 .434
-10.440 24.420 -14.580 30.297 .423
-10.440 24.420 -14.580 30.297 .423
-10.920 25.620 -13.860 31.108 .396
-10.920 25.620 -13.860 31.108 .414
-11.760 27.240 -12.240 32.096 .414
-11.760 27.240 -12.240 32.096 .411
-12.300 29.640 -11.820 34.198 .411
-12.300 29.640 -11.820 34.198 .416
-12.540 31.500 -11.280 35.731 .416
-12.540 31.500 -11.280 35.731 .359
-12.360 33.840 -10.620 37.559 .362
-12.360 33.840 -10.620 37.559 .335
-12.420 35.880 -11.400 39.643 .335
-12.420 35.880 -11.400 39.643 .320
-13.740 36.840 -11.760 41.040 .320
-13.740 36.840 -11.760 41.040 .347
-15.060 38.040 -12.540 42.791 .347
-15.060 38.040 -12.540 42.791 .376
-16.800 37.920 -14.760 44.023 .376
-16.800 37.920 -14.760 44.023 .422
-17.160 38.220 -16.260 44.940 .424
-17.160 38.220 -16.260 44.940 .424
-17.760 37.920 -17.640 45.437 .400
-17.760 37.920 -17.640 45.437 .400
-18.540 36.780 -20.100 45.831 .442
-18.540 36.780 -20.100 45.831 .442
-18.600 35.820 -21.180 45.581 .473
-18.600 35.820 -21.180 45.581 .473
-19.260 34.200 -22.560 45.272 .474
-19.260 34.200 -22.560 45.272 .497
-18.900 31.860 -25.440 44.938 .497
-17.340 30.480 -27.780 44.737 .528
-17.340 30.480 -27.780 44.737 .528
-17.340 30.480 -27.780 44.737 .476
-16.140 29.580 -30.240 45.276 .476
-14.640 28.260 -34.860 47.204 .531
-14.640 28.260 -34.860 47.204 .434
-12.660 29.220 -37.860 49.472 .434
-12.660 29.220 -37.860 49.472 .390
-10.980 30.660 -40.860 52.251 .390
-10.980 30.660 -40.860 52.251 .359
-8.460 32.640 -44.460 55.800 .359
-8.460 32.640 -44.460 55.800 .262
-5.880 36.300 -45.420 58.440 .262
-5.880 36.300 -45.420 58.440 .120
-4.020 39.360 -46.080 60.735 .175
-4.020 39.360 -46.080 60.735 .175
-3.780 41.760 -46.740 62.792 .056
-3.780 41.760 -46.740 62.792 .056
-4.080 43.800 -45.000 62.929 .063
-4.080 43.800 -45.000 62.929 .063
-4.380 44.820 -43.680 62.737 .097
-4.380 44.820 -43.680 62.737 .097
-4.680 44.820 -43.140 62.384 .114
-4.680 44.820 -43.140 62.384 .090
-4.980 44.520 -40.860 60.633 .090
-4.980 44.520 -40.860 60.633 -.064
-5.940 43.380 -39.960 59.278 -.064
-5.940 43.380 -39.960 59.278 .103
-8.460 41.220 -38.580 57.088 .103
-8.460 41.220 -38.580 57.088 .208
-11.100 39.240 -36.540 54.755 .208
-11.100 39.240 -36.540 54.755 .559
-12.960 36.600 -35.460 52.583 .247
-12.960 36.600 -35.460 52.583 .247
-13.800 34.200 -34.320 50.378 .298
-13.800 34.200 -34.320 50.378 .298
-13.800 32.580 -32.520 48.057 .146
-13.800 32.580 -32.520 48.057 .146
-13.860 30.720 -30.900 45.723 .357
-13.860 30.720 -30.900 45.723 .357
-14.040 29.640 -28.800 43.647 .387
-14.040 29.640 -28.800 43.647 .596
-14.580 28.260 -26.220 41.215 .596
-14.580 28.260 -26.220 41.215 .443
-14.520 27.120 -24.180 39.128 .443
-14.520 27.120 -24.180 39.128 .459
-13.800 26.940 -22.320 37.608 .459
-13.800 26.940 -22.320 37.608 .501
-13.260 26.580 -20.340 36.001 .501
-13.260 26.580 -20.340 36.001 .444
-13.080 26.880 -18.900 35.367 .438
-13.080 26.880 -18.900 35.367 .438
-13.260 27.120 -17.400 34.844 .493
-13.260 27.120 -17.400 34.844 .493
-13.860 27.180 -15.900 34.404 .482
-13.860 27.180 -15.900 34.404 .482
-14.220 27.300 -15.420 34.428 .464
-14.220 27.300 -15.420 34.428 .453
-14.340 27.600 -15.000 34.531 .453
-14.340 27.600 -15.000 34.531 .483
-15.060 27.960 -15.540 35.356 .483
-15.060 27.960 -15.540 35.356 .454
-15.840 28.200 -16.380 36.255 .454
-15.840 28.200 -16.380 36.255 .515
-17.400 27.900 -17.280 37.145 .515
-17.400 27.900 -17.280 37.145 .543
-18.960 27.600 -18.780 38.392 .559
-18.960 27.600 -18.780 38.392 .559
-19.860 27.060 -20.160 39.155 .560
-19.860 27.060 -20.160 39.155 .560
-20.760 26.340 -20.820 39.475 .411
-20.760 26.340 -20.820 39.475 .411
-21.660 25.260 -21.720 39.736 .606
-21.660 25.260 -21.720 39.736 .606
-22.080 24.540 -20.580 38.901 .677
-22.080 24.540 -20.580 38.901 .825
-22.980 23.460 -18.960 37.920 .825
-22.980 23.460 -18.960 37.920 .717
-23.580 22.680 -17.400 37.056 .717
-23.580 22.680 -17.400 37.056 .774
-22.860 23.340 -14.820 35.874 .774
-22.860 23.340 -14.820 35.874 .793
-23.040 23.340 -12.720 35.177 .793
-23.040 23.340 -12.720 35.177 .771
-22.920 23.580 -10.800 34.612 .753
-22.920 23.580 -10.800 34.612 .753
-22.980 24.120 -9.360 34.604 .807
-22.980 24.120 -9.360 34.604 .807
-23.400 24.360 -8.700 34.881 .772
-23.400 24.360 -8.700 34.881 .772
-23.100 24.960 -9.360 35.274 .759
-23.100 24.960 -9.360 35.274 .759
-22.500 26.460 -10.560 36.303 .732
-22.500 26.460 -10.560 36.303 .719
-21.780 27.060 -12.180 36.810 .719
-21.780 27.060 -12.180 36.810 .656
-21.540 27.360 -13.860 37.479 .656
-21.540 27.360 -13.860 37.479 .642
-20.940 27.420 -15.540 37.840 .642
-20.940 27.420 -15.540 37.840 .680
-20.220 26.760 -17.340 37.757 .619
-20.220 26.760 -17.340 37.757 .619
-19.140 26.280 -18.240 37.278 .589
-19.140 26.280 -18.240 37.278 .589
-17.040 26.220 -18.600 36.384 .423
-17.040 26.220 -18.600 36.384 .423
-15.660 25.440 -19.020 35.415 .518
-15.660 25.440 -19.020 35.415 .518
-14.520 25.500 -17.460 34.146 .527
-14.520 25.500 -17.460 34.146 .625
-13.380 26.100 -16.200 33.506 .625
-13.380 26.100 -16.200 33.506 .435
-12.420 26.520 -15.600 33.180 .435
-12.420 26.520 -15.600 33.180 .440
-10.980 28.200 -13.560 33.161 .440
-10.980 28.200 -13.560 33.161 .354
-9.360 29.760 -13.620 34.041 .354
-9.360 29.760 -13.620 34.041 .321
-7.920 31.500 -13.620 35.220 .238
-7.920 31.500 -13.620 35.220 .238
-7.140 33.300 -13.680 36.702 .236
-7.140 33.300 -13.680 36.702 .236
-6.480 35.220 -15.120 38.872 .261
-6.480 35.220 -15.120 38.872 .261
-5.820 36.240 -17.400 40.620 .191
-5.820 36.240 -17.400 40.620 .167
-4.560 37.020 -20.100 42.371 .167
-4.560 37.020 -20.100 42.371 .126
-3.480 37.500 -23.580 44.434 .126
-3.480 37.500 -23.580 44.434 .085
-3.720 36.240 -27.480 45.633 .085
-3.720 36.240 -27.480 45.633 .166
-4.380 34.800 -30.240 46.311 .166
-4.380 34.800 -30.240 46.311 .247
-5.940 32.220 -33.240 46.672 .224
-5.940 32.220 -33.240 46.672 .224
-7.440 29.400 -35.340 46.569 .242
-7.440 29.400 -35.340 46.569 .242
-7.680 28.080 -36.420 46.625 -.017
-7.680 28.080 -36.420 46.625 -.017
-8.100 26.220 -37.380 46.372 .227
-8.100 26.220 -37.380 46.372 .227
-8.880 25.440 -37.860 46.470 .254
-8.880 25.440 -37.860 46.470 .557
-8.940 24.960 -37.620 46.024 .557
-8.940 24.960 -37.620 46.024 .372
-8.880 23.340 -38.520 45.906 .372
-8.880 23.340 -38.520 45.906 .362
-8.220 23.220 -39.120 46.229 .362
-8.220 23.220 -39.120 46.229 .401
-6.900 23.520 -40.140 47.032 .401
-6.900 23.520 -40.140 47.032 .331
-6.420 23.100 -42.120 48.466 .166
-6.420 23.100 -42.120 48.466 .166
-5.940 23.700 -43.200 49.631 .373
-5.940 23.700 -43.200 49.631 .373
-6.000 23.040 -45.600 51.441 .472
-6.000 23.040 -45.600 51.441 .472
-6.060 21.060 -47.340 52.166 .272
-6.060 21.060 -47.340 52.166 .222
-5.460 19.200 -49.140 53.040 .222
-5.460 19.200 -49.140 53.040 .182
-5.640 16.740 -50.100 53.123 .182
-5.640 16.740 -50.100 53.123 .202
-5.640 14.280 -49.500 51.826 .202
-5.640 14.280 -49.500 51.826 .331
-6.180 12.540 -48.000 49.994 .331
-6.180 12.540 -48.000 49.994 .753
-6.000 12.120 -45.300 47.276 .382
-6.000 12.120 -45.300 47.276 .382
-6.480 11.820 -43.020 45.082 .373
-6.480 11.820 -43.020 45.082 .373
-6.240 13.740 -40.140 42.883 -.055
-6.240 13.740 -40.140 42.883 -.055
-6.360 16.140 -37.800 41.591 .231
-6.360 16.140 -37.800 41.591 .231
-7.080 18.600 -36.540 41.608 .359
-6.660 22.260 -35.520 42.444 .632
-6.660 22.260 -35.520 42.444 .632
-6.660 22.260 -35.520 42.444 .283
-6.480 24.540 -36.000 44.048 .283
-4.860 27.420 -37.320 46.565 .233
-4.860 27.420 -37.320 46.565 .233
-4.860 27.420 -37.320 46.565 .149
-3.420 29.400 -38.580 48.626 .149
-3.420 29.400 -38.580 48.626 .106
-2.580 29.760 -40.920 50.663 .037
-2.580 29.760 -40.920 50.663 .037
-1.860 30.480 -42.720 52.512 .175
-1.860 30.480 -42.720 52.512 .175
-1.200 30.180 -45.000 54.197 .088
-1.200 30.180 -45.000 54.197 .088
-1.080 28.620 -47.040 55.073 .072
-1.080 28.620 -47.040 55.073 .072
-.480 27.660 -47.760 55.194 .056
-.780 24.720 -48.600 54.531 -.073
-.780 24.720 -48.600 54.531 -.073
-.780 24.720 -48.600 54.531 .028
-1.980 21.600 -48.000 52.673 .028
-1.980 21.600 -48.000 52.673 .085
-3.360 19.740 -46.740 50.849 .085
-5.040 17.460 -44.280 47.864 .508
-5.040 17.460 -44.280 47.864 .255
-6.540 17.220 -41.220 45.149 .255
-6.540 17.220 -41.220 45.149 .332
-8.220 17.940 -38.100 42.907 .332
-8.220 17.940 -38.100 42.907 .345
-9.660 19.080 -34.860 40.897 .345
-9.660 19.080 -34.860 40.897 .386
-12.000 21.180 -32.700 40.766 .386
-12.000 21.180 -32.700 40.766 .419
-13.620 23.340 -30.660 40.869 .655
-13.620 23.340 -30.660 40.869 .655
-15.420 25.800 -29.520 42.129 .565
-15.420 25.800 -29.520 42.129 .565
-16.380 28.260 -29.220 43.826 .524
-16.380 28.260 -29.220 43.826 .524
-16.620 30.240 -28.560 44.792 .590
-16.620 30.240 -28.560 44.792 .493
-17.160 31.620 -28.620 45.972 .493
-17.160 31.620 -28.620 45.972 .432
-16.860 32.340 -27.720 45.810 .432
-16.860 32.340 -27.720 45.810 .468
-17.280 32.580 -26.040 45.146 .468
-17.280 32.580 -26.040 45.146 .512
-16.740 32.820 -24.420 44.201 .512
-16.740 32.820 -24.420 44.201 .464
-15.420 33.840 -21.240 42.826 .419
-15.420 33.840 -21.240 42.826 .419
-14.100 34.920 -18.180 41.818 .264
-14.100 34.920 -18.180 41.818 .264
-11.820 36.180 -16.080 41.319 .340
-11.820 36.180 -16.080 41.319 .340
-9.720 37.680 -14.460 41.513 .294
-9.720 37.680 -14.460 41.513 .294
-7.740 39.360 -14.100 42.520 .326
-7.740 39.360 -14.100 42.520 .202
-5.280 40.920 -15.000 43.901 .202
-5.280 40.920 -15.000 43.901 .130
-3.000 42.300 -15.540 45.164 .130
-3.000 42.300 -15.540 45.164 .064
.000 43.380 -17.520 46.784 .064
.000 43.380 -17.520 46.784 .019
2.700 43.080 -20.820 47.923 .019
2.700 43.080 -20.820 47.923 -.057
4.620 42.960 -24.540 49.690 -.125
4.620 42.960 -24.540 49.690 -.125
6.240 41.280 -30.300 51.586 -.058
6.240 41.280 -30.300 51.586 -.058
7.620 38.640 -35.460 52.996 -.095
7.620 38.640 -35.460 52.996 -.095
9.360 36.120 -39.780 54.541 -.192
9.360 36.120 -39.780 54.541 -.192
10.740 32.220 -43.500 55.188 -.227
10.740 32.220 -43.500 55.188 -.323
12.420 29.340 -45.540 55.579 -.323
12.420 29.340 -45.540 55.579 -.312
13.680 26.940 -46.620 55.555 -.312
13.680 26.940 -46.620 55.555 -.397
14.580 24.180 -47.220 55.018 -.397
14.580 24.180 -47.220 55.018 -.383
16.200 22.260 -47.280 54.711 -.383
16.200 22.260 -47.280 54.711 -.484
17.460 21.240 -46.980 54.434 -.879
17.460 21.240 -46.980 54.434 -.879
17.880 20.820 -47.160 54.564 -.578
17.880 20.820 -47.160 54.564 -.578
18.180 22.680 -47.100 55.347 -.601
18.180 22.680 -47.100 55.347 -.601
18.600 25.560 -47.640 57.174 -.370
18.600 25.560 -47.640 57.174 -.484
18.420 27.240 -48.060 58.233 -.484
18.420 27.240 -48.060 58.233 -.490
18.780 29.160 -47.940 59.171 -.490
18.780 29.160 -47.940 59.171 -.625
18.900 29.160 -48.060 59.307 -.625
18.900 29.160 -48.060 59.307 -.552
18.060 27.780 -47.460 57.882 -.552
18.060 27.780 -47.460 57.882 -.462
17.820 27.960 -45.480 56.283 -.603
17.820 27.960 -45.480 56.283 -.603
17.580 27.720 -43.080 54.160 -.508
17.580 27.720 -43.080 54.160 -.508
17.460 28.080 -39.600 51.590 -.432
17.460 28.080 -39.600 51.590 -.432
18.060 29.580 -36.240 50.145 -.581
18.060 29.580 -36.240 50.145 -.581
18.300 31.080 -33.480 49.211 -.509
18.300 31.080 -33.480 49.211 -.467
17.400 33.780 -31.380 49.280 -.467
17.400 33.780 -31.380 49.280 -.440
16.020 36.540 -31.320 50.722 -.440
16.020 36.540 -31.320 50.722 -.364
14.040 39.600 -31.620 52.584 -.364
14.040 39.600 -31.620 52.584 -.276
11.460 41.280 -33.480 54.372 -.241
11.460 41.280 -33.480 54.372 -.241
9.480 42.240 -36.480 56.612 -.264
9.480 42.240 -36.480 56.612 -.264
7.680 42.060 -39.480 58.195 -.161
7.680 42.060 -39.480 58.195 -.161
5.400 41.160 -42.720 59.568 -.162
5.400 41.160 -42.720 59.568 -.162
3.900 40.020 -46.320 61.338 .146
3.900 40.020 -46.320 61.338 -.031
2.640 36.360 -49.320 61.331 -.031
2.640 36.360 -49.320 61.331 -.073
1.140 33.180 -50.100 60.102 -.073
1.140 33.180 -50.100 60.102 -.303
.180 28.980 -51.000 58.659 -.303
.180 28.980 -51.000 58.659 -.070
-1.140 25.020 -49.740 55.690 -.070
-1.140 25.020 -49.740 55.690 .120
-2.160 22.500 -47.340 52.459 .462
-2.160 22.500 -47.340 52.459 .462
-3.000 20.160 -44.700 49.128 .168
-3.000 20.160 -44.700 49.128 .168
-3.240 18.540 -41.340 45.423 .166
-3.240 18.540 -41.340 45.423 .166
-2.460 17.760 -37.680 41.728 .265
-2.460 17.760 -37.680 41.728 .265
-1.860 18.060 -34.560 39.039 .132
-1.860 18.060 -34.560 39.039 .044
-1.200 19.020 -33.060 38.160 .044
-1.200 19.020 -33.060 38.160 .095
-.600 20.280 -31.800 37.721 .095
-.600 20.280 -31.800 37.721 .103
.120 21.420 -32.640 39.041 .103
.120 21.420 -32.640 39.041 .069
1.200 22.740 -33.540 40.540 -.045
1.200 22.740 -33.540 40.540 -.045
2.580 23.640 -35.100 42.397 -.100
2.580 23.640 -35.100 42.397 -.100
3.780 23.520 -37.140 44.123 -.162
3.780 23.520 -37.140 44.123 -.162
4.620 23.220 -37.440 44.297 -.182
4.620 23.220 -37.440 44.297 -.182
5.340 22.080 -38.340 44.565 -.118
5.340 22.080 -38.340 44.565 -.104
6.420 20.700 -37.380 43.208 -.104
6.420 20.700 -37.380 43.208 -.174
7.680 19.980 -36.120 41.986 -.174
7.680 19.980 -36.120 41.986 -.639
8.580 18.660 -35.400 40.926 -.639
9.240 17.640 -33.720 39.161 -.323
9.240 17.640 -33.720 39.161 -.323
9.480 16.620 -33.120 38.250 -.403
9.480 16.620 -33.120 38.250 -.113
9.420 15.300 -32.220 36.891 -.113
9.420 15.300 -32.220 36.891 -.393
9.420 15.300 -32.220 36.891 -.393
9.300 14.160 -31.140 35.450 -.407
9.300 14.160 -31.140 35.450 -.407
9.300 13.140 -30.240 34.258 -.887
9.300 13.140 -30.240 34.258 -.887
8.880 12.120 -28.560 32.271 -.382
8.880 12.120 -28.560 32.271 -.483
8.460 11.940 -26.460 30.237 -.483
7.740 12.480 -23.820 27.983 -.684
7.740 12.480 -23.820 27.983 -.684
7.740 12.480 -23.820 27.983 -.425
7.140 13.440 -21.360 26.227 -.425
6.600 15.480 -19.140 25.486 -.343
6.600 15.480 -19.140 25.486 -.473
6.000 17.880 -17.160 25.498 -.473
6.000 17.880 -17.160 25.498 -.252
5.460 21.060 -16.440 27.269 -.252
5.460 21.060 -16.440 27.269 -.254
4.380 24.300 -15.720 29.271 -.254
4.380 24.300 -15.720 29.271 -.124
3.480 27.600 -15.420 31.806 -.124
3.480 27.600 -15.420 31.806 -.083
2.400 30.300 -16.980 34.816 -.091
2.400 30.300 -16.980 34.816 -.091
1.440 32.220 -18.420 37.142 -.032
1.440 32.220 -18.420 37.142 -.032
.420 33.840 -21.000 39.829 -.313
.420 33.840 -21.000 39.829 -.313
-1.380 33.840 -24.720 41.930 .010
-1.380 33.840 -24.720 41.930 .010
-3.600 33.720 -26.940 43.310 .040
-3.600 33.720 -26.940 43.310 .359
-6.480 32.160 -30.600 44.862 .359
-6.480 32.160 -30.600 44.862 .132
-8.100 30.180 -33.720 45.973 .132
-8.100 30.180 -33.720 45.973 .246
-9.060 29.160 -34.740 46.252 .246
-9.060 29.160 -34.740 46.252 .271
-9.480 27.660 -36.480 46.752 .271
-9.480 27.660 -36.480 46.752 .342
-9.660 27.120 -35.880 46.002 .293
-9.660 27.120 -35.880 46.002 .293
-10.620 26.880 -34.560 45.052 .507
-10.620 26.880 -34.560 45.052 .507
-11.820 25.800 -33.420 43.843 .461
-11.820 25.800 -33.420 43.843 .461
-11.940 25.380 -31.800 42.402 .443
-11.940 25.380 -31.800 42.402 .498
-11.220 25.500 -30.300 41.161 .498
-11.220 25.500 -30.300 41.161 .461
-10.620 24.720 -29.820 40.163 .461
-10.620 24.720 -29.820 40.163 .322
-9.780 25.080 -29.460 39.907 .322
-9.780 25.080 -29.460 39.907 .329
-9.300 25.200 -29.220 39.691 .329
-9.300 25.200 -29.220 39.691 .360
-8.280 24.840 -30.540 40.228 .328
-8.280 24.840 -30.540 40.228 .328
-6.600 25.500 -31.260 40.878 .155
-6.600 25.500 -31.260 40.878 .155
-4.800 25.500 -33.360 42.263 .225
-4.800 25.500 -33.360 42.263 .225
-3.240 25.380 -35.400 43.678 .121
-3.240 25.380 -35.400 43.678 .106
-1.980 26.280 -36.900 45.345 .106
-1.980 26.280 -36.900 45.345 .234
-.900 26.220 -38.700 46.755 .234
-.900 26.220 -38.700 46.755 -.017
.360 26.580 -39.960 47.994 -.017
.360 26.580 -39.960 47.994 .026
1.980 26.940 -40.860 48.982 .026
1.980 26.940 -40.860 48.982 -.486
3.060 27.180 -41.160 49.419 -.046
3.060 27.180 -41.160 49.419 -.046
3.240 27.600 -40.500 49.117 -.068
3.240 27.600 -40.500 49.117 -.068
3.300 28.260 -38.880 48.179 .213
3.300 28.260 -38.880 48.179 .213
2.580 28.020 -37.380 46.787 -.014
2.580 28.020 -37.380 46.787 -.014
1.740 28.020 -36.240 45.842 -.044
1.740 28.020 -36.240 45.842 -.184
.900 28.140 -35.520 45.325 -.184
.900 28.140 -35.520 45.325 .013
-.540 27.540 -36.240 45.520 .013
-.540 27.540 -36.240 45.520 -.022
-1.020 28.620 -36.780 46.615 -.022
-1.020 28.620 -36.780 46.615 .127
-1.140 29.100 -37.380 47.385 .127
-1.140 29.100 -37.380 47.385 .095
-.840 28.740 -39.540 48.889 .110
-.840 28.740 -39.540 48.889 .110
.000 29.160 -40.920 50.247 .098
.000 29.160 -40.920 50.247 .098
.480 28.320 -43.020 51.507 .005
.480 28.320 -43.020 51.507 .005
.000 26.700 -45.180 52.480 .046
.000 26.700 -45.180 52.480 .046
-.660 26.460 -46.200 53.245 .104
-.660 26.460 -46.200 53.245 .114
-1.140 25.680 -47.520 54.027 .114
-1.140 25.680 -47.520 54.027 .107
-2.760 25.080 -48.480 54.653 .107
-2.760 25.080 -48.480 54.653 .074
-3.780 25.800 -49.440 55.895 .074
-3.780 25.800 -49.440 55.895 .110
-5.580 25.260 -50.100 56.385 .176
-5.580 25.260 -50.100 56.385 .176
-7.860 25.020 -50.460 56.868 .284
-7.860 25.020 -50.460 56.868 .284
-9.780 24.840 -50.760 57.352 .419
-9.780 24.840 -50.760 57.352 .419
-12.360 23.520 -50.700 57.240 .356
-12.360 23.520 -50.700 57.240 .356
-13.440 23.400 -50.400 57.170 .423
-13.440 23.400 -50.400 57.170 -.092
-14.460 23.100 -49.620 56.611 -.092
-14.460 23.100 -49.620 56.611 .373
-16.380 22.440 -48.360 55.772 .373
-16.380 22.440 -48.360 55.772 .627
-16.860 22.740 -46.620 54.542 .627
-16.860 22.740 -46.620 54.542 .896
-19.500 22.320 -44.160 53.184 .896
-19.500 22.320 -44.160 53.184 .624
-21.780 22.620 -41.820 52.297 .674
-21.780 22.620 -41.820 52.297 .674
-22.800 24.300 -38.460 50.887 .795
-22.800 24.300 -38.460 50.887 .795
-24.660 25.980 -35.040 50.109 .719
-24.660 25.980 -35.040 50.109 .719
-25.560 28.380 -32.100 49.891 .690
-25.560 28.380 -32.100 49.891 .802
-26.820 30.060 -29.160 49.731 .802
-26.820 30.060 -29.160 49.731 .762
-28.380 31.080 -27.060 50.036 .762
-28.380 31.080 -27.060 50.036 .722
-29.460 31.740 -25.320 50.164 .722
-29.460 31.740 -25.320 50.164 .807
-29.940 31.620 -23.520 49.492 .807
-29.940 31.620 -23.520 49.492 .771
-30.180 31.200 -21.420 48.405 .750
-30.180 31.200 -21.420 48.405 .750
-29.940 30.480 -19.200 46.841 .796
-29.940 30.480 -19.200 46.841 .796
-30.540 29.100 -16.080 45.145 .842
-30.540 29.100 -16.080 45.145 .842
-29.940 29.040 -13.020 43.695 .789
-29.940 29.040 -13.020 43.695 .789
-29.100 29.700 -9.060 42.556 .781
-29.100 29.700 -9.060 42.556 .780
-27.960 30.600 -6.300 41.926 .780
-27.960 30.600 -6.300 41.926 .730
-25.500 32.640 -4.680 41.684 .730
-25.500 32.640 -4.680 41.684 .659
-23.400 34.380 -3.240 41.714 .659
-20.760 36.000 -3.600 41.713 .605
-20.760 36.000 -3.600 41.713 .605
-16.680 37.560 -4.680 41.363 .525
-16.680 37.560 -4.680 41.363 .413
-12.300 38.580 -6.660 41.037 .413
-12.300 38.580 -6.660 41.037 .270
-8.340 37.860 -10.440 40.149 .270
-8.340 37.860 -10.440 40.149 .213
-4.740 36.360 -15.540 39.825 .213
-4.740 36.360 -15.540 39.825 .126
-2.700 34.680 -20.100 40.175 .202
-2.700 34.680 -20.100 40.175 .202
-1.620 31.260 -26.040 40.717 .073
-1.620 31.260 -26.040 40.717 .073
-.240 28.380 -31.080 42.089 .059
-.240 28.380 -31.080 42.089 .059
.360 25.560 -35.040 43.373 -.103
.360 25.560 -35.040 43.373 -.103
.660 23.160 -39.000 45.363 .003
.660 23.160 -39.000 45.363 .027
.540 22.020 -40.740 46.313 .027
.540 22.020 -40.740 46.313 .226
.180 21.300 -42.420 47.468 .226
.180 21.300 -42.420 47.468 -.062
-.120 20.460 -43.440 48.017 -.062
-.120 20.460 -43.440 48.017 .008
-.540 19.380 -43.920 48.009 .008
-.540 19.380 -43.920 48.009 .113
-.780 18.900 -43.920 47.820 .178
-.780 18.900 -43.920 47.820 .178
-1.560 18.780 -43.920 47.792 .047
-1.560 18.780 -43.920 47.792 .047
