X Y Z F A
-7.920 -40.260 -10.920 42.460 .000
-8.340 -40.740 -11.040 43.025 2.922
-8.340 -40.740 -11.040 43.025 2.922
-8.340 -41.340 -11.400 43.687 2.943
-8.340 -41.340 -11.400 43.687 2.915
-8.040 -41.700 -11.700 44.050 2.915
-8.040 -41.700 -11.700 44.050 2.928
-7.200 -42.240 -12.420 44.613 2.928
-7.200 -42.240 -12.420 44.613 2.953
-6.360 -43.140 -12.840 45.457 2.953
-6.360 -43.140 -12.840 45.457 2.983
-5.580 -44.160 -13.980 46.655 3.048
-5.580 -44.160 -13.980 46.655 3.048
-4.440 -45.720 -16.080 48.668 3.055
-4.440 -45.720 -16.080 48.668 3.055
-3.960 -47.220 -18.540 50.884 3.085
-3.960 -47.220 -18.540 50.884 3.085
-3.120 -47.940 -21.720 52.723 3.067
-3.120 -47.940 -21.720 52.723 3.067
-2.880 -47.820 -25.320 54.186 3.061
-2.880 -47.820 -25.320 54.186 3.048
-3.060 -45.960 -29.040 54.452 3.048
-3.060 -45.960 -29.040 54.452 -3.033
-2.940 -43.500 -32.700 54.499 -3.033
-2.940 -43.500 -32.700 54.499 3.077
-3.120 -39.900 -36.600 54.234 3.077
-3.120 -39.900 -36.600 54.234 3.048
-2.820 -36.240 -39.060 53.357 3.048
-2.820 -36.240 -39.060 53.357 3.124
-4.020 -34.020 -39.840 52.543 2.942
-4.020 -34.020 -39.840 52.543 2.942
-5.100 -31.380 -39.840 50.970 3.027
-5.100 -31.380 -39.840 50.970 3.027
-6.900 -31.020 -38.700 50.075 3.023
-6.900 -31.020 -38.700 50.075 3.023
-9.420 -31.740 -37.200 49.800 2.999
-9.420 -31.740 -37.200 49.800 2.780
-11.040 -33.300 -36.180 50.396 2.780
-11.040 -33.300 -36.180 50.396 2.729
-13.020 -36.780 -34.620 52.162 2.729
-13.020 -36.780 -34.620 52.162 2.751
-15.060 -39.720 -32.400 53.425 2.751
-15.060 -39.720 -32.400 53.425 2.783
-17.040 -41.400 -30.480 54.160 2.783
-17.040 -41.400 -30.480 54.160 2.794
-19.080 -43.020 -28.020 54.771 2.794
-19.080 -43.020 -28.020 54.771 2.704
-20.400 -42.720 -25.740 53.886 2.653
-20.400 -42.720 -25.740 53.886 2.653
-21.420 -42.540 -23.820 53.253 2.651
-21.420 -42.540 -23.820 53.253 2.651
-22.620 -43.320 -21.300 53.310 2.694
-22.620 -43.320 -21.300 53.310 2.694
-23.580 -43.440 -19.980 53.313 2.557
-23.580 -43.440 -19.980 53.313 2.557
-24.600 -45.000 -18.900 54.657 2.671
-24.600 -45.000 -18.900 54.657 2.657
-24.600 -47.040 -19.560 56.573 2.657
-24.600 -47.040 -19.560 56.573 2.637
-23.520 -48.720 -21.540 58.231 2.637
-23.520 -48.720 -21.540 58.231 2.658
-22.140 -50.460 -23.820 60.032 2.658
-22.140 -50.460 -23.820 60.032 2.666
-21.000 -51.300 -26.400 61.397 2.666
-21.000 -51.300 -26.400 61.397 2.709
-19.260 -50.400 -28.380 60.963 2.761
-19.260 -50.400 -28.380 60.963 2.761
-17.880 -49.080 -29.220 59.853 2.821
-17.880 -49.080 -29.220 59.853 2.821
-15.720 -47.340 -29.880 58.146 2.739
-15.720 -47.340 -29.880 58.146 2.739
-12.660 -45.540 -30.120 56.048 2.737
-12.660 -45.540 -30.120 56.048 2.809
-10.500 -43.980 -29.940 54.230 2.809
-10.500 -43.980 -29.940 54.230 2.852
-8.640 -42.600 -30.360 53.020 2.852
-8.640 -42.600 -30.360 53.020 2.903
-7.680 -42.120 -30.360 52.486 2.903
-7.680 -42.120 -30.360 52.486 2.992
-7.560 -40.740 -31.020 51.760 2.914
-7.560 -40.740 -31.020 51.760 2.914
-7.080 -39.240 -31.800 51.001 2.934
-7.080 -39.240 -31.800 51.001 2.934
-5.940 -37.620 -32.640 50.159 2.819
-5.940 -37.620 -32.640 50.159 2.819
-4.620 -35.880 -32.760 48.805 2.945
-4.620 -35.880 -32.760 48.805 2.945
-2.940 -34.620 -32.340 47.466 3.009
-2.940 -34.620 -32.340 47.466 3.132
-1.620 -34.380 -32.040 47.023 3.132
-1.620 -34.380 -32.040 47.023 3.121
.360 -35.040 -31.680 47.239 3.121
.360 -35.040 -31.680 47.239 -3.099
2.880 -34.980 -32.520 47.848 -3.099
2.880 -34.980 -32.520 47.848 -3.063
5.580 -35.460 -33.960 49.415 -3.063
5.580 -35.460 -33.960 49.415 -2.989
8.640 -34.860 -35.940 50.809 -2.893
8.640 -34.860 -35.940 50.809 -2.893
10.860 -34.500 -39.000 53.190 -2.777
10.860 -34.500 -39.000 53.190 -2.777
13.200 -33.600 -42.360 55.656 -2.697
13.200 -33.600 -42.360 55.656 -2.697
16.140 -32.220 -45.900 58.356 -2.719
16.140 -32.220 -45.900 58.356 -2.719
18.300 -32.700 -49.440 62.036 -2.739
18.300 -32.700 -49.440 62.036 -2.554
20.460 -33.960 -52.800 66.028 -2.554
20.460 -33.960 -52.800 66.028 -2.490
21.720 -36.600 -55.680 70.083 -2.490
21.720 -36.600 -55.680 70.083 -2.510
21.960 -40.320 -58.680 74.507 -2.510
21.960 -40.320 -58.680 74.507 -2.675
22.740 -42.900 -60.540 77.605 -2.675
22.740 -42.900 -60.540 77.605 -2.664
24.060 -44.880 -61.320 79.707 -2.816
24.060 -44.880 -61.320 79.707 -2.816
25.200 -47.340 -61.440 81.554 -2.691
25.200 -47.340 -61.440 81.554 -2.691
25.320 -49.440 -60.120 81.852 -2.733
25.320 -49.440 -60.120 81.852 -2.733
24.300 -52.380 -58.500 82.197 -2.745
24.300 -52.380 -58.500 82.197 -2.706
22.740 -55.560 -55.920 82.043 -2.706
22.740 -55.560 -55.920 82.043 -2.691
19.920 -57.120 -52.980 80.414 -2.691
19.920 -57.120 -52.980 80.414 -2.856
18.240 -58.620 -49.860 79.089 -2.856
18.240 -58.620 -49.860 79.089 -2.921
16.380 -59.940 -46.560 77.646 -2.921
16.380 -59.940 -46.560 77.646 -2.844
13.740 -59.940 -43.560 75.360 -2.875
13.740 -59.940 -43.560 75.360 -2.875
12.360 -60.300 -40.740 73.815 -2.899
12.360 -60.300 -40.740 73.815 -2.899
10.560 -59.280 -38.640 71.545 -2.961
10.560 -59.280 -38.640 71.545 -2.961
10.020 -57.180 -37.320 69.013 -2.927
10.020 -57.180 -37.320 69.013 -2.927
9.840 -55.380 -36.420 67.009 -2.968
9.840 -55.380 -36.420 67.009 -2.967
8.880 -53.280 -35.940 64.879 -2.967
8.880 -53.280 -35.940 64.879 -2.952
8.160 -51.780 -35.760 63.455 -2.952
8.160 -51.780 -35.760 63.455 -2.960
7.260 -49.680 -35.400 61.433 -2.960
7.260 -49.680 -35.400 61.433 -2.932
6.660 -47.580 -34.500 59.148 -2.932
6.660 -47.580 -34.500 59.148 -3.037
6.780 -45.480 -33.600 56.950 -3.037
6.780 -45.480 -33.600 56.950 -3.014
6.840 -43.740 -32.220 54.755 -2.953
6.840 -43.740 -32.220 54.755 -2.953
6.240 -42.780 -30.120 52.690 -2.980
6.000 -42.180 -28.500 51.258 -2.980
6.000 -42.180 -28.500 51.258 -2.959
6.000 -42.180 -28.500 51.258 -2.959
6.420 -42.060 -26.040 49.883 -2.972
6.420 -42.060 -26.040 49.883 -2.984
6.900 -41.940 -23.700 48.665 -2.984
6.900 -41.940 -23.700 48.665 -3.025
7.620 -41.820 -21.960 47.846 -3.025
7.620 -41.820 -21.960 47.846 -2.978
7.800 -41.040 -20.160 46.385 -2.978
7.800 -41.040 -20.160 46.385 -2.939
6.660 -40.200 -18.600 44.792 -2.939
6.660 -40.200 -18.600 44.792 -2.988
5.880 -39.600 -16.860 43.440 -2.969
5.880 -39.600 -16.860 43.440 -2.969
5.280 -39.060 -15.240 42.259 -3.032
5.280 -39.060 -15.240 42.259 -3.032
5.100 -38.880 -13.860 41.590 -3.066
5.100 -38.880 -13.860 41.590 -3.066
6.000 -38.640 -14.160 41.588 -3.019
6.000 -38.640 -14.160 41.588 -3.019
6.900 -38.040 -15.360 41.600 -3.015
6.900 -38.040 -15.360 41.600 -2.924
7.800 -38.520 -16.260 42.533 -2.924
7.800 -38.520 -16.260 42.533 -2.932
9.300 -39.000 -18.180 44.023 -2.932
9.300 -39.000 -18.180 44.023 -2.900
10.800 -39.600 -19.680 45.520 -2.900
12.180 -41.460 -19.860 47.557 -2.879
12.180 -41.460 -19.860 47.557 -2.915
13.020 -42.180 -20.940 48.859 -2.915
13.020 -42.180 -20.940 48.859 -2.841
13.020 -43.560 -21.780 50.412 -2.841
13.020 -43.560 -21.780 50.412 -2.886
12.780 -45.300 -21.960 51.939 -2.886
12.780 -45.300 -21.960 51.939 -2.855
12.780 -45.300 -21.960 51.939 -2.855
12.720 -46.200 -23.640 53.433 -2.824
13.140 -47.520 -24.900 55.234 -2.837
13.140 -47.520 -24.900 55.234 -2.837
13.800 -48.600 -25.740 56.701 -2.868
13.800 -48.600 -25.740 56.701 -2.868
14.400 -49.200 -26.880 57.884 -2.883
14.400 -49.200 -26.880 57.884 -2.883
14.700 -50.160 -27.180 58.914 -2.826
14.700 -50.160 -27.180 58.914 -2.826
15.060 -50.340 -28.260 59.662 -2.819
15.060 -50.340 -28.260 59.662 -2.783
15.060 -50.340 -28.260 59.662 -2.783
15.660 -50.100 -28.980 59.959 -2.819
15.900 -50.220 -29.100 60.180 -2.819
15.900 -50.220 -29.100 60.180 -2.871
15.180 -50.400 -28.860 60.029 -2.871
15.180 -50.400 -28.860 60.029 -2.873
14.100 -50.700 -27.480 59.367 -2.873
14.100 -50.700 -27.480 59.367 -2.860
12.240 -51.360 -26.220 58.950 -2.839
12.240 -51.360 -26.220 58.950 -2.839
10.440 -52.200 -25.140 58.871 -2.866
10.440 -52.200 -25.140 58.871 -2.866
9.480 -52.320 -24.600 58.587 -2.940
9.480 -52.320 -24.600 58.587 -2.940
7.920 -53.340 -23.400 58.783 -3.017
7.920 -53.340 -23.400 58.783 -3.017
6.660 -53.520 -22.740 58.531 -3.023
6.660 -53.520 -22.740 58.531 -3.024
5.040 -52.920 -20.820 57.091 -3.024
5.040 -52.920 -20.820 57.091 -3.033
3.180 -51.720 -19.380 55.323 -3.033
3.180 -51.720 -19.380 55.323 -3.084
2.340 -49.680 -18.600 53.099 -3.081
2.340 -49.680 -18.600 53.099 -3.081
1.980 -47.040 -16.620 49.929 3.138
1.980 -47.040 -16.620 49.929 3.138
1.800 -44.160 -15.300 46.770 -3.119
1.800 -44.160 -15.300 46.770 -3.119
1.500 -40.620 -14.100 43.024 -3.087
1.500 -40.620 -14.100 43.024 -3.087
1.380 -37.800 -12.960 39.984 -3.103
1.380 -37.800 -12.960 39.984 -3.109
.960 -35.460 -12.480 37.604 -3.109
.960 -35.460 -12.480 37.604 -3.096
1.320 -33.540 -12.960 35.981 -3.096
1.320 -33.540 -12.960 35.981 -3.138
2.040 -34.020 -12.300 36.233 -3.085
2.040 -34.020 -12.300 36.233 -3.085
2.220 -34.500 -11.760 36.517 -3.079
2.220 -34.500 -11.760 36.517 -3.079
2.100 -35.820 -11.220 37.595 -3.094
2.100 -35.820 -11.220 37.595 -3.094
1.920 -37.980 -9.540 39.207 -3.070
1.920 -37.980 -9.540 39.207 -3.070
1.920 -40.080 -8.880 41.097 -3.065
1.920 -40.080 -8.880 41.097 -3.107
2.280 -42.240 -8.400 43.127 -3.107
2.280 -42.240 -8.400 43.127 -3.106
3.540 -45.120 -7.560 45.886 -3.106
3.540 -45.120 -7.560 45.886 -3.064
4.020 -47.400 -7.800 48.205 -3.064
4.020 -47.400 -7.800 48.205 -3.056
4.320 -49.320 -7.320 50.047 -3.056
4.320 -49.320 -7.320 50.047 -3.044
4.500 -51.720 -6.960 52.380 -3.044
4.500 -51.720 -6.960 52.380 -3.045
4.860 -53.160 -7.680 53.931 -3.053
4.860 -53.160 -7.680 53.931 -3.053
6.300 -54.780 -8.340 55.768 -3.071
6.300 -54.780 -8.340 55.768 -3.071
7.440 -55.620 -9.540 56.921 -3.034
7.440 -55.620 -9.540 56.921 -3.034
8.940 -55.680 -12.060 57.668 -3.008
8.940 -55.680 -12.060 57.668 -2.985
10.320 -55.200 -14.040 57.885 -2.985
10.320 -55.200 -14.040 57.885 -2.960
12.420 -54.180 -15.480 57.701 -2.960
12.420 -54.180 -15.480 57.701 -2.891
15.000 -52.260 -17.160 57.014 -2.891
15.000 -52.260 -17.160 57.014 -2.876
17.880 -50.520 -17.400 56.345 -2.876
17.880 -50.520 -17.400 56.345 -2.821
20.640 -49.080 -16.920 55.867 -2.728
20.640 -49.080 -16.920 55.867 -2.728
22.380 -47.280 -16.500 54.850 -2.706
22.380 -47.280 -16.500 54.850 -2.706
24.240 -46.320 -15.480 54.523 -2.655
24.240 -46.320 -15.480 54.523 -2.655
25.800 -45.000 -14.700 53.914 -2.638
25.800 -45.000 -14.700 53.914 -2.638
27.180 -43.260 -14.460 53.097 -2.644
27.180 -43.260 -14.460 53.097 -2.646
29.400 -42.060 -13.560 53.078 -2.646
29.400 -42.060 -13.560 53.078 -2.542
31.200 -40.920 -12.480 52.949 -2.542
31.200 -40.920 -12.480 52.949 -2.481
31.980 -40.260 -11.820 52.757 -2.481
31.980 -40.260 -11.820 52.757 -2.459
32.160 -39.840 -10.800 52.327 -2.459
32.160 -39.840 -10.800 52.327 -2.411
31.440 -39.300 -11.520 51.630 -2.468
31.440 -39.300 -11.520 51.630 -2.468
30.660 -38.700 -13.140 51.092 -2.503
30.660 -38.700 -13.140 51.092 -2.503
29.580 -38.220 -14.880 50.568 -2.451
29.580 -38.220 -14.880 50.568 -2.451
28.560 -38.520 -17.160 50.931 -2.493
28.560 -38.520 -17.160 50.931 -2.493
26.820 -38.880 -18.780 50.830 -2.508
26.820 -38.880 -18.780 50.830 -2.479
25.440 -39.480 -20.040 51.063 -2.479
25.440 -39.480 -20.040 51.063 -2.567
24.480 -39.180 -21.060 50.773 -2.567
24.480 -39.180 -21.060 50.773 -2.655
23.580 -38.760 -21.480 50.197 -2.655
23.580 -38.760 -21.480 50.197 -2.610
22.980 -39.300 -21.720 50.441 -2.610
22.980 -39.300 -21.720 50.441 -2.606
22.080 -40.320 -22.260 51.076 -2.658
22.080 -40.320 -22.260 51.076 -2.658
20.880 -41.280 -22.620 51.494 -2.669
20.880 -41.280 -22.620 51.494 -2.669
19.920 -42.120 -23.700 52.274 -2.627
19.920 -42.120 -23.700 52.274 -2.627
19.440 -42.060 -24.660 52.489 -2.758
19.440 -42.060 -24.660 52.489 -2.753
18.900 -42.000 -25.560 52.674 -2.753
18.900 -42.000 -25.560 52.674 -2.687
18.540 -42.660 -26.580 53.573 -2.687
18.540 -42.660 -26.580 53.573 -2.756
17.460 -43.680 -27.420 54.449 -2.756
17.460 -43.680 -27.420 54.449 -2.769
16.380 -44.520 -28.320 55.248 -2.769
16.380 -44.520 -28.320 55.248 -2.746
14.940 -44.100 -29.760 55.260 -2.746
14.940 -44.100 -29.760 55.260 -2.825
13.920 -44.040 -30.840 55.537 -2.837
13.920 -44.040 -30.840 55.537 -2.837
12.780 -43.680 -31.980 55.624 -2.851
12.780 -43.680 -31.980 55.624 -2.851
10.800 -43.080 -33.240 55.475 -2.827
10.800 -43.080 -33.240 55.475 -2.827
9.420 -42.840 -33.240 55.035 -2.787
9.420 -42.840 -33.240 55.035 -2.787
7.860 -41.460 -33.300 53.755 -2.880
7.860 -41.460 -33.300 53.755 -3.051
6.660 -39.840 -32.940 52.121 -3.051
6.660 -39.840 -32.940 52.121 -3.039
5.760 -39.120 -32.100 50.931 -3.039
5.760 -39.120 -32.100 50.931 -3.019
4.020 -38.220 -31.860 49.920 -3.019
4.020 -38.220 -31.860 49.920 -3.096
2.640 -38.460 -30.960 49.444 -3.063
2.640 -38.460 -30.960 49.444 -3.063
2.040 -39.360 -31.140 50.230 -3.104
2.040 -39.360 -31.140 50.230 -3.104
1.740 -39.840 -31.260 50.670 3.106
1.740 -39.840 -31.260 50.670 3.106
1.860 -41.160 -31.320 51.755 2.986
1.860 -41.160 -31.320 51.755 2.986
2.280 -42.480 -30.840 52.544 3.101
2.280 -42.480 -30.840 52.544 3.130
1.740 -43.140 -29.700 52.404 3.130
1.740 -43.140 -29.700 52.404 -3.102
1.800 -44.280 -27.780 52.304 -3.102
1.800 -44.280 -27.780 52.304 3.082
2.280 -44.760 -25.680 51.654 3.082
2.280 -44.760 -25.680 51.654 -3.063
3.000 -44.340 -24.360 50.680 -3.063
3.000 -44.340 -24.360 50.680 3.141
4.620 -44.400 -22.260 49.882 -3.095
4.620 -44.400 -22.260 49.882 -3.095
5.460 -43.920 -20.280 48.683 -3.028
5.460 -43.920 -20.280 48.683 -3.028
6.120 -43.320 -18.060 47.331 -3.004
6.120 -43.320 -18.060 47.331 -3.004
6.960 -43.740 -14.940 46.742 -3.002
6.960 -43.740 -14.940 46.742 -2.982
7.620 -44.280 -11.400 46.355 -2.982
7.620 -44.280 -11.400 46.355 -2.980
9.120 -45.660 -7.980 47.241 -2.980
9.120 -45.660 -7.980 47.241 -2.963
10.920 -48.420 -4.440 49.834 -2.963
10.920 -48.420 -4.440 49.834 -2.924
12.360 -51.600 -2.580 53.122 -2.924
12.360 -51.600 -2.580 53.122 -2.907
14.280 -55.080 -2.040 56.938 -2.886
14.280 -55.080 -2.040 56.938 -2.886
15.660 -58.200 -3.120 60.351 -2.880
15.660 -58.200 -3.120 60.351 -2.880
16.920 -60.780 -5.220 63.307 -2.871
17.820 -62.040 -8.220 65.070 -2.871
17.820 -62.040 -8.220 65.070 -2.868
17.820 -63.180 -10.740 66.518 -2.867
17.820 -63.180 -10.740 66.518 -2.867
17.820 -63.180 -10.740 66.518 -2.868
17.520 -63.900 -13.620 67.644 -2.868
17.520 -63.900 -13.620 67.644 -2.872
17.400 -63.720 -17.460 68.322 -2.872
17.400 -63.720 -17.460 68.322 -2.869
17.580 -63.480 -20.580 69.009 -2.869
18.180 -62.100 -23.700 68.910 -2.909
18.180 -62.100 -23.700 68.910 -2.879
18.180 -62.100 -23.700 68.910 -2.879
18.480 -60.300 -25.980 68.210 -2.871
18.480 -60.300 -25.980 68.210 -2.871
17.880 -59.100 -27.900 67.756 -2.837
16.680 -57.180 -29.220 66.344 -2.837
16.680 -57.180 -29.220 66.344 -2.832
15.360 -54.360 -30.600 64.244 -2.832
15.360 -54.360 -30.600 64.244 -2.878
14.880 -51.600 -31.800 62.412 -2.844
14.880 -51.600 -31.800 62.412 -2.844
15.300 -47.820 -31.980 59.528 -2.925
15.300 -47.820 -31.980 59.528 -2.925
16.140 -45.840 -31.560 57.947 -2.873
16.140 -45.840 -31.560 57.947 -2.873
16.260 -45.600 -31.260 57.628 -2.837
16.260 -45.600 -31.260 57.628 -2.837
15.480 -46.020 -30.780 57.488 -2.866
15.480 -46.020 -30.780 57.488 -2.820
15.060 -47.940 -29.760 58.401 -2.820
15.060 -47.940 -29.760 58.401 -2.844
14.700 -49.380 -30.060 59.650 -2.844
14.700 -49.380 -30.060 59.650 -2.871
15.840 -51.780 -30.060 61.933 -2.871
15.840 -51.780 -30.060 61.933 -2.950
17.460 -54.360 -30.060 64.525 -2.834
17.460 -54.360 -30.060 64.525 -2.834
17.940 -56.760 -30.900 67.070 -2.860
17.940 -56.760 -30.900 67.070 -2.860
18.720 -59.160 -31.860 69.752 -2.762
18.720 -59.160 -31.860 69.752 -2.762
19.140 -60.900 -33.840 72.252 -2.807
19.140 -60.900 -33.840 72.252 -2.807
20.700 -61.560 -37.020 74.757 -2.752
20.700 -61.560 -37.020 74.757 -2.752
24.720 -61.800 -39.300 77.297 -2.790
24.720 -61.800 -39.300 77.297 -2.847
31.260 -59.580 -40.500 78.532 -2.847
31.260 -59.580 -40.500 78.532 -2.676
38.700 -52.980 -40.560 77.134 -2.676
38.700 -52.980 -40.560 77.134 -2.482
45.540 -43.320 -38.820 73.875 -2.482
45.540 -43.320 -38.820 73.875 -2.314
50.460 -30.000 -37.560 69.692 -2.314
50.460 -30.000 -37.560 69.692 -2.037
51.960 -15.540 -34.680 64.374 -2.145
51.960 -15.540 -34.680 64.374 -2.145
50.820 -2.760 -31.620 59.918 -1.813
50.820 -2.760 -31.620 59.918 -1.813
48.360 6.840 -27.960 56.278 -1.558
48.360 6.840 -27.960 56.278 -1.558
45.240 12.360 -22.860 52.173 -1.351
45.240 12.360 -22.860 52.173 -1.351
42.300 14.760 -18.840 48.601 -1.332
42.300 14.760 -18.840 48.601 -1.171
40.620 14.160 -14.700 45.460 -1.171
40.620 14.160 -14.700 45.460 -1.214
39.060 13.320 -10.980 42.704 -1.214
39.060 13.320 -10.980 42.704 -1.260
37.920 11.820 -8.160 40.549 -1.260
37.920 11.820 -8.160 40.549 -1.228
36.780 8.880 -5.340 38.212 -1.283
36.780 8.880 -5.340 38.212 -1.328
36.060 5.760 -3.720 36.706 -1.349
36.060 5.760 -3.720 36.706 -1.349
35.400 1.380 -3.180 35.569 -1.372
35.400 1.380 -3.180 35.569 -1.372
35.400 -3.000 -3.480 35.697 -1.503
35.400 -3.000 -3.480 35.697 -1.659
35.220 -6.540 -5.820 36.292 -1.659
35.220 -6.540 -5.820 36.292 -1.698
34.800 -9.660 -8.460 37.093 -1.698
34.800 -9.660 -8.460 37.093 -1.833
34.920 -12.180 -11.640 38.772 -1.833
34.920 -12.180 -11.640 38.772 -1.921
34.500 -13.560 -15.240 40.080 -1.921
34.500 -13.560 -15.240 40.080 -1.957
34.020 -13.620 -18.600 41.095 -1.957
34.020 -13.620 -18.600 41.095 -1.957
33.120 -11.760 -20.580 40.728 -2.011
33.120 -11.760 -20.580 40.728 -2.011
32.280 -9.240 -22.680 40.519 -1.881
32.280 -9.240 -22.680 40.519 -1.881
31.620 -6.960 -23.580 40.053 -1.782
31.620 -6.960 -23.580 40.053 -1.782
31.560 -5.760 -22.320 39.082 -1.837
31.560 -5.760 -22.320 39.082 -1.583
31.860 -4.320 -21.900 38.902 -1.583
31.860 -4.320 -21.900 38.902 -1.672
31.800 -2.880 -20.220 37.794 -1.672
31.800 -2.880 -20.220 37.794 -1.747
31.620 -1.620 -18.360 36.600 -1.747
31.620 -1.620 -18.360 36.600 -1.585
31.140 -.840 -17.340 35.652 -1.585
31.140 -.840 -17.340 35.652 -1.570
30.900 -2.220 -15.300 34.552 -1.570
30.900 -2.220 -15.300 34.552 -1.609
30.660 -4.320 -13.800 33.899 -1.705
30.660 -4.320 -13.800 33.899 -1.705
30.600 -6.180 -11.940 33.423 -1.718
30.600 -6.180 -11.940 33.423 -1.718
30.660 -7.740 -10.380 33.282 -1.742
30.660 -7.740 -10.380 33.282 -1.842
30.420 -9.060 -9.000 32.992 -1.842
30.420 -9.060 -9.000 32.992 -1.810
30.600 -10.680 -7.020 33.162 -1.810
30.600 -10.680 -7.020 33.162 -1.907
30.900 -13.140 -6.720 34.244 -1.907
30.900 -13.140 -6.720 34.244 -1.952
30.780 -15.360 -6.720 35.050 -1.952
30.780 -15.360 -6.720 35.050 -2.014
30.000 -17.760 -7.200 35.599 -2.071
30.000 -17.760 -7.200 35.599 -2.071
29.580 -19.200 -8.580 36.294 -2.165
29.580 -19.200 -8.580 36.294 -2.165
28.680 -21.060 -8.820 36.659 -2.207
28.680 -21.060 -8.820 36.659 -2.207
27.900 -23.040 -9.480 37.405 -2.194
27.900 -23.040 -9.480 37.405 -2.194
27.840 -24.300 -10.500 38.416 -2.261
27.840 -24.300 -10.500 38.416 -2.261
27.300 -25.140 -11.820 38.949 -2.253
27.300 -25.140 -11.820 38.949 -2.302
27.120 -23.760 -13.380 38.458 -2.302
27.120 -23.760 -13.380 38.458 -2.348
27.660 -21.180 -14.280 37.651 -2.348
27.660 -21.180 -14.280 37.651 -2.223
27.840 -18.900 -14.400 36.601 -2.223
27.840 -18.900 -14.400 36.601 -2.185
28.380 -16.380 -13.800 35.555 -2.185
28.380 -16.380 -13.800 35.555 -2.091
28.620 -14.640 -13.800 34.984 -2.046
28.620 -14.640 -13.800 34.984 -2.046
28.380 -12.720 -13.500 33.904 -1.955
28.380 -12.720 -13.500 33.904 -1.955
28.500 -9.300 -12.960 32.660 -2.008
28.500 -9.300 -12.960 32.660 -2.008
28.620 -6.540 -12.060 31.738 -1.802
28.620 -6.540 -12.060 31.738 -1.756
28.860 -3.960 -10.380 30.925 -1.756
28.860 -3.960 -10.380 30.925 -1.686
30.060 -2.940 -8.640 31.415 -1.686
30.060 -2.940 -8.640 31.415 -1.652
30.600 -3.000 -7.140 31.565 -1.652
30.600 -3.000 -7.140 31.565 -1.632
30.540 -3.120 -5.400 31.170 -1.673
30.540 -3.120 -5.400 31.170 -1.673
30.540 -3.900 -3.960 31.042 -1.685
30.540 -3.900 -3.960 31.042 -1.685
29.340 -5.460 -3.000 29.994 -1.742
29.340 -5.460 -3.000 29.994 -1.742
28.860 -8.580 -1.260 30.135 -1.859
28.860 -8.580 -1.260 30.135 -1.859
28.560 -12.420 -1.800 31.196 -1.857
28.560 -12.420 -1.800 31.196 -1.973
28.140 -15.780 -2.700 32.375 -1.973
28.140 -15.780 -2.700 32.375 -2.067
28.140 -17.820 -4.320 33.587 -2.067
28.080 -18.120 -7.320 34.211 -2.116
28.080 -18.120 -7.320 34.211 -2.116
28.080 -18.120 -7.320 34.211 -2.191
27.660 -18.060 -9.900 34.485 -2.191
27.660 -18.060 -9.900 34.485 -2.146
27.540 -17.700 -12.780 35.144 -2.160
26.880 -18.240 -15.780 36.114 -2.160
26.880 -18.240 -15.780 36.114 -2.223
26.580 -18.660 -19.320 37.788 -2.223
26.580 -18.660 -19.320 37.788 -2.178
26.580 -18.660 -19.320 37.788 -2.178
26.160 -19.080 -22.080 39.191 -2.110
26.160 -19.080 -22.080 39.191 -2.110
25.920 -19.980 -24.180 40.691 -2.225
25.800 -20.040 -25.980 41.740 -2.167
25.800 -20.040 -25.980 41.740 -2.167
25.320 -20.400 -26.820 42.149 -2.191
25.320 -20.400 -26.820 42.149 -2.191
24.720 -19.080 -27.780 41.795 -2.188
24.720 -19.080 -27.780 41.795 -2.188
24.720 -19.080 -27.780 41.795 -2.270
23.880 -16.560 -29.100 41.125 -2.270
21.840 -11.580 -29.700 38.642 -2.173
21.840 -11.580 -29.700 38.642 -1.972
21.840 -11.580 -29.700 38.642 -1.972
18.360 -4.980 -29.220 34.867 -1.818
14.820 .300 -28.920 32.498 -1.818
14.820 .300 -28.920 32.498 -1.095
11.160 4.800 -27.780 30.320 -1.095
11.160 4.800 -27.780 30.320 -.915
8.100 6.480 -26.520 28.476 -1.217
8.100 6.480 -26.520 28.476 -1.217
6.360 7.200 -25.380 27.137 -.751
6.360 7.200 -25.380 27.137 -.751
6.360 7.200 -25.380 27.137 -.828
4.560 7.860 -23.280 24.991 -.828
2.520 8.520 -21.900 23.634 -.209
2.520 8.520 -21.900 23.634 -.209
2.040 9.000 -21.000 22.938 .060
2.040 9.000 -21.000 22.938 .031
1.560 8.880 -20.700 22.578 .031
1.560 8.880 -20.700 22.578 -.095
1.500 9.000 -21.000 22.897 -.095
1.500 9.000 -21.000 22.897 -.241
2.040 8.520 -21.420 23.142 -.241
2.040 8.520 -21.420 23.142 -.081
1.680 8.280 -21.060 22.692 -.081
1.680 8.280 -21.060 22.692 -.063
1.440 7.260 -21.480 22.719 .163
1.440 7.260 -21.480 22.719 .163
1.440 7.260 -21.480 22.719 .168
1.500 5.400 -22.260 22.955 .168
1.500 5.400 -22.260 22.955 -.252
1.620 4.500 -22.080 22.592 -.252
1.620 3.360 -23.040 23.340 -.410
1.620 3.360 -23.040 23.340 -.410
1.560 3.060 -23.340 23.591 .014
1.560 3.060 -23.340 23.591 -.182
1.200 4.020 -23.160 23.537 -.182
1.200 4.020 -23.160 23.537 -.310
-.420 4.560 -24.000 24.433 -.310
-.420 4.560 -24.000 24.433 .709
-1.080 6.180 -23.880 24.690 .709
-1.080 6.180 -23.880 24.690 .454
-1.740 8.700 -24.180 25.756 .454
-1.740 8.700 -24.180 25.756 .475
-2.700 10.320 -25.440 27.586 .159
-2.700 10.320 -25.440 27.586 .287
-2.700 12.000 -26.280 29.016 .299
-2.700 12.000 -26.280 29.016 .299
-3.180 13.320 -27.540 30.757 .224
-3.180 13.320 -27.540 30.757 .224
-3.420 12.480 -29.580 32.287 .397
-3.420 12.480 -29.580 32.287 .488
-2.880 12.720 -30.960 33.595 .488
-2.880 12.720 -30.960 33.595 .310
-2.700 12.420 -33.660 35.980 .310
-2.700 12.420 -33.660 35.980 .091
-2.640 11.880 -37.380 39.311 .091
-2.640 11.880 -37.380 39.311 .347
-2.520 11.940 -41.160 42.931 .347
-2.520 11.940 -41.160 42.931 .059
-2.700 12.060 -45.420 47.071 .969
-2.700 12.060 -45.420 47.071 .969
-1.740 13.920 -48.960 50.930 .676
-1.740 13.920 -48.960 50.930 .676
-1.260 16.560 -51.300 53.921 .376
-1.260 16.560 -51.300 53.921 .376
-.960 19.980 -52.080 55.789 .187
-.960 19.980 -52.080 55.789 .154
-.780 23.760 -50.940 56.214 .154
-.780 23.760 -50.940 56.214 .361
-1.260 25.860 -48.660 55.119 .361
-1.260 25.860 -48.660 55.119 .307
-1.020 26.340 -46.080 53.087 .307
-1.020 26.340 -46.080 53.087 .147
.360 26.100 -42.540 49.910 .147
.360 26.100 -42.540 49.910 .122
2.820 24.240 -39.360 46.311 .122
2.820 24.240 -39.360 46.311 -.203
5.700 22.620 -36.060 42.947 -.203
5.700 22.620 -36.060 42.947 -.276
8.280 21.240 -31.380 38.787 -.022
8.280 21.240 -31.380 38.787 -.022
10.020 19.200 -28.260 35.604 -.160
10.020 19.200 -28.260 35.604 -.160
11.580 17.520 -25.620 33.127 -.267
11.580 17.520 -25.620 33.127 -.267
13.140 15.300 -22.500 30.216 -.371
13.140 15.300 -22.500 30.216 -.742
15.300 13.320 -20.700 28.983 -.742
15.300 13.320 -20.700 28.983 -.770
17.040 12.660 -18.360 28.066 -.770
17.040 12.660 -18.360 28.066 -.877
18.120 12.000 -15.660 26.787 -.877
18.120 12.000 -15.660 26.787 -.965
19.080 11.940 -14.400 26.720 -.965
19.080 11.940 -14.400 26.720 -.888
19.500 12.480 -12.960 26.532 -.957
19.500 12.480 -12.960 26.532 -.957
19.860 11.880 -11.880 26.013 -1.070
19.860 11.880 -11.880 26.013 -1.070
19.980 11.760 -11.340 25.809 -1.011
19.980 11.760 -11.340 25.809 -1.011
19.380 11.940 -10.320 24.993 -.996
19.380 11.940 -10.320 24.993 -.994
18.060 12.360 -9.540 23.874 -.994
18.060 12.360 -9.540 23.874 -.920
16.800 12.780 -9.240 23.042 -.920
16.800 12.780 -9.240 23.042 -.898
15.240 13.920 -8.520 22.330 -.898
15.240 13.920 -8.520 22.330 -.883
13.440 15.480 -7.260 21.748 -.883
13.440 15.480 -7.260 21.748 -.728
11.220 17.040 -5.760 21.200 -.562
11.220 17.040 -5.760 21.200 -.562
8.580 19.080 -3.420 21.198 -.397
8.580 19.080 -3.420 21.198 -.397
6.120 20.220 -1.980 21.218 -.259
6.120 20.220 -1.980 21.218 -.259
4.140 20.280 -1.440 20.748 -.289
4.140 20.280 -1.440 20.748 -.289
3.480 19.200 -.780 19.528 -.197
3.480 19.200 -.780 19.528 -.197
2.940 17.820 -1.620 18.133 -.182
2.940 17.820 -1.620 18.133 -.153
2.340 15.840 -2.580 16.218 -.153
2.340 15.840 -2.580 16.218 -.115
1.500 14.100 -4.080 14.755 -.115
1.500 14.100 -4.080 14.755 .011
-.300 12.540 -7.080 14.404 .011
-.300 12.540 -7.080 14.404 .027
-1.740 11.160 -8.880 14.368 .247
-1.740 11.160 -8.880 14.368 .247
-3.720 10.500 -10.440 15.267 .416
-3.720 10.500 -10.440 15.267 .416
-5.340 9.780 -11.400 15.941 .351
-5.340 9.780 -11.400 15.941 .351
-6.480 9.420 -11.460 16.188 .505
-6.480 9.420 -11.460 16.188 .505
-8.220 9.300 -11.280 16.772 .721
-8.220 9.300 -11.280 16.772 .758
-9.180 9.540 -10.800 17.086 .758
-9.180 9.540 -10.800 17.086 .783
-10.080 10.380 -9.780 17.464 .783
-10.080 10.380 -9.780 17.464 .844
-11.460 11.940 -8.640 18.669 .844
-11.460 11.940 -8.640 18.669 .739
-12.480 13.920 -7.680 20.211 .739
-12.480 13.920 -7.680 20.211 .731
-13.860 15.900 -6.660 22.119 .788
-13.860 15.900 -6.660 22.119 .788
-14.820 18.060 -5.940 24.106 .704
-14.820 18.060 -5.940 24.106 .704
-14.700 20.400 -5.220 25.681 .618
-14.700 20.400 -5.220 25.681 .618
-14.220 22.260 -5.040 26.891 .615
-14.220 22.260 -5.040 26.891 .560
-14.340 23.880 -5.880 28.469 .560
-14.340 23.880 -5.880 28.469 .533
-14.940 24.420 -6.360 29.326 .533
-14.940 24.420 -6.360 29.326 .571
-16.080 23.880 -7.560 29.765 .571
-16.080 23.880 -7.560 29.765 .584
-17.160 22.980 -9.540 30.225 .640
-17.160 22.980 -9.540 30.225 .640
-16.980 21.240 -11.340 29.463 .686
-16.980 21.240 -11.340 29.463 .686
-16.620 19.440 -14.220 29.263 .686
-16.620 19.440 -14.220 29.263 .686
-15.840 17.940 -17.640 29.731 .626
-15.840 17.940 -17.640 29.731 .626
-15.600 15.480 -21.060 30.439 .677
-15.600 15.480 -21.060 30.439 .953
-14.460 14.340 -25.440 32.587 .953
-14.460 14.340 -25.440 32.587 .807
-11.940 14.160 -30.420 35.615 .807
-11.940 14.160 -30.420 35.615 .819
-10.020 14.220 -35.760 39.767 .819
-10.020 14.220 -35.760 39.767 .420
-7.080 16.380 -40.920 44.642 .420
-7.080 16.380 -40.920 44.642 .274
-5.580 19.200 -45.420 49.626 .274
-5.580 19.200 -45.420 49.626 .396
-5.280 22.380 -48.300 53.494 .436
-5.280 22.380 -48.300 53.494 .436
-4.020 26.280 -49.140 55.871 .247
-4.020 26.280 -49.140 55.871 .247
-4.140 30.360 -47.220 56.290 .148
-4.140 30.360 -47.220 56.290 .148
-4.080 33.120 -43.800 55.064 .246
-4.080 33.120 -43.800 55.064 .246
-5.340 34.800 -39.600 52.988 .143
-5.340 34.800 -39.600 52.988 .170
-7.560 34.860 -35.700 50.466 .170
-7.560 34.860 -35.700 50.466 .379
-8.940 32.880 -33.420 47.728 .379
-8.940 32.880 -33.420 47.728 .444
-9.540 30.300 -31.440 44.694 .444
-9.540 30.300 -31.440 44.694 .370
-9.480 27.420 -29.700 41.519 .370
-9.480 27.420 -29.700 41.519 .390
-9.780 23.940 -28.560 38.529 .418
-9.780 23.940 -28.560 38.529 .418
-10.260 21.720 -26.880 36.049 .444
-10.260 21.720 -26.880 36.049 .444
-11.220 19.200 -24.900 33.385 .596
-11.220 19.200 -24.900 33.385 .596
-11.760 17.040 -23.760 31.515 .558
-11.760 17.040 -23.760 31.515 .558
-11.340 16.380 -21.420 29.253 .683
-11.340 16.380 -21.420 29.253 .638
-10.620 15.060 -19.560 26.873 .638
-10.620 15.060 -19.560 26.873 .568
-10.860 14.760 -17.880 25.603 .568
-10.860 14.760 -17.880 25.603 .605
-11.580 14.280 -15.720 24.190 .605
-11.580 14.280 -15.720 24.190 .709
-12.840 13.740 -13.860 23.361 .875
-12.840 13.740 -13.860 23.361 .875
-13.860 13.620 -12.000 22.839 .784
-13.860 13.620 -12.000 22.839 .784
-14.520 13.860 -11.220 22.996 .822
-14.520 13.860 -11.220 22.996 .822
-15.000 14.040 -10.740 23.183 .756
-15.000 14.040 -10.740 23.183 .756
-15.960 14.280 -10.980 24.067 .786
-15.960 14.280 -10.980 24.067 .812
-17.520 14.040 -11.880 25.401 .812
-17.520 14.040 -11.880 25.401 .939
-19.140 12.780 -12.900 26.383 .939
-19.140 12.780 -12.900 26.383 .962
-20.640 12.120 -14.100 27.780 .962
-20.640 12.120 -14.100 27.780 .930
-21.300 11.880 -15.780 29.049 .930
-21.300 11.880 -15.780 29.049 1.018
-22.020 11.160 -17.640 30.341 .985
-22.500 11.160 -18.240 31.040 .985
-22.500 11.160 -18.240 31.040 1.050
-22.500 11.160 -18.240 31.040 1.050
-23.460 10.440 -18.480 31.637 1.122
-23.460 10.440 -18.480 31.637 1.122
-23.580 9.960 -16.740 30.585 1.177
-23.580 9.960 -16.740 30.585 1.177
-23.100 10.380 -14.220 29.044 1.112
-23.100 10.380 -14.220 29.044 1.110
-22.620 10.320 -11.520 27.402 1.110
-22.620 10.320 -11.520 27.402 1.134
-21.540 10.740 -9.300 25.803 1.134
-21.540 10.740 -9.300 25.803 1.069
-21.780 10.680 -8.040 25.555 1.069
-21.780 10.680 -8.040 25.555 1.138
-21.900 10.800 -6.900 25.374 1.138
-21.900 10.800 -6.900 25.374 1.124
-22.200 11.100 -7.020 25.794 1.095
-21.660 11.820 -7.260 25.721 1.095
-21.660 11.820 -7.260 25.721 1.082
-21.120 12.240 -8.340 25.796 1.082
-21.120 12.240 -8.340 25.796 1.043
-20.520 12.780 -10.020 26.169 1.043
-20.520 12.780 -10.020 26.169 .997
-19.800 12.960 -11.400 26.267 1.056
-19.800 12.960 -11.400 26.267 1.056
-19.380 12.960 -12.480 26.444 .987
-19.380 12.960 -12.480 26.444 .987
-17.700 12.720 -13.260 25.513 1.028
-17.700 12.720 -13.260 25.513 1.028
-16.560 12.540 -13.620 24.839 .944
-16.560 12.540 -13.620 24.839 .944
-14.940 12.420 -13.500 23.658 .852
-14.940 12.420 -13.500 23.658 .812
-13.740 12.540 -13.020 22.706 .812
-13.740 12.540 -13.020 22.706 .818
-13.680 13.200 -12.180 22.577 .818
-13.680 13.200 -12.180 22.577 .846
-13.260 13.680 -11.040 22.019 .846
-13.260 13.680 -11.040 22.019 .756
-12.300 14.880 -9.720 21.614 .715
-12.300 14.880 -9.720 21.614 .715
-11.400 16.620 -9.060 22.097 .671
-11.400 16.620 -9.060 22.097 .671
-10.140 18.660 -8.460 22.860 .549
-10.140 18.660 -8.460 22.860 .549
-8.940 20.520 -9.000 24.125 .526
-8.940 20.520 -9.000 24.125 .526
-8.880 22.020 -11.100 26.210 .451
-8.880 22.020 -11.100 26.210 .451
-8.280 22.440 -13.560 27.495 .394
-8.280 22.440 -13.560 27.495 .362
-8.280 22.260 -16.800 29.091 .362
-8.280 22.260 -16.800 29.091 .320
-8.400 21.360 -20.520 30.788 .320
-8.400 21.360 -20.520 30.788 .309
-8.220 20.220 -22.920 31.650 .309
-8.220 20.220 -22.920 31.650 .375
-8.820 18.480 -25.500 32.704 .375
-8.820 18.480 -25.500 32.704 .599
-9.060 15.420 -28.080 33.292 .599
-9.060 15.420 -28.080 33.292 .649
-9.120 13.620 -29.280 33.556 .649
-9.120 13.620 -29.280 33.556 .631
-9.540 11.340 -30.720 34.108 .631
-9.540 11.340 -30.720 34.108 .583
-9.900 10.080 -31.020 34.086 .494
-9.900 10.080 -31.020 34.086 .494
-10.440 9.660 -31.080 34.180 .858
-10.440 9.660 -31.080 34.180 .858
-10.980 8.700 -31.920 34.859 .855
-10.980 8.700 -31.920 34.859 .855
-10.860 8.220 -32.700 35.423 .868
-10.860 8.220 -32.700 35.423 .868
-10.200 7.500 -34.200 36.468 .672
-10.200 7.500 -34.200 36.468 .750
-9.480 6.420 -36.240 38.006 .750
-9.480 6.420 -36.240 38.006 .549
-8.760 5.760 -37.680 39.111 .549
-8.760 5.760 -37.680 39.111 .884
-8.940 4.380 -39.240 40.483 .884
-8.940 4.380 -39.240 40.483 .965
-8.820 1.800 -40.800 41.781 1.241
-8.820 1.800 -40.800 41.781 1.003
-8.220 .540 -41.280 42.094 1.618
-8.220 .540 -41.280 42.094 1.618
-7.980 -.960 -41.400 42.173 1.649
-7.980 -.960 -41.400 42.173 1.649
-7.200 -1.860 -40.560 41.236 .832
-7.200 -1.860 -40.560 41.236 .832
-7.440 -.840 -38.520 39.241 1.455
-7.440 -.840 -38.520 39.241 1.706
-8.220 -.180 -36.240 37.161 1.706
-8.220 -.180 -36.240 37.161 1.087
-7.920 1.320 -33.840 34.780 1.087
-7.920 1.320 -33.840 34.780 1.262
-7.440 3.600 -32.160 33.205 1.262
-7.440 3.600 -32.160 33.205 1.115
-6.900 6.300 -31.200 32.569 1.115
-6.900 6.300 -31.200 32.569 .769
-6.060 9.660 -30.540 32.600 .769
-6.060 9.660 -30.540 32.600 .574
-6.240 12.240 -31.260 34.146 .600
-6.240 12.240 -31.260 34.146 .600
-5.820 14.340 -32.460 35.961 .595
-5.820 14.340 -32.460 35.961 .595
-4.920 15.780 -33.600 37.446 .228
-4.920 15.780 -33.600 37.446 .228
-3.660 15.000 -36.180 39.337 .150
-3.660 15.000 -36.180 39.337 .150
-2.880 14.760 -37.740 40.626 .313
-2.880 14.760 -37.740 40.626 .095
-2.940 13.860 -38.940 41.438 .095
-2.940 13.860 -38.940 41.438 .192
-3.600 11.520 -40.320 42.088 .192
-3.600 11.520 -40.320 42.088 .319
-4.860 10.200 -39.960 41.527 .319
-4.860 10.200 -39.960 41.527 .258
-5.400 8.100 -38.940 40.138 .405
-5.400 8.100 -38.940 40.138 .405
-6.600 6.000 -37.920 38.955 .572
-6.600 6.000 -37.920 38.955 .572
-7.440 5.160 -35.760 36.888 .022
-7.440 5.160 -35.760 36.888 .022
-8.400 5.820 -33.480 35.005 1.008
-8.400 5.820 -33.480 35.005 1.008
-10.080 6.060 -31.680 33.793 .724
-10.080 6.060 -31.680 33.793 .914
-10.560 7.800 -29.580 32.362 .914
-10.560 7.800 -29.580 32.362 .683
-10.380 10.740 -28.080 31.805 .683
-10.380 10.740 -28.080 31.805 .524
-10.560 12.960 -27.240 31.961 .524
-10.560 12.960 -27.240 31.961 .699
-11.400 15.660 -25.800 32.262 .665
-11.400 15.660 -25.800 32.262 .665
-14.040 16.800 -24.960 33.202 .718
-14.040 16.800 -24.960 33.202 .718
-16.380 17.280 -23.820 33.679 .845
-16.380 17.280 -23.820 33.679 .845
-17.820 18.480 -22.320 34.018 .716
-17.820 18.480 -22.320 34.018 .716
-17.340 20.040 -20.160 33.297 .808
-17.340 20.040 -20.160 33.297 .808
-15.480 22.200 -17.160 32.046 .704
-15.480 22.200 -17.160 32.046 .656
-14.580 23.940 -14.160 31.404 .656
-14.580 23.940 -14.160 31.404 .624
-13.740 24.240 -10.740 29.862 .624
-13.740 24.240 -10.740 29.862 .549
-12.360 24.780 -8.220 28.886 .549
-12.360 24.780 -8.220 28.886 .466
-9.720 25.800 -6.180 28.254 .363
-9.720 25.800 -6.180 28.254 .363
-6.360 26.280 -4.800 27.461 .245
-6.360 26.280 -4.800 27.461 .245
-3.060 27.180 -4.980 27.801 .129
-3.060 27.180 -4.980 27.801 .129
-.780 27.420 -6.720 28.242 .128
-.780 27.420 -6.720 28.242 .128
.360 27.480 -10.140 29.293 .056
.360 27.480 -10.140 29.293 -.036
1.860 27.420 -14.640 31.139 -.036
1.860 27.420 -14.640 31.139 -.108
4.620 25.740 -20.040 32.947 -.108
4.620 25.740 -20.040 32.947 -.199
7.560 24.000 -25.080 35.527 -.199
7.560 24.000 -25.080 35.527 -.216
10.080 22.020 -29.340 38.044 -.279
10.080 22.020 -29.340 38.044 -.279
11.520 18.600 -33.480 39.995 -.337
11.520 18.600 -33.480 39.995 -.337
12.120 16.080 -36.360 41.563 -.552
12.120 16.080 -36.360 41.563 -.552
13.500 13.920 -38.040 42.697 -.825
13.500 13.920 -38.040 42.697 -.825
15.000 11.340 -39.480 43.729 -.965
16.260 11.160 -39.240 43.917 -.743
16.260 11.160 -39.240 43.917 -.743
16.260 11.160 -39.240 43.917 -.658
16.860 11.640 -38.940 44.001 -.658
16.860 11.640 -38.940 44.001 -.715
16.140 12.360 -39.300 44.247 -.715
16.140 12.360 -39.300 44.247 -.722
15.600 14.160 -39.240 44.538 -.951
15.600 14.160 -39.240 44.538 -.951
15.420 15.840 -39.720 45.457 -.920
15.780 17.880 -39.420 46.072 -.920
15.780 17.880 -39.420 46.072 -.580
15.600 20.040 -38.280 45.938 -.580
15.600 20.040 -38.280 45.938 -.566
15.120 20.820 -37.380 45.380 -.566
15.120 20.820 -37.380 45.380 -.512
15.180 21.000 -35.880 44.258 -.503
15.180 21.000 -35.880 44.258 -.503
15.480 20.460 -34.440 42.946 -.483
15.480 20.460 -34.440 42.946 -.483
16.320 19.500 -32.940 41.613 -.808
16.320 19.500 -32.940 41.613 -.808
16.800 19.500 -29.940 39.483 -.767
16.800 19.500 -29.940 39.483 -.767
16.800 19.500 -29.940 39.483 -.636
16.140 20.640 -27.060 37.666 -.636
13.500 22.320 -24.840 36.020 -.581
13.500 22.320 -24.840 36.020 -.437
10.500 24.840 -23.940 36.061 -.437
10.500 24.840 -23.940 36.061 -.314
8.520 26.940 -23.880 36.995 -.314
8.520 26.940 -23.880 36.995 -.426
7.260 28.680 -24.960 38.707 -.426
7.260 28.680 -24.960 38.707 -.337
7.260 28.680 -24.960 38.707 -.337
6.900 30.060 -25.680 40.133 -.278
6.900 30.060 -25.680 40.133 -.219
6.060 31.080 -26.460 41.265 -.219
6.060 31.080 -26.460 41.265 -.173
3.480 30.660 -29.280 42.538 -.173
3.480 30.660 -29.280 42.538 .001
1.380 28.920 -32.640 43.631 .001
1.380 28.920 -32.640 43.631 -.054
-.180 26.820 -35.820 44.748 -.025
-.660 22.920 -39.420 45.604 -.025
-.660 22.920 -39.420 45.604 .055
-.180 19.560 -40.500 44.976 .055
-.180 19.560 -40.500 44.976 .015
-1.020 16.800 -39.960 43.360 .015
-1.020 16.800 -39.960 43.360 .426
-2.160 12.480 -39.780 41.748 .623
-2.160 12.480 -39.780 41.748 .623
-3.360 9.840 -37.260 38.684 .183
-3.360 9.840 -37.260 38.684 .183
-3.900 7.620 -35.280 36.304 .219
-3.900 7.620 -35.280 36.304 .219
-3.720 6.240 -33.240 34.025 .246
-3.720 6.240 -33.240 34.025 .246
-3.120 6.720 -30.180 31.076 .657
-3.120 6.720 -30.180 31.076 .657
-3.120 7.380 -27.660 28.797 .480
-3.120 7.380 -27.660 28.797 .390
-2.940 8.580 -26.400 27.915 .390
-2.940 8.580 -26.400 27.915 .492
-2.040 9.660 -25.440 27.289 .492
-2.040 9.660 -25.440 27.289 .297
-.360 11.040 -25.860 28.120 .297
-.360 11.040 -25.860 28.120 -.109
2.040 11.580 -26.460 28.955 -.109
2.040 11.580 -26.460 28.955 -.040
4.140 12.720 -26.340 29.542 -.145
4.140 12.720 -26.340 29.542 -.145
5.340 12.600 -27.000 30.270 -.250
5.340 12.600 -27.000 30.270 -.250
5.760 11.400 -27.420 30.249 -.190
5.760 11.400 -27.420 30.249 -.190
6.240 10.740 -27.840 30.485 -.459
6.240 10.740 -27.840 30.485 -.636
6.780 8.700 -28.020 30.113 -.636
6.780 8.700 -28.020 30.113 -.831
7.740 7.320 -26.940 28.970 -.831
7.740 7.320 -26.940 28.970 -.576
8.040 6.360 -25.980 27.929 -.576
8.040 6.360 -25.980 27.929 -.611
8.040 4.620 -25.200 26.852 -1.082
8.040 4.620 -25.200 26.852 -1.082
7.680 3.360 -24.780 26.160 -1.128
7.680 3.360 -24.780 26.160 -1.128
7.440 1.860 -24.660 25.825 -.845
7.440 1.860 -24.660 25.825 -.845
7.200 .120 -24.060 25.114 -1.412
7.200 .120 -24.060 25.114 -1.412
6.960 -.300 -22.680 23.726 -1.143
6.960 -.300 -22.680 23.726 -1.332
6.600 -.180 -21.120 22.128 -1.332
6.600 -.180 -21.120 22.128 -.758
5.700 .480 -19.320 20.149 -.758
5.700 .480 -19.320 20.149 -1.011
5.220 2.520 -17.460 18.397 -1.011
5.220 2.520 -17.460 18.397 -.696
4.260 4.500 -16.200 17.345 -.696
4.260 4.500 -16.200 17.345 -.913
3.180 7.440 -14.700 16.780 -.353
3.180 7.440 -14.700 16.780 -.353
1.980 10.860 -13.380 17.346 -.070
1.980 10.860 -13.380 17.346 -.070
.360 13.680 -13.380 19.139 -.142
.360 13.680 -13.380 19.139 -.142
-1.260 16.740 -13.740 21.693 .050
-1.260 16.740 -13.740 21.693 .050
-2.160 18.900 -14.520 23.931 .100
-2.160 18.900 -14.520 23.931 .128
-3.480 19.920 -17.040 26.444 .128
-3.480 19.920 -17.040 26.444 .175
-4.680 20.940 -19.140 28.753 .175
-4.680 20.940 -19.140 28.753 .195
-6.120 20.340 -21.540 30.251 .195
-6.120 20.340 -21.540 30.251 .343
-8.280 18.600 -24.660 31.979 .450
-8.280 18.600 -24.660 31.979 .450
-10.560 17.340 -27.000 33.781 .516
-10.560 17.340 -27.000 33.781 .516
-11.880 15.540 -28.620 34.666 .524
-11.880 15.540 -28.620 34.666 .524
-13.260 14.520 -30.060 35.920 .557
-13.260 14.520 -30.060 35.920 .557
-13.920 14.340 -30.240 36.247 .533
-13.920 14.340 -30.240 36.247 .533
-14.100 13.200 -29.760 35.478 .650
-14.100 13.200 -29.760 35.478 .817
-15.000 11.640 -29.100 34.746 .817
-15.000 11.640 -29.100 34.746 .825
-15.300 10.380 -27.540 33.171 .825
-15.300 10.380 -27.540 33.171 .970
-15.180 9.000 -26.340 31.705 .970
-15.180 9.000 -26.340 31.705 .785
-14.280 8.400 -25.260 30.208 .785
-14.280 8.400 -25.260 30.208 .892
-12.840 9.300 -24.660 29.317 1.009
-12.840 9.300 -24.660 29.317 1.009
-11.220 9.480 -24.900 28.910 .696
-11.220 9.480 -24.900 28.910 .696
-9.600 8.760 -26.760 29.749 .939
-9.600 8.760 -26.760 29.749 .939
-7.380 9.240 -28.860 31.189 .668
-7.380 9.240 -28.860 31.189 .792
-5.940 8.100 -31.200 32.777 .792
-5.940 8.100 -31.200 32.777 .293
-4.620 7.860 -33.360 34.583 .293
-4.620 7.860 -33.360 34.583 .509
-3.540 8.880 -34.740 36.031 .509
-3.540 8.880 -34.740 36.031 .414
-3.540 8.760 -36.180 37.393 .414
-3.540 8.760 -36.180 37.393 .396
-3.060 10.140 -37.500 38.967 .332
-3.060 10.140 -37.500 38.967 .332
-1.980 11.760 -38.340 40.152 .050
-1.980 11.760 -38.340 40.152 .050
-1.320 12.540 -37.980 40.018 -.280
-1.320 12.540 -37.980 40.018 -.280
-1.440 13.860 -36.360 38.939 .078
-1.440 13.860 -36.360 38.939 -.078
-2.160 14.520 -34.320 37.328 -.078
-2.160 14.520 -34.320 37.328 .229
-4.380 13.560 -32.640 35.615 .229
-4.380 13.560 -32.640 35.615 .324
-5.820 13.680 -31.860 35.158 .324
-5.820 13.680 -31.860 35.158 .288
-5.700 13.680 -31.620 34.921 .288
-5.700 13.680 -31.620 34.921 .249
-5.280 13.740 -31.560 34.824 .190
-5.280 13.740 -31.560 34.824 .190
-3.900 15.060 -32.100 35.671 .220
-3.900 15.060 -32.100 35.671 .220
-3.960 15.840 -32.820 36.657 .398
-3.960 15.840 -32.820 36.657 .398
-4.440 15.240 -34.680 38.140 .418
-4.440 15.240 -34.680 38.140 .418
-4.380 15.240 -36.600 39.887 .434
-4.380 15.240 -36.600 39.887 .163
-3.360 14.700 -38.760 41.590 .163
-3.360 14.700 -38.760 41.590 .030
-1.980 14.280 -40.500 42.989 .030
-1.980 14.280 -40.500 42.989 -.083
-1.440 14.460 -41.700 44.159 -.083
-1.440 14.460 -41.700 44.159 .261
-2.820 13.680 -43.080 45.288 .261
-2.820 13.680 -43.080 45.288 .135
-5.640 12.780 -43.740 45.917 .478
-5.640 12.780 -43.740 45.917 .478
-7.140 12.840 -44.520 46.882 .176
-7.140 12.840 -44.520 46.882 .176
-8.400 12.660 -44.640 47.155 .815
-8.400 12.660 -44.640 47.155 .815
-8.940 13.260 -44.700 47.475 .526
-8.940 13.260 -44.700 47.475 .526
-9.960 13.440 -44.040 47.110 .599
-9.960 13.440 -44.040 47.110 .818
-14.040 11.220 -43.260 46.845 .818
-14.040 11.220 -43.260 46.845 1.089
-18.000 9.180 -42.600 47.149 1.089
-18.000 9.180 -42.600 47.149 1.068
-20.460 8.400 -41.100 46.673 1.068
-20.460 8.400 -41.100 46.673 1.232
-22.440 8.160 -39.900 46.499 1.232
-22.440 8.160 -39.900 46.499 1.272
-22.440 8.820 -37.740 44.785 1.182
-22.620 10.380 -35.400 43.273 1.182
-22.620 10.380 -35.400 43.273 1.170
-22.620 10.380 -35.400 43.273 1.170
-24.060 10.980 -33.000 42.290 1.172
-24.060 10.980 -33.000 42.290 1.172
-25.740 12.120 -29.640 41.085 1.109
-26.940 14.640 -26.700 40.657 1.232
-26.940 14.640 -26.700 40.657 1.232
-26.940 14.640 -26.700 40.657 .973
-28.020 16.260 -23.340 39.928 .973
-28.320 17.460 -20.640 39.152 .977
-28.320 17.460 -20.640 39.152 .977
-29.040 17.280 -18.840 38.689 .990
-29.040 17.280 -18.840 38.689 .990
-29.040 17.280 -18.840 38.689 1.054
-29.700 16.440 -16.740 37.850 1.054
-29.760 15.660 -14.460 36.606 1.081
-29.760 15.660 -14.460 36.606 1.070
-29.700 15.180 -11.880 35.407 1.070
-29.700 15.180 -11.880 35.407 1.055
-28.320 15.180 -9.180 33.417 1.055
-28.320 15.180 -9.180 33.417 1.027
-27.240 15.120 -6.420 31.810 1.027
-27.240 15.120 -6.420 31.810 1.051
-26.580 14.760 -3.540 30.609 1.064
-26.580 14.760 -3.540 30.609 1.064
-26.580 14.760 -3.540 30.609 1.062
-25.800 14.820 -.840 29.765 1.062
-25.800 14.820 -.840 29.765 1.050
-23.940 16.020 1.620 28.851 1.050
-23.940 16.020 1.620 28.851 .982
-21.000 17.700 2.520 27.580 .982
-17.040 19.140 2.100 25.712 .880
-17.040 19.140 2.100 25.712 .739
-17.040 19.140 2.100 25.712 .739
-12.600 19.980 .720 23.632 .564
-12.600 19.980 .720 23.632 .564
-9.360 19.800 -2.760 22.074 .445
-9.360 19.800 -2.760 22.074 .445
-5.520 17.940 -6.420 19.838 .297
-2.460 15.600 -11.340 19.442 .180
-2.460 15.600 -11.340 19.442 .180
-.540 12.660 -17.040 21.235 .125
-.540 12.660 -17.040 21.235 .125
.960 10.320 -21.600 23.958 -.041
.960 10.320 -21.600 23.958 -.041
.240 8.160 -26.580 27.805 .091
.240 8.160 -26.580 27.805 .091
-.060 6.960 -30.840 31.616 .031
-.060 6.960 -30.840 31.616 -.110
-1.020 5.640 -33.900 34.381 -.110
-1.020 5.640 -33.900 34.381 .116
-2.280 4.320 -36.840 37.162 .116
-2.280 4.320 -36.840 37.162 .195
-3.240 3.420 -38.700 38.986 .195
-3.240 3.420 -38.700 38.986 -.167
-4.380 2.820 -40.080 40.417 -.167
-4.380 2.820 -40.080 40.417 -.097
-5.460 3.120 -40.800 41.282 .074
-5.460 3.120 -40.800 41.282 .074
-6.660 2.640 -41.160 41.779 1.106
-6.660 2.640 -41.160 41.779 1.106
-6.060 2.040 -41.940 42.425 1.028
-6.060 2.040 -41.940 42.425 1.028
-6.060 3.060 -42.360 42.901 1.279
-6.060 3.060 -42.360 42.901 1.279
-4.800 4.440 -42.660 43.158 .818
-4.800 4.440 -42.660 43.158 .646
