X Y Z F A
-6.180 -40.140 -8.880 41.572 .000
-6.600 -40.560 -9.120 42.093 2.989
-6.600 -40.560 -9.120 42.093 2.989
-6.600 -40.800 -9.660 42.444 2.962
-6.600 -40.800 -9.660 42.444 2.974
-6.600 -40.560 -10.800 42.489 2.974
-6.600 -40.560 -10.800 42.489 2.959
-6.420 -41.160 -11.880 43.319 2.959
-6.420 -41.160 -11.880 43.319 2.937
-6.000 -41.580 -12.960 43.964 2.937
-6.000 -41.580 -12.960 43.964 2.988
-5.820 -42.360 -14.280 45.079 2.988
-5.820 -42.360 -14.280 45.079 2.991
-5.640 -43.440 -15.360 46.420 3.029
-5.640 -43.440 -15.360 46.420 3.029
-5.280 -44.220 -17.100 47.704 2.994
-5.280 -44.220 -17.100 47.704 2.994
-3.900 -44.820 -19.320 48.962 3.044
-3.900 -44.820 -19.320 48.962 3.044
-2.280 -45.000 -22.140 50.203 3.032
-2.280 -45.000 -22.140 50.203 3.032
-.720 -45.960 -24.600 52.134 3.073
-.720 -45.960 -24.600 52.134 3.112
-.060 -45.540 -27.420 53.158 3.112
-.060 -45.540 -27.420 53.158 3.077
.120 -44.220 -30.720 53.844 3.077
.120 -44.220 -30.720 53.844 3.119
-.600 -42.420 -32.940 53.711 3.119
-.600 -42.420 -32.940 53.711 3.083
-1.020 -39.060 -36.060 53.170 3.114
-1.020 -39.060 -36.060 53.170 3.114
-.720 -36.600 -37.440 52.363 3.083
-.720 -36.600 -37.440 52.363 3.083
-1.680 -34.380 -38.520 51.658 3.095
-1.680 -34.380 -38.520 51.658 3.095
-2.820 -32.160 -39.360 50.906 3.026
-2.820 -32.160 -39.360 50.906 3.026
-4.920 -31.860 -38.520 50.230 2.977
-4.920 -31.860 -38.520 50.230 2.951
-7.200 -32.760 -37.680 50.446 2.951
-7.200 -32.760 -37.680 50.446 2.824
-8.880 -34.080 -36.480 50.706 2.824
-8.880 -34.080 -36.480 50.706 2.748
-9.780 -37.380 -34.740 51.959 2.748
-9.780 -37.380 -34.740 51.959 2.778
-11.160 -39.960 -33.840 53.540 2.639
-11.160 -39.960 -33.840 53.540 2.639
-13.500 -41.640 -32.940 54.783 2.787
-13.500 -41.640 -32.940 54.783 2.787
-15.600 -43.140 -31.320 55.546 2.823
-15.600 -43.140 -31.320 55.546 2.823
-18.180 -43.440 -29.340 55.483 2.687
-18.180 -43.440 -29.340 55.483 2.687
-19.680 -43.260 -27.360 54.839 2.664
-19.680 -43.260 -27.360 54.839 2.664
-20.880 -43.620 -24.960 54.421 2.646
-20.880 -43.620 -24.960 54.421 2.605
-22.080 -44.040 -22.920 54.336 2.605
-22.080 -44.040 -22.920 54.336 2.606
-23.520 -45.240 -22.080 55.564 2.606
-23.520 -45.240 -22.080 55.564 2.680
-24.060 -47.340 -21.480 57.283 2.680
-24.060 -47.340 -21.480 57.283 2.608
-23.760 -48.960 -22.860 59.027 2.634
-23.760 -48.960 -22.860 59.027 2.634
-22.140 -50.700 -24.780 60.619 2.661
-22.140 -50.700 -24.780 60.619 2.661
-19.620 -51.600 -26.820 61.374 2.701
-19.620 -51.600 -26.820 61.374 2.701
-17.400 -50.880 -28.980 61.085 2.747
-17.400 -50.880 -28.980 61.085 2.747
-15.240 -49.740 -29.580 59.844 2.813
-15.240 -49.740 -29.580 59.844 2.758
-13.140 -47.940 -30.120 58.122 2.758
-13.140 -47.940 -30.120 58.122 2.834
-10.620 -46.260 -30.480 56.407 2.834
-10.620 -46.260 -30.480 56.407 2.824
-8.880 -45.120 -30.060 54.939 2.824
-8.880 -45.120 -30.060 54.939 2.790
-6.840 -43.680 -30.840 53.906 2.890
-6.840 -43.680 -30.840 53.906 2.890
-5.400 -42.720 -30.960 53.035 3.018
-5.400 -42.720 -30.960 53.035 2.958
-4.680 -40.920 -31.440 51.815 2.899
-4.680 -40.920 -31.440 51.815 2.899
-3.420 -39.480 -32.460 51.225 2.998
-3.420 -39.480 -32.460 51.225 2.998
-2.580 -37.440 -32.520 49.658 2.941
-2.580 -37.440 -32.520 49.658 2.941
-2.100 -35.940 -31.980 48.154 2.895
-2.100 -35.940 -31.980 48.154 2.937
-1.140 -35.220 -31.080 46.986 2.937
-1.140 -35.220 -31.080 46.986 3.066
.600 -34.620 -30.060 45.853 3.066
.600 -34.620 -30.060 45.853 3.094
2.400 -35.100 -29.520 45.926 3.094
2.400 -35.100 -29.520 45.926 -3.058
4.980 -34.980 -30.300 46.546 -3.058
4.980 -34.980 -30.300 46.546 -3.043
7.980 -35.340 -31.980 48.325 -3.031
7.980 -35.340 -31.980 48.325 -3.031
10.800 -35.940 -34.020 50.653 -2.962
10.800 -35.940 -34.020 50.653 -2.962
14.100 -36.060 -36.420 53.156 -2.884
14.100 -36.060 -36.420 53.156 -2.884
17.700 -36.660 -39.540 56.751 -2.818
17.700 -36.660 -39.540 56.751 -2.734
21.060 -36.120 -42.360 59.519 -2.734
21.060 -36.120 -42.360 59.519 -2.735
24.360 -35.460 -45.780 62.822 -2.735
24.360 -35.460 -45.780 62.822 -2.766
27.720 -35.160 -49.380 66.656 -2.766
27.720 -35.160 -49.380 66.656 -2.570
29.640 -35.700 -52.560 70.111 -2.570
29.640 -35.700 -52.560 70.111 -2.604
31.200 -38.640 -55.560 74.521 -2.461
31.200 -38.640 -55.560 74.521 -2.533
32.340 -41.280 -57.360 77.718 -2.477
32.340 -41.280 -57.360 77.718 -2.477
32.940 -44.400 -58.200 80.272 -2.661
32.940 -44.400 -58.200 80.272 -2.661
32.880 -48.240 -57.840 82.181 -2.641
32.880 -48.240 -57.840 82.181 -2.641
31.680 -50.820 -56.460 82.304 -2.571
31.680 -50.820 -56.460 82.304 -2.661
28.440 -53.880 -54.900 82.012 -2.661
28.440 -53.880 -54.900 82.012 -2.655
24.540 -57.120 -52.560 81.409 -2.655
24.540 -57.120 -52.560 81.409 -2.711
21.660 -58.260 -49.740 79.608 -2.711
21.660 -58.260 -49.740 79.608 -2.895
19.560 -59.400 -47.100 78.290 -3.015
19.560 -59.400 -47.100 78.290 -3.015
18.300 -59.820 -44.160 76.573 -2.915
18.300 -59.820 -44.160 76.573 -2.915
16.920 -59.340 -41.880 74.575 -2.918
16.920 -59.340 -41.880 74.575 -2.918
14.580 -58.740 -40.020 72.557 -2.875
14.580 -58.740 -40.020 72.557 -2.875
13.140 -57.240 -38.520 70.234 -2.878
13.140 -57.240 -38.520 70.234 -2.878
12.480 -55.440 -37.440 68.052 -3.000
12.480 -55.440 -37.440 68.052 -3.028
11.700 -53.580 -36.780 66.034 -3.028
11.700 -53.580 -36.780 66.034 -2.989
11.580 -51.480 -36.300 64.047 -2.989
11.580 -51.480 -36.300 64.047 -3.026
10.440 -49.920 -36.000 62.426 -3.026
10.440 -49.920 -36.000 62.426 -2.949
9.360 -48.420 -35.040 60.497 -2.949
9.360 -48.420 -35.040 60.497 -2.966
9.120 -46.740 -34.200 58.630 -3.015
9.120 -46.740 -34.200 58.630 -3.015
9.180 -45.540 -33.180 57.088 -3.018
9.180 -45.540 -33.180 57.088 -3.018
9.540 -43.800 -31.800 54.961 -3.028
9.540 -43.800 -31.800 54.961 -3.028
9.180 -42.840 -30.300 53.269 -2.993
9.180 -42.840 -30.300 53.269 -2.963
8.400 -42.120 -28.260 51.413 -2.963
8.400 -42.120 -28.260 51.413 -3.030
7.920 -41.880 -25.380 49.607 -3.030
7.920 -41.880 -25.380 49.607 -3.002
7.680 -42.120 -22.920 48.563 -3.002
7.680 -42.120 -22.920 48.563 -3.089
8.100 -41.580 -21.060 47.308 -3.089
8.100 -41.580 -21.060 47.308 -2.991
8.040 -41.580 -18.960 46.401 -2.979
8.040 -41.580 -18.960 46.401 -2.979
7.140 -40.740 -17.520 44.919 -3.008
7.140 -40.740 -17.520 44.919 -3.008
6.360 -40.080 -15.360 43.391 -3.002
6.360 -40.080 -15.360 43.391 -3.002
5.460 -39.720 -13.980 42.461 -3.011
5.460 -39.720 -13.980 42.461 -3.011
5.700 -39.240 -13.320 41.829 -3.033
5.700 -39.240 -13.320 41.829 -3.029
6.540 -39.180 -13.260 41.877 -3.029
6.540 -39.180 -13.260 41.877 -2.971
7.380 -39.300 -14.580 42.562 -2.971
7.380 -39.300 -14.580 42.562 -2.964
7.980 -39.720 -15.660 43.435 -2.964
7.980 -39.720 -15.660 43.435 -2.939
8.580 -40.080 -17.160 44.435 -2.895
9.240 -40.560 -18.780 45.642 -2.895
9.240 -40.560 -18.780 45.642 -2.963
9.240 -40.560 -18.780 45.642 -2.963
10.440 -41.520 -19.680 47.119 -2.901
11.280 -42.780 -20.400 48.719 -2.901
11.280 -42.780 -20.400 48.719 -2.914
11.400 -44.400 -20.760 50.322 -2.914
11.400 -44.400 -20.760 50.322 -2.893
11.460 -46.440 -21.240 52.337 -2.833
11.460 -46.440 -21.240 52.337 -2.833
11.340 -47.880 -22.200 53.981 -2.842
11.340 -47.880 -22.200 53.981 -2.842
12.240 -49.260 -23.640 55.993 -2.962
12.240 -49.260 -23.640 55.993 -2.962
13.680 -50.280 -25.140 57.855 -2.898
13.680 -50.280 -25.140 57.855 -2.898
14.520 -51.480 -26.340 59.622 -2.883
14.520 -51.480 -26.340 59.622 -2.883
14.520 -51.480 -26.340 59.622 -2.851
15.240 -52.320 -27.780 61.167 -2.787
15.540 -52.140 -28.440 61.391 -2.787
15.540 -52.140 -28.440 61.391 -2.798
15.840 -51.780 -29.520 61.673 -2.798
15.840 -51.780 -29.520 61.673 -2.895
15.840 -51.780 -29.520 61.673 -2.895
16.080 -50.760 -29.520 60.882 -2.886
16.080 -50.760 -29.520 60.882 -2.886
15.240 -50.760 -28.860 60.347 -2.885
13.440 -51.060 -28.140 59.830 -2.815
13.440 -51.060 -28.140 59.830 -2.815
11.160 -51.660 -26.280 59.025 -2.862
11.160 -51.660 -26.280 59.025 -2.862
9.360 -52.380 -25.800 59.135 -2.881
9.360 -52.380 -25.800 59.135 -2.881
8.880 -52.500 -24.300 58.529 -2.997
8.880 -52.500 -24.300 58.529 -3.051
8.220 -53.700 -22.440 58.778 -3.051
8.220 -53.700 -22.440 58.778 -3.032
7.560 -54.240 -20.760 58.567 -3.032
7.560 -54.240 -20.760 58.567 -3.034
6.540 -54.240 -18.720 57.751 -3.034
6.540 -54.240 -18.720 57.751 -3.055
5.160 -53.220 -17.160 56.156 -3.055
5.160 -53.220 -17.160 56.156 -3.054
4.620 -50.640 -16.800 53.554 -3.048
4.620 -50.640 -16.800 53.554 -3.048
4.380 -48.180 -15.780 50.887 -3.090
4.380 -48.180 -15.780 50.887 -3.090
4.200 -44.940 -14.220 47.323 -3.076
4.200 -44.940 -14.220 47.323 -3.076
3.960 -41.580 -13.680 43.951 -3.062
3.960 -41.580 -13.680 43.951 -3.062
3.300 -38.700 -12.240 40.723 -3.039
3.300 -38.700 -12.240 40.723 -3.042
2.760 -35.700 -12.360 37.880 -3.042
2.760 -35.700 -12.360 37.880 -3.062
2.580 -34.020 -12.600 36.370 -3.062
2.580 -34.020 -12.600 36.370 -3.109
2.340 -33.480 -11.880 35.602 -3.109
2.340 -33.480 -11.880 35.602 -3.095
2.400 -33.900 -11.280 35.808 -3.095
2.400 -33.900 -11.280 35.808 -3.106
2.460 -35.460 -10.260 36.996 -3.069
2.460 -35.460 -10.260 36.996 -3.069
2.280 -37.980 -9.180 39.140 -3.064
2.280 -37.980 -9.180 39.140 -3.064
2.040 -40.740 -8.460 41.659 -3.083
2.040 -40.740 -8.460 41.659 -3.083
2.760 -43.320 -7.920 44.124 -3.118
2.760 -43.320 -7.920 44.124 -3.114
3.180 -45.660 -7.440 46.371 -3.114
3.180 -45.660 -7.440 46.371 -3.078
3.540 -47.340 -7.620 48.080 -3.078
3.540 -47.340 -7.620 48.080 -3.061
4.260 -49.680 -7.680 50.450 -3.061
4.260 -49.680 -7.680 50.450 -3.062
4.500 -52.080 -8.220 52.916 -3.062
4.500 -52.080 -8.220 52.916 -3.052
5.820 -54.180 -9.240 55.270 -3.045
5.820 -54.180 -9.240 55.270 -3.045
7.260 -55.920 -10.080 57.283 -3.029
7.260 -55.920 -10.080 57.283 -3.029
9.000 -56.520 -11.640 58.404 -3.010
9.000 -56.520 -11.640 58.404 -3.010
10.500 -56.580 -13.500 59.108 -2.975
10.500 -56.580 -13.500 59.108 -2.975
11.880 -55.260 -14.940 58.464 -2.957
11.880 -55.260 -14.940 58.464 -2.916
14.280 -53.460 -16.860 57.846 -2.916
14.280 -53.460 -16.860 57.846 -2.873
16.740 -51.300 -17.460 56.717 -2.873
16.740 -51.300 -17.460 56.717 -2.903
20.040 -48.960 -17.100 55.598 -2.903
20.040 -48.960 -17.100 55.598 -2.765
22.440 -47.460 -16.560 55.048 -2.702
22.440 -47.460 -16.560 55.048 -2.702
24.240 -46.260 -14.640 54.239 -2.642
24.240 -46.260 -14.640 54.239 -2.642
25.680 -45.360 -13.560 53.860 -2.653
25.680 -45.360 -13.560 53.860 -2.653
27.120 -44.220 -12.660 53.396 -2.605
27.120 -44.220 -12.660 53.396 -2.605
28.800 -42.900 -11.520 52.939 -2.639
28.800 -42.900 -11.520 52.939 -2.544
30.720 -41.700 -10.680 52.884 -2.544
30.720 -41.700 -10.680 52.884 -2.519
32.280 -40.860 -9.660 52.961 -2.519
32.280 -40.860 -9.660 52.961 -2.485
32.700 -40.380 -8.940 52.723 -2.485
32.700 -40.380 -8.940 52.723 -2.445
32.820 -40.260 -9.480 52.800 -2.445
32.820 -40.260 -9.480 52.800 -2.459
32.220 -39.660 -10.980 52.265 -2.487
32.220 -39.660 -10.980 52.265 -2.487
30.780 -39.720 -12.900 51.880 -2.469
30.780 -39.720 -12.900 51.880 -2.469
29.400 -39.960 -14.760 51.759 -2.507
29.400 -39.960 -14.760 51.759 -2.507
27.540 -41.100 -16.140 52.040 -2.523
27.540 -41.100 -16.140 52.040 -2.523
25.560 -41.940 -16.920 51.948 -2.530
25.560 -41.940 -16.920 51.948 -2.541
24.600 -42.240 -18.180 52.153 -2.541
24.600 -42.240 -18.180 52.153 -2.650
23.400 -42.480 -19.260 52.183 -2.650
23.400 -42.480 -19.260 52.183 -2.709
23.100 -41.640 -19.560 51.479 -2.709
23.100 -41.640 -19.560 51.479 -2.620
22.140 -41.880 -19.980 51.413 -2.620
22.140 -41.880 -19.980 51.413 -2.700
21.180 -42.240 -19.920 51.280 -2.658
21.180 -42.240 -19.920 51.280 -2.658
21.360 -42.480 -19.980 51.575 -2.673
21.360 -42.480 -19.980 51.575 -2.673
21.180 -42.540 -21.540 52.175 -2.722
21.180 -42.540 -21.540 52.175 -2.722
21.600 -42.900 -22.740 53.142 -2.734
21.600 -42.900 -22.740 53.142 -2.734
21.060 -43.260 -23.940 53.741 -2.689
21.060 -43.260 -23.940 53.741 -2.693
19.620 -44.040 -25.920 54.739 -2.693
19.620 -44.040 -25.920 54.739 -2.691
17.400 -45.120 -26.820 55.298 -2.691
17.400 -45.120 -26.820 55.298 -2.723
15.300 -45.360 -28.740 55.836 -2.723
15.300 -45.360 -28.740 55.836 -2.855
13.800 -45.300 -30.600 56.382 -2.921
13.800 -45.300 -30.600 56.382 -2.921
12.300 -44.700 -31.800 56.219 -2.983
12.300 -44.700 -31.800 56.219 -2.983
10.980 -44.640 -32.640 56.380 -2.886
10.980 -44.640 -32.640 56.380 -2.886
9.240 -44.520 -32.400 55.832 -2.880
9.240 -44.520 -32.400 55.832 -2.954
7.440 -43.860 -32.160 54.894 -2.954
7.440 -43.860 -32.160 54.894 -3.054
6.540 -43.080 -31.620 53.838 -3.054
6.540 -43.080 -31.620 53.838 3.112
5.880 -42.300 -31.020 52.784 3.112
5.880 -42.300 -31.020 52.784 -3.058
5.520 -41.760 -30.780 52.171 -3.058
5.520 -41.760 -30.780 52.171 -3.098
4.860 -41.700 -30.300 51.775 -3.038
4.860 -41.700 -30.300 51.775 -3.038
3.660 -41.820 -30.000 51.598 -3.099
3.660 -41.820 -30.000 51.598 -3.099
3.060 -41.640 -30.180 51.518 3.110
3.060 -41.640 -30.180 51.518 3.110
2.280 -42.420 -29.580 51.765 3.036
2.280 -42.420 -29.580 51.765 3.036
1.500 -43.380 -29.400 52.426 3.104
1.500 -43.380 -29.400 52.426 3.141
.660 -44.160 -28.740 52.693 3.141
.660 -44.160 -28.740 52.693 -3.112
.120 -45.240 -27.360 52.870 -3.112
.120 -45.240 -27.360 52.870 3.056
.420 -45.060 -26.280 52.165 3.056
1.320 -44.880 -24.720 51.255 -3.134
1.320 -44.880 -24.720 51.255 3.113
2.340 -44.640 -22.500 50.045 3.113
2.340 -44.640 -22.500 50.045 3.141
3.360 -44.040 -20.340 48.626 3.141
3.360 -44.040 -20.340 48.626 -3.118
3.360 -44.040 -20.340 48.626 -3.118
3.960 -43.980 -17.280 47.419 -3.061
4.980 -43.560 -13.800 45.964 -3.061
4.980 -43.560 -13.800 45.964 -3.038
6.480 -43.980 -10.260 45.623 -3.047
6.480 -43.980 -10.260 45.623 -3.047
7.560 -45.060 -6.180 46.106 -3.039
7.560 -45.060 -6.180 46.106 -3.039
7.560 -45.060 -6.180 46.106 -2.987
8.880 -47.160 -3.240 48.098 -2.987
9.960 -50.700 -1.140 51.682 -2.955
9.960 -50.700 -1.140 51.682 -2.955
10.440 -54.720 -.900 55.714 -2.944
10.440 -54.720 -.900 55.714 -2.944
10.440 -54.720 -.900 55.714 -2.953
11.640 -58.680 -2.400 59.871 -2.946
13.380 -61.260 -5.040 62.906 -2.946
13.380 -61.260 -5.040 62.906 -2.942
15.060 -62.700 -7.980 64.975 -2.942
15.060 -62.700 -7.980 64.975 -2.903
16.560 -63.240 -10.740 66.249 -2.903
16.560 -63.240 -10.740 66.249 -2.885
17.160 -63.660 -13.680 67.336 -2.892
17.160 -63.660 -13.680 67.336 -2.892
17.460 -63.840 -16.200 68.138 -2.871
17.460 -63.840 -16.200 68.138 -2.871
17.580 -63.900 -19.260 69.016 -2.852
17.580 -63.900 -19.260 69.016 -2.852
18.120 -63.060 -21.660 69.095 -2.920
18.120 -63.060 -21.660 69.095 -2.920
18.420 -61.440 -23.940 68.464 -2.887
18.420 -61.440 -23.940 68.464 -2.861
17.640 -60.060 -26.700 68.053 -2.861
17.640 -60.060 -26.700 68.053 -2.858
17.040 -58.200 -28.440 66.981 -2.858
17.040 -58.200 -28.440 66.981 -2.821
15.840 -56.280 -30.540 65.962 -2.821
15.840 -56.280 -30.540 65.962 -2.790
15.240 -53.520 -32.160 64.272 -2.898
15.240 -53.520 -32.160 64.272 -2.898
15.060 -50.940 -32.160 62.096 -2.972
15.060 -50.940 -32.160 62.096 -2.972
15.060 -48.540 -32.040 60.079 -2.857
15.060 -48.540 -32.040 60.079 -2.857
14.700 -47.100 -31.320 58.442 -2.805
14.700 -47.100 -31.320 58.442 -2.805
14.100 -47.340 -29.880 57.730 -2.801
14.100 -47.340 -29.880 57.730 -2.801
14.280 -47.880 -29.640 58.094 -2.720
14.280 -47.880 -29.640 58.094 -2.850
14.400 -49.560 -28.800 59.102 -2.850
14.400 -49.560 -28.800 59.102 -2.946
15.840 -51.840 -28.200 61.103 -2.946
15.840 -51.840 -28.200 61.103 -2.894
16.380 -54.960 -28.440 64.014 -2.894
16.380 -54.960 -28.440 64.014 -2.855
15.720 -58.560 -29.280 67.333 -2.909
15.720 -58.560 -29.280 67.333 -2.909
15.540 -61.620 -31.020 70.716 -2.866
15.540 -61.620 -31.020 70.716 -2.866
15.900 -63.960 -33.480 73.923 -2.924
15.900 -63.960 -33.480 73.923 -2.924
18.180 -65.160 -36.060 76.659 -2.904
18.180 -65.160 -36.060 76.659 -2.941
21.720 -66.240 -37.260 79.043 -2.941
21.720 -66.240 -37.260 79.043 -2.795
25.200 -66.420 -38.580 80.840 -2.795
25.200 -66.420 -38.580 80.840 -2.792
29.400 -64.620 -40.080 81.526 -2.792
29.400 -64.620 -40.080 81.526 -2.678
34.740 -58.440 -41.280 79.537 -2.678
34.740 -58.440 -41.280 79.537 -2.606
40.620 -45.900 -42.480 74.574 -2.606
40.620 -45.900 -42.480 74.574 -2.455
45.960 -29.460 -42.780 69.357 -2.188
45.960 -29.460 -42.780 69.357 -2.188
48.600 -11.700 -41.580 65.021 -2.137
48.600 -11.700 -41.580 65.021 -2.137
48.240 2.700 -39.660 62.508 -1.690
48.240 2.700 -39.660 62.508 -1.690
46.140 11.760 -38.700 61.359 -1.349
46.140 11.760 -38.700 61.359 -1.349
43.800 15.780 -36.660 59.257 -1.215
43.800 15.780 -36.660 59.257 -1.329
42.420 16.920 -33.300 56.521 -1.329
42.420 16.920 -33.300 56.521 -1.136
41.520 18.180 -28.740 53.669 -1.136
41.520 18.180 -28.740 53.669 -1.062
40.380 18.960 -22.560 49.990 -1.062
40.380 18.960 -22.560 49.990 -1.120
39.180 19.260 -16.860 46.800 -.997
39.180 19.260 -16.860 46.800 -.997
37.800 18.360 -12.540 43.854 -1.061
37.800 18.360 -12.540 43.854 -1.061
36.480 15.360 -9.780 40.772 -1.152
36.480 15.360 -9.780 40.772 -1.152
35.640 11.640 -7.260 38.189 -1.130
35.640 11.640 -7.260 38.189 -1.130
35.100 7.980 -5.700 36.444 -1.229
35.100 7.980 -5.700 36.444 -1.229
34.440 4.200 -4.800 35.026 -1.367
34.440 4.200 -4.800 35.026 -1.454
34.140 -.240 -5.220 34.538 -1.454
34.140 -.240 -5.220 34.538 -1.566
34.140 -4.980 -6.960 35.196 -1.566
34.140 -4.980 -6.960 35.196 -1.736
33.960 -9.300 -9.900 36.576 -1.806
33.960 -9.300 -9.900 36.576 -1.806
33.720 -12.840 -13.620 38.567 -1.925
33.720 -12.840 -13.620 38.567 -1.925
33.900 -13.560 -16.800 40.191 -1.944
33.900 -13.560 -16.800 40.191 -1.944
32.880 -13.080 -20.400 40.845 -1.963
32.880 -13.080 -20.400 40.845 -1.963
32.760 -12.000 -22.500 41.515 -1.907
32.760 -12.000 -22.500 41.515 -1.907
32.700 -10.380 -23.580 41.630 -2.002
32.700 -10.380 -23.580 41.630 -1.776
32.160 -8.520 -23.520 40.744 -1.776
32.160 -8.520 -23.520 40.744 -1.825
32.280 -6.000 -22.320 39.701 -1.825
32.280 -6.000 -22.320 39.701 -1.793
31.500 -3.660 -21.900 38.539 -1.793
31.500 -3.660 -21.900 38.539 -1.594
30.960 -1.800 -20.760 37.319 -1.551
30.960 -1.800 -20.760 37.319 -1.551
30.300 -1.980 -19.980 36.348 -1.693
30.300 -1.980 -19.980 36.348 -1.693
30.000 -2.820 -18.600 35.411 -1.604
30.000 -2.820 -18.600 35.411 -1.604
30.180 -4.200 -16.740 34.766 -1.499
30.180 -4.200 -16.740 34.766 -1.499
29.640 -5.400 -15.180 33.736 -1.568
29.640 -5.400 -15.180 33.736 -1.568
29.220 -6.360 -13.260 32.712 -1.625
29.220 -6.360 -13.260 32.712 -1.696
29.100 -8.040 -11.340 32.250 -1.696
29.100 -8.040 -11.340 32.250 -1.819
28.320 -10.020 -9.660 31.555 -1.819
28.320 -10.020 -9.660 31.555 -1.839
28.560 -12.180 -8.580 32.212 -1.839
28.560 -12.180 -8.580 32.212 -1.930
29.100 -14.400 -7.860 33.406 -1.930
29.100 -14.400 -7.860 33.406 -2.029
28.920 -16.500 -7.500 34.130 -2.117
28.920 -16.500 -7.500 34.130 -2.117
28.980 -18.180 -7.320 34.985 -2.111
28.980 -18.180 -7.320 34.985 -2.111
28.560 -20.880 -6.840 36.034 -2.121
28.560 -20.880 -6.840 36.034 -2.121
28.080 -23.280 -6.960 37.133 -2.197
28.080 -23.280 -6.960 37.133 -2.197
27.600 -24.720 -7.920 37.889 -2.253
27.600 -24.720 -7.920 37.889 -2.279
27.540 -25.260 -8.880 38.411 -2.279
27.540 -25.260 -8.880 38.411 -2.369
28.020 -24.120 -10.200 38.353 -2.369
28.020 -24.120 -10.200 38.353 -2.290
28.380 -22.740 -10.740 37.919 -2.290
28.380 -22.740 -10.740 37.919 -2.247
28.920 -21.480 -10.980 37.661 -2.228
28.920 -21.480 -10.980 37.661 -2.228
29.520 -19.740 -11.160 37.224 -2.119
29.520 -19.740 -11.160 37.224 -2.119
29.640 -17.640 -11.220 36.271 -2.034
29.640 -17.640 -11.220 36.271 -2.034
29.700 -14.460 -11.400 34.945 -2.061
29.700 -14.460 -11.400 34.945 -2.061
29.820 -10.800 -11.100 33.602 -1.956
29.820 -10.800 -11.100 33.602 -1.848
29.880 -8.340 -10.200 32.656 -1.848
29.880 -8.340 -10.200 32.656 -1.864
29.760 -6.480 -9.240 31.828 -1.864
29.760 -6.480 -9.240 31.828 -1.769
29.760 -5.640 -8.400 31.433 -1.769
29.760 -5.640 -8.400 31.433 -1.753
29.820 -5.520 -6.840 31.088 -1.741
29.820 -5.520 -6.840 31.088 -1.741
29.280 -4.980 -5.520 30.209 -1.750
29.280 -4.980 -5.520 30.209 -1.750
28.980 -5.400 -3.720 29.713 -1.740
28.980 -5.400 -3.720 29.713 -1.740
28.620 -7.260 -1.860 29.585 -1.811
28.620 -7.260 -1.860 29.585 -1.811
27.840 -10.080 -.900 29.622 -1.815
27.840 -10.080 -.900 29.622 -1.914
27.540 -13.740 -1.260 30.803 -1.914
27.540 -13.740 -1.260 30.803 -2.023
27.180 -16.560 -2.460 31.922 -2.023
27.180 -16.560 -2.460 31.922 -2.108
27.360 -18.360 -4.380 33.239 -2.108
27.360 -18.360 -4.380 33.239 -2.169
27.540 -19.440 -7.020 34.433 -2.169
27.540 -19.440 -7.020 34.433 -2.173
27.720 -20.280 -9.000 35.506 -2.185
27.720 -20.280 -9.000 35.506 -2.185
27.600 -21.480 -11.640 36.860 -2.231
27.600 -21.480 -11.640 36.860 -2.231
27.240 -22.620 -14.580 38.292 -2.225
27.240 -22.620 -14.580 38.292 -2.225
26.820 -23.160 -17.280 39.425 -2.221
26.820 -23.160 -17.280 39.425 -2.221
26.280 -23.460 -20.520 40.769 -2.249
26.280 -23.460 -20.520 40.769 -2.249
25.920 -23.880 -22.560 41.846 -2.318
25.920 -23.880 -22.560 41.846 -2.167
24.960 -24.300 -24.360 42.508 -2.167
24.960 -24.300 -24.360 42.508 -2.217
23.880 -24.780 -26.160 43.228 -2.217
23.880 -24.780 -26.160 43.228 -2.403
22.860 -24.480 -27.540 43.362 -2.313
22.200 -22.740 -29.160 43.131 -2.313
22.200 -22.740 -29.160 43.131 -2.183
22.200 -22.740 -29.160 43.131 -2.183
20.700 -18.360 -30.960 41.522 -2.364
20.700 -18.360 -30.960 41.522 -2.364
18.960 -12.420 -32.220 39.394 -2.120
18.960 -12.420 -32.220 39.394 -2.120
16.620 -6.480 -32.520 37.091 -1.593
16.620 -6.480 -32.520 37.091 -1.593
13.680 -1.140 -32.580 35.354 -1.366
13.680 -1.140 -32.580 35.354 -.712
11.220 1.920 -31.560 33.550 -.712
11.220 1.920 -31.560 33.550 -1.363
9.360 3.300 -30.360 31.941 -1.363
9.360 3.300 -30.360 31.941 -.837
7.260 3.600 -29.100 30.207 -.837
7.260 3.600 -29.100 30.207 -.580
5.100 4.020 -26.880 27.653 -.580
5.100 4.020 -26.880 27.653 -.461
3.300 4.320 -25.320 25.897 .039
1.800 4.560 -24.120 24.613 .039
1.800 4.560 -24.120 24.613 .036
1.800 4.560 -24.120 24.613 .036
1.020 4.860 -23.220 23.745 -.259
1.140 5.220 -23.340 23.944 -.259
1.140 5.220 -23.340 23.944 -.235
1.140 5.220 -23.340 23.944 -.188
1.620 5.760 -22.920 23.688 -.021
1.860 5.820 -22.740 23.547 .099
1.860 5.820 -22.740 23.547 .099
2.640 5.340 -22.860 23.623 .747
2.640 5.340 -22.860 23.623 .747
2.940 4.140 -22.680 23.241 .326
2.940 4.140 -22.680 23.241 -.259
3.660 2.220 -23.220 23.611 -.259
3.660 2.220 -23.220 23.611 -.005
4.020 .540 -23.640 23.985 -.005
4.020 .540 -23.640 23.985 .085
4.080 .180 -24.360 24.700 .085
4.080 .180 -24.360 24.700 -.686
3.840 .660 -25.320 25.618 -.686
3.840 .660 -25.320 25.618 .814
2.880 1.560 -26.280 26.483 .156
2.880 1.560 -26.280 26.483 .156
2.160 3.660 -27.180 27.510 .098
2.160 3.660 -27.180 27.510 .098
.720 4.800 -28.380 28.792 -.155
.720 4.800 -28.380 28.792 -.155
-.660 6.180 -29.700 30.343 -.193
-.660 6.180 -29.700 30.343 -.193
-1.800 7.740 -30.480 31.499 .231
-1.800 7.740 -30.480 31.499 .231
-2.940 8.340 -31.620 32.833 .495
-2.940 8.340 -31.620 32.833 .563
-3.180 8.580 -32.700 33.956 .563
-3.180 8.580 -32.700 33.956 .542
-3.540 7.920 -34.560 35.632 .542
-3.540 7.920 -34.560 35.632 .805
-3.780 6.660 -37.860 38.627 .805
-3.780 6.660 -37.860 38.627 .521
-4.200 6.300 -41.220 41.910 .521
-4.200 6.300 -41.220 41.910 .691
-4.020 6.540 -45.000 45.650 .802
-4.020 6.540 -45.000 45.650 .802
-3.240 7.620 -48.840 49.537 .693
-3.240 7.620 -48.840 49.537 .693
-2.340 10.320 -51.780 52.850 .775
-2.340 10.320 -51.780 52.850 .775
-1.140 12.960 -53.940 55.487 1.014
-1.140 12.960 -53.940 55.487 -.125
-.360 16.020 -54.540 56.845 -.125
-.360 16.020 -54.540 56.845 -.024
-1.020 19.140 -53.100 56.453 -.024
-1.020 19.140 -53.100 56.453 .460
-.960 21.180 -50.520 54.789 .460
-.960 21.180 -50.520 54.789 .574
.120 22.620 -47.280 52.413 .112
.120 22.620 -47.280 52.413 .112
1.500 23.280 -43.140 49.044 -.081
1.500 23.280 -43.140 49.044 -.081
4.140 22.380 -39.000 45.155 -.066
4.140 22.380 -39.000 45.155 -.066
6.240 21.120 -34.800 41.183 -.103
6.240 21.120 -34.800 41.183 -.103
7.500 18.960 -31.020 37.121 -.059
7.500 18.960 -31.020 37.121 -.059
9.240 16.920 -28.020 34.012 .006
9.240 16.920 -28.020 34.012 -.346
11.100 14.940 -25.080 31.232 -.346
11.100 14.940 -25.080 31.232 -.581
13.380 13.200 -22.260 29.134 -.581
13.380 13.200 -22.260 29.134 -.694
15.780 12.360 -18.840 27.509 -.694
15.780 12.360 -18.840 27.509 -.794
17.340 12.240 -15.480 26.270 -.794
17.340 12.240 -15.480 26.270 -.854
18.540 12.180 -13.320 25.875 -.901
18.540 12.180 -13.320 25.875 -.901
19.080 11.820 -12.000 25.451 -.997
19.080 11.820 -12.000 25.451 -.997
19.560 12.000 -11.520 25.677 -.966
19.560 12.000 -11.520 25.677 -.966
19.140 11.100 -12.060 25.199 -1.007
19.140 11.100 -12.060 25.199 -.944
18.660 10.980 -12.000 24.754 -.944
18.660 10.980 -12.000 24.754 -1.001
18.000 11.760 -11.520 24.393 -1.001
18.000 11.760 -11.520 24.393 -.963
16.380 12.420 -11.340 23.477 -.963
16.380 12.420 -11.340 23.477 -.839
15.060 13.680 -10.080 22.706 -.839
15.060 13.680 -10.080 22.706 -.784
13.620 14.820 -8.940 22.024 -.731
13.620 14.820 -8.940 22.024 -.731
11.760 16.200 -8.220 21.640 -.507
11.760 16.200 -8.220 21.640 -.507
9.660 17.580 -6.900 21.213 -.598
9.660 17.580 -6.900 21.213 -.598
6.600 18.960 -6.120 20.988 -.453
6.600 18.960 -6.120 20.988 -.453
4.500 19.740 -5.580 21.001 -.295
4.500 19.740 -5.580 21.001 -.209
3.120 19.380 -4.860 20.222 -.209
3.120 19.380 -4.860 20.222 -.191
2.100 18.240 -5.100 19.056 -.191
2.100 18.240 -5.100 19.056 -.125
1.920 16.200 -6.060 17.403 -.125
1.920 16.200 -6.060 17.403 -.128
.660 14.280 -7.020 15.926 .011
.660 14.280 -7.020 15.926 .011
-1.080 12.240 -9.120 15.302 .143
-1.080 12.240 -9.120 15.302 .143
-2.520 10.140 -10.740 14.984 .206
-2.520 10.140 -10.740 14.984 .206
-3.840 9.540 -11.820 15.667 .268
-3.840 9.540 -11.820 15.667 .268
-5.700 8.280 -13.380 16.735 .141
-5.700 8.280 -13.380 16.735 .141
-7.200 8.100 -13.200 17.079 .457
-7.200 8.100 -13.200 17.079 .770
-9.180 8.100 -13.440 18.180 .770
-9.180 8.100 -13.440 18.180 .921
-10.800 7.440 -13.380 18.735 .921
-10.800 7.440 -13.380 18.735 .897
-11.220 7.920 -12.540 18.597 .897
-11.220 7.920 -12.540 18.597 .889
-12.120 8.940 -11.880 19.182 .870
-12.120 8.940 -11.880 19.182 .870
-12.780 10.200 -10.860 19.629 .823
-12.780 10.200 -10.860 19.629 .823
-13.740 12.360 -9.720 20.881 .821
-13.740 12.360 -9.720 20.881 .821
-15.480 14.460 -9.120 23.063 .839
-15.480 14.460 -9.120 23.063 .829
-15.780 16.500 -8.820 24.476 .829
-15.780 16.500 -8.820 24.476 .764
-15.960 18.720 -8.340 25.975 .764
-15.960 18.720 -8.340 25.975 .674
-16.200 20.280 -8.220 27.227 .674
-16.200 20.280 -8.220 27.227 .661
-17.040 21.060 -8.280 28.327 .661
-17.040 21.060 -8.280 28.327 .645
-19.140 20.760 -8.280 29.426 .746
-19.140 20.760 -8.280 29.426 .746
-20.580 20.640 -9.060 30.523 .790
-20.580 20.640 -9.060 30.523 .790
-20.940 19.860 -10.260 30.630 .809
-20.940 19.860 -10.260 30.630 .809
-19.980 19.140 -11.340 29.902 .798
-19.980 19.140 -11.340 29.902 .798
-19.260 18.060 -13.500 29.654 .777
-19.260 18.060 -13.500 29.654 .753
-18.360 16.140 -15.360 28.871 .753
-18.360 16.140 -15.360 28.871 .905
-18.120 13.860 -18.600 29.435 .905
-18.120 13.860 -18.600 29.435 .841
-17.040 11.340 -23.100 30.864 .841
-17.040 11.340 -23.100 30.864 .893
-14.760 9.900 -27.780 32.979 .893
-14.760 9.900 -27.780 32.979 .928
-13.140 9.300 -33.960 37.582 .928
-13.140 9.300 -33.960 37.582 .658
-11.400 10.200 -39.960 42.788 .557
-11.400 10.200 -39.960 42.788 .557
-10.380 12.540 -44.940 47.797 .678
-10.380 12.540 -44.940 47.797 .678
-9.960 15.540 -49.200 52.548 .411
-8.640 19.740 -51.360 55.697 .347
-8.640 19.740 -51.360 55.697 .347
-7.620 23.700 -51.060 56.806 .366
-7.620 23.700 -51.060 56.806 .366
-7.800 27.180 -49.560 57.059 .121
-7.800 27.180 -49.560 57.059 .121
-7.800 27.180 -49.560 57.059 .189
-8.160 29.940 -46.560 55.954 .189
-9.660 30.420 -43.380 53.856 .227
-9.660 30.420 -43.380 53.856 .308
-10.440 29.580 -40.560 51.275 .308
-10.440 29.580 -40.560 51.275 .416
-10.560 28.140 -38.100 48.528 .416
-10.560 28.140 -38.100 48.528 .361
-10.560 25.920 -35.880 45.505 .361
-10.560 25.920 -35.880 45.505 .206
-10.560 24.360 -33.360 42.636 .206
-10.560 24.360 -33.360 42.636 .413
-10.920 23.160 -30.600 39.900 .580
-10.920 23.160 -30.600 39.900 .580
-11.760 21.060 -28.620 37.429 .430
-11.760 21.060 -28.620 37.429 .430
-12.360 19.200 -26.100 34.679 .551
-12.360 19.200 -26.100 34.679 .551
-12.420 17.220 -24.900 32.723 .503
-12.420 17.220 -24.900 32.723 .699
-12.420 15.480 -23.520 30.775 .699
-12.420 15.480 -23.520 30.775 .611
-12.120 14.460 -21.660 28.725 .611
-12.120 14.460 -21.660 28.725 .622
-12.360 13.680 -20.520 27.586 .622
-12.360 13.680 -20.520 27.586 .776
-13.260 12.240 -18.660 25.958 .776
-13.260 12.240 -18.660 25.958 .769
-13.380 11.340 -16.920 24.370 .813
-13.380 11.340 -16.920 24.370 .813
-13.560 11.460 -15.360 23.476 .951
-13.560 11.460 -15.360 23.476 .951
-13.680 10.920 -13.800 22.290 .772
-13.680 10.920 -13.800 22.290 .772
-13.920 11.580 -12.540 22.025 .818
-13.920 11.580 -12.540 22.025 .818
-15.660 11.580 -11.940 22.845 .826
-15.660 11.580 -11.940 22.845 .826
-17.460 10.620 -12.060 23.729 .949
-17.460 10.620 -12.060 23.729 .980
-18.900 10.140 -12.780 24.967 .987
-18.900 10.140 -12.780 24.967 1.015
-20.400 9.360 -14.280 26.602 1.015
-20.400 9.360 -14.280 26.602 1.162
-21.540 9.180 -15.840 28.269 1.162
-21.540 9.180 -15.840 28.269 1.089
-22.260 9.060 -17.100 29.496 1.089
-22.260 9.060 -17.100 29.496 1.135
-23.220 9.420 -18.360 31.064 1.228
-23.220 9.420 -18.360 31.064 1.228
-23.160 9.600 -18.660 31.253 1.137
-23.160 9.600 -18.660 31.253 1.137
-23.040 9.720 -18.060 30.846 1.117
-23.040 9.720 -18.060 30.846 1.117
-22.800 10.080 -16.200 29.730 1.171
-22.800 10.080 -16.200 29.730 1.064
-22.860 10.020 -13.980 28.608 1.064
-22.860 10.020 -13.980 28.608 1.111
-23.400 9.300 -11.280 27.591 1.111
-23.400 9.300 -11.280 27.591 1.197
-23.880 8.100 -9.120 26.815 1.197
-23.880 8.100 -9.120 26.815 1.213
-24.600 7.200 -8.040 26.863 1.213
-24.600 7.200 -8.040 26.863 1.249
-24.540 6.960 -7.200 26.505 1.267
-24.540 6.960 -7.200 26.505 1.267
-24.540 6.600 -7.380 26.462 1.281
-24.540 6.600 -7.380 26.462 1.281
-25.020 6.840 -8.280 27.228 1.242
-25.020 6.840 -8.280 27.228 1.242
-25.140 6.720 -9.900 27.842 1.308
-25.140 6.720 -9.900 27.842 1.308
-24.960 6.360 -11.580 28.241 1.261
-24.960 6.360 -11.580 28.241 1.261
-24.060 7.140 -13.200 28.357 1.280
-24.060 7.140 -13.200 28.357 1.285
-22.020 7.560 -14.940 27.663 1.285
-22.020 7.560 -14.940 27.663 1.161
-20.160 8.280 -15.420 26.698 1.161
-20.160 8.280 -15.420 26.698 1.067
-18.720 9.360 -15.240 25.890 1.067
-18.720 9.360 -15.240 25.890 1.070
-17.340 10.080 -15.120 25.118 1.071
-17.340 10.080 -15.120 25.118 1.071
-16.200 11.460 -13.800 24.170 1.029
-16.200 11.460 -13.800 24.170 1.029
-14.100 12.900 -12.660 22.924 .924
-14.100 12.900 -12.660 22.924 .924
-12.600 14.280 -11.880 22.446 .790
-12.600 14.280 -11.880 22.446 .790
-11.100 16.020 -10.320 22.053 .634
-11.100 16.020 -10.320 22.053 .521
-10.140 17.760 -9.840 22.695 .584
-10.140 17.760 -9.840 22.695 .584
-9.420 19.320 -10.440 23.895 .465
-9.420 19.320 -10.440 23.895 .465
-8.040 20.520 -11.820 25.008 .464
-8.040 20.520 -11.820 25.008 .464
-7.080 21.180 -14.340 26.540 .433
-7.080 21.180 -14.340 26.540 .338
-5.760 21.420 -17.100 28.007 .338
-5.760 21.420 -17.100 28.007 .280
-6.120 20.880 -19.620 29.298 .280
-6.120 20.880 -19.620 29.298 .300
-6.840 20.160 -21.840 30.499 .300
-6.840 20.160 -21.840 30.499 .350
-6.960 18.900 -24.120 31.423 .350
-6.960 18.900 -24.120 31.423 .361
-7.680 17.040 -26.280 32.249 .536
-7.680 17.040 -26.280 32.249 .536
-8.220 14.400 -28.320 32.817 .424
-8.220 14.400 -28.320 32.817 .424
-9.060 11.700 -29.820 33.290 .360
-9.060 11.700 -29.820 33.290 .360
-9.960 9.720 -30.660 33.671 .715
-9.960 9.720 -30.660 33.671 .715
-10.380 8.400 -31.500 34.213 1.009
-10.380 8.400 -31.500 34.213 .677
-10.320 8.280 -31.380 34.055 .677
-10.320 8.280 -31.380 34.055 .877
-9.720 8.280 -31.860 34.323 .877
-9.720 8.280 -31.860 34.323 .819
-9.240 7.800 -32.820 34.977 .819
-9.240 7.800 -32.820 34.977 .601
-8.700 7.260 -33.600 35.459 .601
-8.700 7.260 -33.600 35.459 .770
-7.560 6.060 -35.460 36.760 .988
-7.560 6.060 -35.460 36.760 .988
-6.900 4.860 -37.860 38.789 .832
-6.900 4.860 -37.860 38.789 .832
-6.300 3.000 -39.840 40.446 .809
-6.300 3.000 -39.840 40.446 .809
-6.180 .660 -41.460 41.923 .982
-6.180 .660 -41.460 41.923 .982
-6.240 -1.500 -42.300 42.784 .940
-6.240 -1.500 -42.300 42.784 1.039
-6.000 -2.760 -42.000 42.516 1.039
-6.000 -2.760 -42.000 42.516 1.832
-6.180 -4.020 -40.740 41.402 1.832
-6.180 -4.020 -40.740 41.402 1.240
-5.820 -3.960 -39.180 39.807 1.240
-5.820 -3.960 -39.180 39.807 1.691
-5.880 -2.400 -37.260 37.797 1.691
-5.880 -2.400 -37.260 37.797 1.843
-5.640 -.120 -34.440 34.899 1.285
-5.640 -.120 -34.440 34.899 1.285
-5.340 3.300 -32.460 33.061 .719
-5.340 3.300 -32.460 33.061 .719
-5.220 6.480 -31.080 32.175 1.054
-5.220 6.480 -31.080 32.175 1.054
-4.800 9.180 -30.660 32.363 .726
-4.800 9.180 -30.660 32.363 .726
-4.560 10.920 -31.380 33.537 .485
-4.560 10.920 -31.380 33.537 .302
-4.380 12.720 -32.700 35.359 .302
-4.380 12.720 -32.700 35.359 .118
-3.600 13.860 -34.200 37.077 .118
-3.600 13.860 -34.200 37.077 .200
-3.120 14.760 -35.760 38.812 .200
-3.120 14.760 -35.760 38.812 .411
-3.120 14.520 -37.440 40.278 .380
-3.120 14.520 -37.440 40.278 .380
-2.640 13.320 -38.640 40.957 .305
-2.640 13.320 -38.640 40.957 .305
-2.640 11.880 -39.600 41.428 .139
-2.640 11.880 -39.600 41.428 .139
-3.300 9.420 -39.720 40.955 .147
-3.300 9.420 -39.720 40.955 .147
-3.420 7.680 -39.300 40.189 .129
-3.420 7.680 -39.300 40.189 .129
-4.320 6.060 -38.340 39.056 .722
-4.320 6.060 -38.340 39.056 .698
-5.520 4.620 -36.840 37.537 .698
-5.520 4.620 -36.840 37.537 .737
-6.060 4.500 -34.560 35.375 .737
-6.060 4.500 -34.560 35.375 .773
-7.380 4.980 -32.220 33.427 .773
-7.380 4.980 -32.220 33.427 .879
-8.400 6.540 -30.120 31.946 .879
-8.400 6.540 -30.120 31.946 .689
-9.720 8.700 -28.380 31.234 .598
-9.720 8.700 -28.380 31.234 .598
-11.880 10.440 -27.180 31.446 .986
-11.880 10.440 -27.180 31.446 .986
-14.040 12.060 -26.460 32.291 .816
-14.040 12.060 -26.460 32.291 .816
-15.540 13.380 -25.680 32.863 .834
-15.540 13.380 -25.680 32.863 .834
-17.040 14.820 -25.140 33.794 .860
-17.040 14.820 -25.140 33.794 .694
-18.180 15.900 -24.660 34.517 .694
-18.180 15.900 -24.660 34.517 .736
-18.240 16.980 -23.700 34.391 .736
-18.240 16.980 -23.700 34.391 .875
-19.080 17.580 -22.140 34.107 .875
-19.080 17.580 -22.140 34.107 .819
-18.300 18.360 -19.800 32.619 .819
-18.300 18.360 -19.800 32.619 .745
-16.560 20.040 -16.560 30.823 .721
-16.560 20.040 -16.560 30.823 .721
-14.940 21.480 -13.560 29.470 .577
-14.940 21.480 -13.560 29.470 .577
-13.140 22.920 -11.160 28.680 .571
-13.140 22.920 -11.160 28.680 .571
-11.820 24.180 -8.880 28.341 .567
-11.820 24.180 -8.880 28.341 .458
-10.380 24.900 -8.160 28.184 .458
-10.380 24.900 -8.160 28.184 .414
-8.220 25.560 -8.520 28.169 .414
-8.220 25.560 -8.520 28.169 .326
-4.800 26.280 -10.200 28.596 .326
-4.800 26.280 -10.200 28.596 .176
-1.320 26.160 -13.920 29.662 .176
-1.320 26.160 -13.920 29.662 .066
2.100 25.500 -18.060 31.318 -.033
2.100 25.500 -18.060 31.318 -.033
4.500 24.000 -22.860 33.449 -.056
4.500 24.000 -22.860 33.449 -.056
5.940 21.720 -27.960 35.900 -.150
5.940 21.720 -27.960 35.900 -.150
7.500 19.020 -32.220 38.159 -.062
7.500 19.020 -32.220 38.159 -.371
9.120 15.420 -36.720 40.857 -.371
9.120 15.420 -36.720 40.857 -.311
10.980 12.660 -38.940 42.393 -.311
10.980 12.660 -38.940 42.393 -.547
12.720 10.080 -40.260 43.408 -.547
12.720 10.080 -40.260 43.408 -.516
14.520 8.220 -40.920 44.191 -.516
14.520 8.220 -40.920 44.191 -.575
15.540 7.320 -41.460 44.878 -.575
15.540 7.320 -41.460 44.878 -.782
16.080 6.960 -42.300 45.785 -.917
16.080 6.960 -42.300 45.785 -.917
16.080 7.740 -42.900 46.464 -.695
16.080 7.740 -42.900 46.464 -.695
15.480 9.600 -43.860 47.492 -.607
15.480 9.600 -43.860 47.492 -.607
15.060 12.000 -43.980 48.011 -.894
15.060 12.000 -43.980 48.011 -.507
15.060 13.860 -43.920 48.455 -.507
15.060 13.860 -43.920 48.455 -.451
15.480 15.420 -43.620 48.786 -.451
15.480 15.420 -43.620 48.786 -.806
15.780 15.300 -42.900 48.203 -.806
15.780 15.300 -42.900 48.203 -.704
15.900 15.240 -41.220 46.735 -.704
15.900 15.240 -41.220 46.735 -.609
15.300 15.300 -38.940 44.548 -.609
15.300 15.300 -38.940 44.548 -.481
14.700 15.540 -36.660 42.445 -.497
14.700 15.540 -36.660 42.445 -.497
14.460 17.040 -33.780 40.504 -.422
14.460 17.040 -33.780 40.504 -.422
13.800 18.480 -30.960 38.607 -.580
13.800 18.480 -30.960 38.607 -.580
13.800 20.700 -29.100 38.285 -.645
13.800 20.700 -29.100 38.285 -.645
12.840 23.340 -26.940 37.886 -.500
12.840 23.340 -26.940 37.886 -.322
11.280 25.500 -26.280 38.316 -.322
9.780 27.360 -26.700 39.460 -.209
9.780 27.360 -26.700 39.460 -.209
9.780 27.360 -26.700 39.460 -.265
7.680 28.260 -27.840 40.406 -.265
7.680 28.260 -27.840 40.406 -.204
6.120 28.680 -30.420 42.254 -.204
6.120 28.680 -30.420 42.254 -.237
4.920 28.140 -33.120 43.738 -.136
4.920 28.140 -33.120 43.738 -.136
3.900 27.240 -35.220 44.695 -.072
3.900 27.240 -35.220 44.695 -.072
1.920 24.660 -38.160 45.475 .183
1.920 24.660 -38.160 45.475 .183
1.020 20.580 -40.260 45.227 -.009
1.020 20.580 -40.260 45.227 .059
-.480 17.220 -40.860 44.343 .059
-.480 17.220 -40.860 44.343 -.061
-1.920 13.020 -41.700 43.728 -.061
-1.920 13.020 -41.700 43.728 .166
-2.040 10.080 -39.960 41.262 .166
-2.040 10.080 -39.960 41.262 .025
-3.060 7.860 -37.620 38.554 .619
-3.720 5.400 -35.580 36.179 .619
-3.720 5.400 -35.580 36.179 .720
-3.720 5.400 -35.580 36.179 .720
-3.960 4.260 -33.060 33.568 .830
-3.960 4.260 -33.060 33.568 .830
-4.200 3.540 -31.080 31.562 .460
-3.660 3.600 -29.580 30.022 .460
-3.660 3.600 -29.580 30.022 .535
-3.540 4.560 -28.680 29.255 .337
-3.540 4.560 -28.680 29.255 .337
-3.540 5.520 -29.040 29.771 .948
-3.540 5.520 -29.040 29.771 .948
-2.760 6.360 -30.300 31.083 .587
-2.760 6.360 -30.300 31.083 .587
-2.760 6.360 -30.300 31.083 .469
-2.340 7.320 -31.500 32.424 .469
-2.340 7.320 -31.500 32.424 .238
-1.260 7.320 -32.640 33.474 .238
-1.260 7.320 -32.640 33.474 .172
.480 7.080 -32.280 33.051 .046
.480 7.080 -32.280 33.051 .046
1.500 6.780 -31.680 32.432 -.192
2.520 5.940 -30.780 31.449 -.192
2.520 5.940 -30.780 31.449 .095
3.960 4.980 -29.820 30.491 .095
3.960 4.980 -29.820 30.491 -.444
4.980 4.020 -29.340 30.030 -1.288
4.980 4.020 -29.340 30.030 -1.288
6.120 2.760 -28.200 28.988 -1.035
6.120 2.760 -28.200 28.988 -1.035
6.720 1.860 -27.360 28.235 -.858
6.720 1.860 -27.360 28.235 -.858
7.020 .900 -26.460 27.390 -.635
7.020 .900 -26.460 27.390 -.635
7.560 -.120 -25.500 26.597 -.275
7.560 -.120 -25.500 26.597 -.275
7.560 -.120 -25.500 26.597 -1.246
7.500 -.660 -24.600 25.726 -1.331
7.500 -.660 -24.600 25.726 -1.331
7.320 -1.680 -23.520 24.690 -1.693
7.320 -1.680 -23.520 24.690 -1.693
6.840 -1.380 -21.900 22.985 -1.179
6.840 -1.380 -21.900 22.985 -1.179
5.940 -.600 -20.520 21.371 -1.508
5.940 -.600 -20.520 21.371 -1.508
5.040 .780 -18.660 19.344 -1.098
5.040 .780 -18.660 19.344 -.946
4.740 3.120 -17.340 18.245 -.946
4.080 5.520 -16.560 17.926 -.340
4.080 5.520 -16.560 17.926 -.340
2.940 8.160 -15.360 17.640 -.668
2.940 8.160 -15.360 17.640 -.668
2.100 11.100 -14.940 18.730 -.187
2.100 11.100 -14.940 18.730 -.187
.120 13.680 -14.760 20.125 -.144
.120 13.680 -14.760 20.125 .089
-.960 16.020 -15.480 22.298 .089
-.960 16.020 -15.480 22.298 .086
-1.920 17.100 -16.920 24.133 .086
-1.920 17.100 -16.920 24.133 .177
-2.820 18.000 -18.900 26.252 .151
-2.820 18.000 -18.900 26.252 .151
-3.480 18.180 -21.600 28.446 .225
-3.480 18.180 -21.600 28.446 .225
-4.980 17.700 -23.400 29.760 .134
-4.980 17.700 -23.400 29.760 .134
-6.480 16.920 -25.980 31.674 .444
-6.480 16.920 -25.980 31.674 .444
-8.460 14.820 -28.740 33.424 .423
-8.460 14.820 -28.740 33.424 .423
-9.600 13.200 -30.120 34.258 .524
-9.600 13.200 -30.120 34.258 .616
-10.980 11.040 -31.560 35.192 .616
-10.980 11.040 -31.560 35.192 .639
-12.180 10.020 -31.860 35.550 .639
-12.180 10.020 -31.860 35.550 .759
-12.840 9.480 -30.840 34.725 .759
-12.840 9.480 -30.840 34.725 .872
-13.320 8.100 -30.240 34.022 1.068
-13.320 8.100 -30.240 34.022 1.068
-13.500 7.680 -29.160 33.038 .893
-13.500 7.680 -29.160 33.038 .893
-12.480 7.140 -28.140 31.600 .987
-12.480 7.140 -28.140 31.600 .987
-11.760 6.660 -27.780 30.893 .897
-11.760 6.660 -27.780 30.893 .897
-11.220 7.140 -27.480 30.529 .729
-11.220 7.140 -27.480 30.529 .729
-10.020 6.660 -28.080 30.549 .955
-10.020 6.660 -28.080 30.549 .973
-9.120 5.820 -29.940 31.835 .973
-9.120 5.820 -29.940 31.835 .783
-7.680 5.520 -31.920 33.292 .783
-7.680 5.520 -31.920 33.292 .715
-6.060 4.800 -33.660 34.536 .715
-6.060 4.800 -33.660 34.536 .717
-4.440 4.800 -35.760 36.353 .717
-4.440 4.800 -35.760 36.353 .487
-3.420 5.940 -37.080 37.708 .601
-3.420 5.940 -37.080 37.708 .601
-2.100 6.180 -38.760 39.306 .885
-2.100 6.180 -38.760 39.306 .885
-.720 7.920 -39.960 40.744 .472
-.720 7.920 -39.960 40.744 .472
-.060 9.540 -39.840 40.966 .319
-.060 9.540 -39.840 40.966 .024
.480 10.080 -39.240 40.517 .024
.480 10.080 -39.240 40.517 -.020
.540 11.460 -37.740 39.445 -.020
.540 11.460 -37.740 39.445 -.121
-.120 11.580 -35.940 37.760 -.121
-.120 11.580 -35.940 37.760 .292
-.360 11.880 -34.560 36.547 .269
-.360 11.880 -34.560 36.547 .269
-.120 12.600 -33.300 35.604 .239
-.120 12.600 -33.300 35.604 .239
.180 12.900 -32.820 35.265 .174
.180 12.900 -32.820 35.265 .174
.180 12.900 -32.940 35.376 -.036
.180 12.900 -32.940 35.376 -.036
-.360 12.300 -33.300 35.501 -.246
-.360 12.300 -33.300 35.501 -.246
-1.320 11.580 -34.560 36.472 .197
-1.320 11.580 -34.560 36.472 .303
-1.800 10.620 -36.780 38.325 .303
-1.800 10.620 -36.780 38.325 .227
-2.340 10.140 -38.820 40.191 .227
-2.340 10.140 -38.820 40.191 .041
-2.220 9.600 -41.400 42.556 .041
-2.220 9.600 -41.400 42.556 .081
-2.520 9.060 -43.440 44.446 .081
-2.520 9.060 -43.440 44.446 .019
-3.960 9.240 -44.340 45.465 .525
-3.960 9.240 -44.340 45.465 .525
-5.100 8.400 -45.300 46.354 .923
-5.100 8.400 -45.300 46.354 .923
-6.240 8.640 -45.600 46.829 .503
-6.240 8.640 -45.600 46.829 .503
-6.900 9.120 -46.140 47.536 .499
-6.900 9.120 -46.140 47.536 .499
-7.920 9.420 -46.320 47.927 .533
-7.920 9.420 -46.320 47.927 .412
-8.160 10.380 -46.620 48.454 .412
-8.160 10.380 -46.620 48.454 .514
-9.720 10.080 -46.920 48.965 .514
-9.720 10.080 -46.920 48.965 .933
-10.980 9.780 -46.260 48.541 .933
-10.980 9.780 -46.260 48.541 .734
-11.880 8.760 -46.080 48.386 .771
-11.880 8.760 -46.080 48.386 .771
-13.620 7.320 -45.420 47.980 .967
-13.620 7.320 -45.420 47.980 .967
-14.820 7.500 -43.980 47.012 .797
-14.820 7.500 -43.980 47.012 .797
-16.080 7.560 -42.480 46.046 .823
-16.080 7.560 -42.480 46.046 1.168
-17.820 7.560 -40.380 44.780 1.168
-17.820 7.560 -40.380 44.780 .931
-19.620 9.120 -38.100 43.815 .931
-19.620 9.120 -38.100 43.815 1.017
-20.940 10.140 -35.880 42.763 1.017
-20.940 10.140 -35.880 42.763 1.185
-22.860 11.220 -33.300 41.921 1.185
-22.860 11.220 -33.300 41.921 .984
-24.000 13.320 -30.120 40.751 .931
-24.000 13.320 -30.120 40.751 .931
-25.680 14.220 -26.880 39.802 1.103
-25.680 14.220 -26.880 39.802 1.103
-28.140 14.400 -23.880 39.617 1.100
-28.140 14.400 -23.880 39.617 1.100
-29.580 15.000 -20.700 39.096 1.057
-29.580 15.000 -20.700 39.096 1.057
-30.720 15.240 -18.060 38.757 1.143
-30.720 15.240 -18.060 38.757 1.143
-30.540 15.240 -14.940 37.258 1.035
-30.540 15.240 -14.940 37.258 1.085
-29.640 15.720 -11.460 35.454 1.085
-29.640 15.720 -11.460 35.454 1.071
-29.040 15.180 -8.280 33.798 1.071
-29.040 15.180 -8.280 33.798 1.094
-28.080 14.700 -5.640 32.193 1.094
-28.080 14.700 -5.640 32.193 1.079
-26.280 15.060 -3.240 30.462 1.047
-26.280 15.060 -3.240 30.462 1.047
-24.120 15.420 -2.460 28.733 1.004
-24.120 15.420 -2.460 28.733 1.004
-21.360 16.860 -1.740 27.268 .905
-21.360 16.860 -1.740 27.268 .905
-18.960 18.240 -1.080 26.331 .909
-18.960 18.240 -1.080 26.331 .809
-16.920 19.200 -1.800 25.655 .809
-16.920 19.200 -1.800 25.655 .726
-13.500 19.860 -1.800 24.081 .726
-13.500 19.860 -1.800 24.081 .599
-9.720 19.080 -3.180 21.648 .599
-9.720 19.080 -3.180 21.648 .463
-5.880 17.160 -6.540 19.282 .463
-5.880 17.160 -6.540 19.282 .341
-2.640 14.520 -9.900 17.771 .155
-2.640 14.520 -9.900 17.771 .155
-1.440 11.580 -15.420 19.338 .092
-1.440 11.580 -15.420 19.338 .092
-1.140 8.460 -21.420 23.058 .074
-1.140 8.460 -21.420 23.058 .074
-1.440 6.180 -26.880 27.619 .118
-1.440 6.180 -26.880 27.619 .118
-1.740 5.160 -31.740 32.204 -.042
-1.740 5.160 -31.740 32.204 -.042
-2.520 3.480 -35.700 35.958 -.180
-2.520 3.480 -35.700 35.958 .324
-3.420 3.180 -37.800 38.087 .324
-3.420 3.180 -37.800 38.087 .623
-4.500 1.980 -38.880 39.190 .623
-4.500 1.980 -38.880 39.190 .957
-6.120 .240 -40.500 40.960 .957
-6.120 .240 -40.500 40.960 .710
-7.320 .540 -41.160 41.809 .710
-7.320 .540 -41.160 41.809 1.085
-8.400 .780 -41.640 42.486 1.327
-8.400 .780 -41.640 42.486 1.327
-8.760 1.740 -42.120 43.056 1.135
-8.760 1.740 -42.120 43.056 1.135
-8.340 2.760 -42.060 42.968 .953
-8.280 3.420 -42.240 43.180 .794
-8.280 3.420 -42.240 43.180 .794
-8.160 3.900 -43.080 44.019 .744
-8.160 3.900 -43.080 44.019 .744
-8.160 3.900 -43.080 44.019 1.001
