X Y Z F A
-6.600 -40.320 -10.800 42.260 .000
-6.600 -40.320 -10.800 42.260 2.958
-6.720 -40.560 -10.860 42.523 2.958
-6.720 -40.560 -10.860 42.523 2.949
-6.480 -40.620 -10.860 42.543 2.954
-6.240 -40.740 -10.980 42.653 2.954
-6.240 -40.740 -10.980 42.653 2.952
-6.240 -40.740 -10.980 42.653 2.952
-5.520 -41.460 -11.280 43.320 3.015
-5.520 -41.460 -11.280 43.320 3.015
-4.560 -41.760 -11.940 43.672 2.972
-4.020 -42.720 -12.840 44.789 3.029
-4.020 -42.720 -12.840 44.789 3.023
-3.120 -43.800 -14.760 46.325 3.043
-3.120 -43.800 -14.760 46.325 3.043
-2.100 -44.700 -16.800 47.799 3.037
-2.100 -44.700 -16.800 47.799 3.037
-.960 -45.600 -18.780 49.325 3.090
-.960 -45.600 -18.780 49.325 3.090
.660 -46.920 -21.240 51.508 3.066
.660 -46.920 -21.240 51.508 3.094
1.980 -47.760 -23.400 53.221 3.094
1.980 -47.760 -23.400 53.221 -3.137
2.160 -47.700 -25.980 54.359 -3.137
2.160 -47.700 -25.980 54.359 -3.134
2.280 -47.400 -29.100 55.667 -3.134
2.280 -47.400 -29.100 55.667 -3.054
1.860 -45.180 -32.100 55.454 3.082
1.860 -45.180 -32.100 55.454 3.082
1.260 -42.840 -35.520 55.664 -3.095
1.260 -42.840 -35.520 55.664 -3.095
.600 -39.540 -38.100 54.912 -3.128
.600 -39.540 -38.100 54.912 -3.128
-.300 -36.660 -39.540 53.921 3.073
-.300 -36.660 -39.540 53.921 3.073
-1.380 -34.080 -40.260 52.766 2.977
-1.380 -34.080 -40.260 52.766 2.977
-3.060 -32.580 -39.300 51.140 2.968
-3.060 -32.580 -39.300 51.140 3.130
-4.440 -33.000 -38.460 50.871 3.130
-4.440 -33.000 -38.460 50.871 2.815
-5.580 -34.380 -37.800 51.400 2.815
-5.580 -34.380 -37.800 51.400 2.820
-7.140 -36.660 -36.540 52.250 2.820
-7.140 -36.660 -36.540 52.250 2.811
-9.000 -39.780 -35.220 53.888 2.748
-9.000 -39.780 -35.220 53.888 2.748
-10.800 -42.000 -33.660 54.897 2.703
-10.800 -42.000 -33.660 54.897 2.703
-12.720 -44.460 -31.500 55.953 2.816
-12.720 -44.460 -31.500 55.953 2.816
-14.100 -46.500 -29.760 56.980 2.703
-14.100 -46.500 -29.760 56.980 2.663
-14.520 -46.320 -27.960 56.019 2.663
-14.520 -46.320 -27.960 56.019 2.620
-15.480 -47.640 -24.900 55.939 2.620
-15.480 -47.640 -24.900 55.939 2.667
-17.160 -48.120 -21.900 55.584 2.667
-17.160 -48.120 -21.900 55.584 2.644
-19.080 -48.540 -19.440 55.660 2.644
-19.080 -48.540 -19.440 55.660 2.694
-20.760 -50.640 -16.860 57.268 2.667
-20.760 -50.640 -16.860 57.268 2.667
-21.120 -52.320 -16.440 58.768 2.676
-21.120 -52.320 -16.440 58.768 2.676
-19.980 -53.700 -18.420 60.185 2.683
-19.980 -53.700 -18.420 60.185 2.683
-18.180 -55.320 -19.920 61.544 2.717
-18.180 -55.320 -19.920 61.544 2.717
-16.860 -55.320 -23.160 62.297 2.735
-16.860 -55.320 -23.160 62.297 2.735
-15.900 -53.580 -26.220 61.734 2.779
-15.900 -53.580 -26.220 61.734 2.850
-14.940 -51.840 -27.360 60.491 2.850
-14.940 -51.840 -27.360 60.491 2.775
-12.900 -50.040 -28.800 59.160 2.775
-12.900 -50.040 -28.800 59.160 2.759
-10.620 -49.560 -28.500 58.148 2.759
-10.620 -49.560 -28.500 58.148 2.870
-8.340 -48.900 -27.900 56.914 2.873
-8.340 -48.900 -27.900 56.914 2.873
-6.600 -47.580 -27.480 55.340 2.876
-6.600 -47.580 -27.480 55.340 2.876
-5.880 -46.200 -27.780 54.229 3.066
-5.880 -46.200 -27.780 54.229 3.066
-4.440 -43.920 -28.620 52.610 2.936
-4.440 -43.920 -28.620 52.610 2.936
-2.700 -43.080 -29.460 52.260 2.987
-2.700 -43.080 -29.460 52.260 2.987
-.960 -42.840 -30.000 52.309 2.960
-.960 -42.840 -30.000 52.309 2.926
.000 -42.300 -29.880 51.789 2.926
.000 -42.300 -29.880 51.789 3.071
.360 -41.460 -29.760 51.036 3.071
.360 -41.460 -29.760 51.036 -3.106
.780 -39.600 -29.520 49.398 3.078
.780 -39.600 -29.520 49.398 3.078
1.740 -38.340 -29.520 48.419 3.076
1.740 -38.340 -29.520 48.419 3.076
4.020 -36.780 -29.940 47.596 -3.053
4.020 -36.780 -29.940 47.596 -3.053
6.540 -36.420 -30.720 48.093 -3.009
6.540 -36.420 -30.720 48.093 -3.009
8.820 -35.700 -32.340 48.971 -2.956
8.820 -35.700 -32.340 48.971 -2.870
10.620 -34.800 -34.920 50.430 -2.870
10.620 -34.800 -34.920 50.430 -2.712
13.320 -34.260 -37.500 52.511 -2.712
13.320 -34.260 -37.500 52.511 -2.751
15.600 -33.180 -40.200 54.409 -2.751
15.600 -33.180 -40.200 54.409 -2.788
19.020 -32.760 -43.560 57.727 -2.788
19.020 -32.760 -43.560 57.727 -2.691
22.620 -32.700 -47.160 61.685 -2.691
22.620 -32.700 -47.160 61.685 -2.640
24.660 -33.060 -51.120 65.684 -2.331
24.660 -33.060 -51.120 65.684 -2.331
27.240 -35.160 -54.480 70.330 -2.272
27.240 -35.160 -54.480 70.330 -2.272
28.860 -37.500 -56.340 73.575 -2.358
28.860 -37.500 -56.340 73.575 -2.358
30.360 -39.000 -57.720 75.989 -2.485
30.360 -39.000 -57.720 75.989 -2.485
31.620 -41.820 -58.740 78.735 -2.457
31.620 -41.820 -58.740 78.735 -2.499
30.960 -43.560 -59.280 79.813 -2.499
30.960 -43.560 -59.280 79.813 -2.535
29.040 -46.680 -59.520 81.025 -2.535
29.040 -46.680 -59.520 81.025 -2.508
26.700 -51.000 -57.660 81.477 -2.575
26.700 -51.000 -57.660 81.477 -2.575
23.880 -53.340 -55.440 80.554 -2.666
23.880 -53.340 -55.440 80.554 -2.666
22.500 -54.780 -53.160 79.581 -2.828
22.500 -54.780 -53.160 79.581 -2.828
21.960 -55.260 -50.520 78.027 -2.935
21.960 -55.260 -50.520 78.027 -2.935
20.400 -55.020 -48.960 76.423 -2.762
20.400 -55.020 -48.960 76.423 -2.783
18.720 -55.500 -46.440 74.749 -2.783
18.720 -55.500 -46.440 74.749 -2.839
16.680 -55.980 -44.220 73.262 -2.839
16.680 -55.980 -44.220 73.262 -2.805
14.940 -54.960 -42.960 71.340 -2.805
14.940 -54.960 -42.960 71.340 -2.944
13.800 -54.240 -41.280 69.545 -2.944
13.800 -54.240 -41.280 69.545 -2.997
13.500 -52.620 -40.080 67.509 -2.994
13.500 -52.620 -40.080 67.509 -2.994
12.960 -50.700 -39.420 65.516 -2.890
12.960 -50.700 -39.420 65.516 -2.890
12.300 -49.980 -37.740 63.825 -2.845
12.300 -49.980 -37.740 63.825 -2.845
11.700 -48.180 -36.480 61.555 -2.854
11.700 -48.180 -36.480 61.555 -2.854
11.700 -46.080 -36.060 59.671 -2.954
11.700 -46.080 -36.060 59.671 -2.977
11.940 -45.300 -34.080 57.932 -2.977
11.220 -43.800 -33.120 56.047 -2.893
11.220 -43.800 -33.120 56.047 -2.893
11.220 -43.800 -33.120 56.047 -2.882
10.860 -42.780 -32.040 54.540 -2.882
10.860 -42.780 -32.040 54.540 -2.822
9.780 -43.020 -29.340 52.983 -2.822
9.780 -43.020 -29.340 52.983 -2.883
8.580 -42.000 -27.780 51.082 -2.883
8.580 -42.000 -27.780 51.082 -2.897
9.180 -41.460 -25.980 49.781 -2.999
9.180 -41.460 -25.980 49.781 -2.999
9.360 -41.400 -22.980 48.266 -2.950
9.360 -41.400 -22.980 48.266 -2.926
9.300 -40.680 -21.240 46.824 -2.877
9.300 -40.680 -21.240 46.824 -2.916
9.540 -40.500 -19.140 45.800 -2.916
9.540 -40.500 -19.140 45.800 -2.912
9.000 -40.200 -16.020 44.200 -2.912
9.000 -40.200 -16.020 44.200 -2.909
8.220 -39.600 -15.060 43.157 -2.909
8.220 -39.600 -15.060 43.157 -2.988
7.980 -39.120 -13.920 42.283 -2.990
7.980 -39.120 -13.920 42.283 -2.990
8.040 -38.880 -13.380 41.897 -2.953
8.040 -38.880 -13.380 41.897 -2.953
7.560 -38.700 -14.340 41.958 -2.970
7.560 -38.700 -14.340 41.958 -2.970
8.520 -39.600 -15.180 43.257 -2.895
8.520 -39.600 -15.180 43.257 -2.895
9.000 -40.140 -16.620 44.367 -2.920
9.000 -40.140 -16.620 44.367 -2.941
9.600 -40.260 -18.300 45.254 -2.941
9.600 -40.260 -18.300 45.254 -2.965
11.280 -40.860 -19.320 46.584 -2.965
11.280 -40.860 -19.320 46.584 -2.929
11.820 -41.520 -20.160 47.645 -2.929
11.820 -41.520 -20.160 47.645 -2.880
12.300 -42.900 -20.280 49.020 -2.880
12.300 -42.900 -20.280 49.020 -2.831
13.020 -44.580 -20.640 50.822 -2.871
13.020 -44.580 -20.640 50.822 -2.871
14.280 -46.080 -21.120 52.663 -2.850
14.280 -46.080 -21.120 52.663 -2.850
15.720 -46.620 -22.200 53.976 -2.840
15.720 -46.620 -22.200 53.976 -2.840
17.280 -47.280 -23.460 55.537 -2.797
17.280 -47.280 -23.460 55.537 -2.797
18.060 -48.600 -24.600 57.387 -2.791
18.060 -48.600 -24.600 57.387 -2.755
17.640 -49.560 -26.100 58.725 -2.755
17.640 -49.560 -26.100 58.725 -2.740
17.220 -51.180 -26.280 60.055 -2.740
17.220 -51.180 -26.280 60.055 -2.796
17.400 -51.960 -26.820 61.007 -2.796
17.400 -51.960 -26.820 61.007 -2.877
18.180 -52.080 -26.820 61.336 -2.877
17.640 -52.380 -26.220 61.175 -2.841
17.640 -52.380 -26.220 61.175 -2.853
16.920 -51.660 -26.460 60.458 -2.853
16.920 -51.660 -26.460 60.458 -2.852
15.600 -51.840 -26.160 60.126 -2.852
15.600 -51.840 -26.160 60.126 -2.729
13.260 -52.320 -25.260 59.593 -2.887
13.260 -52.320 -25.260 59.593 -2.887
12.060 -52.440 -24.780 59.241 -2.887
12.060 -52.440 -24.780 59.241 -2.887
11.220 -53.340 -23.460 59.342 -2.925
11.220 -53.340 -23.460 59.342 -2.925
10.380 -53.940 -21.840 59.112 -2.966
10.380 -53.940 -21.840 59.112 -2.966
8.700 -53.700 -21.180 58.378 -2.938
8.700 -53.700 -21.180 58.378 -2.991
7.320 -53.340 -19.740 57.345 -2.991
7.320 -53.340 -19.740 57.345 -2.989
5.340 -52.200 -18.600 55.671 -2.989
5.340 -52.200 -18.600 55.671 -3.085
4.380 -49.740 -18.300 53.180 -3.085
4.380 -49.740 -18.300 53.180 -3.128
4.740 -47.220 -16.680 50.303 -3.128
4.740 -47.220 -16.680 50.303 -3.069
5.340 -44.220 -15.540 47.174 -3.044
5.340 -44.220 -15.540 47.174 -3.044
5.640 -40.740 -15.120 43.820 -3.015
5.640 -40.740 -15.120 43.820 -3.015
4.740 -38.280 -13.620 40.906 -2.955
4.740 -38.280 -13.620 40.906 -2.955
4.560 -35.700 -13.800 38.545 -3.041
4.560 -35.700 -13.800 38.545 -3.041
3.960 -33.600 -13.860 36.561 -3.029
3.960 -33.600 -13.860 36.561 -3.058
4.080 -33.180 -12.780 35.789 -3.058
4.080 -33.180 -12.780 35.789 -3.037
4.320 -33.000 -12.180 35.440 -3.037
4.320 -33.000 -12.180 35.440 -3.029
3.840 -33.780 -10.920 35.708 -3.029
3.840 -33.780 -10.920 35.708 -3.037
3.840 -35.940 -9.720 37.429 -3.037
3.840 -35.940 -9.720 37.429 -3.036
3.840 -37.740 -9.480 39.101 -3.036
3.840 -37.740 -9.480 39.101 -3.041
4.020 -40.200 -9.660 41.539 -3.044
4.020 -40.200 -9.660 41.539 -3.044
3.960 -43.200 -9.600 44.431 -3.055
3.960 -43.200 -9.600 44.431 -3.055
3.600 -45.360 -10.080 46.606 -3.054
3.600 -45.360 -10.080 46.606 -3.054
3.240 -47.580 -10.020 48.731 -3.052
3.240 -47.580 -10.020 48.731 -3.066
3.900 -49.980 -9.240 50.976 -3.066
3.900 -49.980 -9.240 50.976 -3.054
4.380 -51.600 -9.480 52.646 -3.054
4.380 -51.600 -9.480 52.646 -3.075
6.120 -53.160 -9.960 54.430 -3.075
6.120 -53.160 -9.960 54.430 -3.025
8.040 -55.260 -10.560 56.832 -3.025
8.040 -55.260 -10.560 56.832 -2.995
9.240 -55.680 -12.900 57.897 -2.966
9.240 -55.680 -12.900 57.897 -2.966
11.400 -55.920 -14.160 58.801 -2.913
11.400 -55.920 -14.160 58.801 -2.913
13.020 -55.500 -15.780 59.150 -2.916
13.020 -55.500 -15.780 59.150 -2.916
15.360 -52.920 -17.280 57.750 -2.868
15.360 -52.920 -17.280 57.750 -2.868
18.300 -51.420 -16.860 57.124 -2.868
18.300 -51.420 -16.860 57.124 -2.793
20.580 -49.380 -17.280 56.218 -2.793
20.580 -49.380 -17.280 56.218 -2.719
22.680 -47.340 -16.980 55.170 -2.719
22.680 -47.340 -16.980 55.170 -2.669
24.120 -46.860 -15.960 55.067 -2.669
24.120 -46.860 -15.960 55.067 -2.648
26.280 -45.600 -15.180 54.776 -2.583
26.280 -45.600 -15.180 54.776 -2.583
28.800 -43.320 -14.460 53.992 -2.533
28.800 -43.320 -14.460 53.992 -2.533
30.780 -42.000 -13.080 53.689 -2.517
30.780 -42.000 -13.080 53.689 -2.517
32.340 -39.720 -12.660 52.762 -2.509
32.340 -39.720 -12.660 52.762 -2.509
33.000 -38.640 -12.240 52.267 -2.448
33.000 -38.640 -12.240 52.267 -2.448
33.000 -39.060 -11.580 52.429 -2.415
33.000 -39.060 -11.580 52.429 -2.398
32.880 -38.880 -11.460 52.193 -2.398
32.880 -38.880 -11.460 52.193 -2.447
32.700 -39.300 -12.420 52.612 -2.447
32.700 -39.300 -12.420 52.612 -2.427
31.320 -39.300 -13.860 52.130 -2.458
31.320 -39.300 -13.860 52.130 -2.458
29.820 -39.000 -15.840 51.586 -2.513
29.820 -39.000 -15.840 51.586 -2.513
28.560 -39.420 -18.000 51.900 -2.510
28.560 -39.420 -18.000 51.900 -2.510
27.240 -39.660 -19.140 51.781 -2.528
27.240 -39.660 -19.140 51.781 -2.528
26.520 -38.820 -19.980 51.083 -2.517
26.520 -38.820 -19.980 51.083 -2.517
25.500 -38.760 -20.400 50.683 -2.547
25.500 -38.760 -20.400 50.683 -2.553
24.420 -39.180 -20.220 50.401 -2.553
24.420 -39.180 -20.220 50.401 -2.578
23.220 -39.840 -20.460 50.448 -2.578
23.220 -39.840 -20.460 50.448 -2.598
22.080 -41.340 -21.240 51.455 -2.598
22.080 -41.340 -21.240 51.455 -2.592
21.780 -42.420 -22.080 52.549 -2.592
21.780 -42.420 -22.080 52.549 -2.586
21.360 -42.120 -23.100 52.573 -2.660
21.360 -42.120 -23.100 52.573 -2.660
21.360 -42.480 -24.060 53.289 -2.704
21.360 -42.480 -24.060 53.289 -2.704
20.580 -42.600 -25.140 53.575 -2.719
20.580 -42.600 -25.140 53.575 -2.719
18.900 -42.540 -26.700 53.663 -2.715
18.900 -42.540 -26.700 53.663 -2.728
17.220 -43.260 -28.380 54.529 -2.728
17.220 -43.260 -28.380 54.529 -2.717
15.780 -43.500 -29.760 55.017 -2.717
15.780 -43.500 -29.760 55.017 -2.764
14.880 -43.140 -31.200 55.280 -2.764
14.880 -43.140 -31.200 55.280 -2.810
14.400 -43.440 -31.500 55.558 -2.877
14.400 -43.440 -31.500 55.558 -2.877
13.560 -43.380 -32.220 55.712 -2.833
13.560 -43.380 -32.220 55.712 -2.833
11.520 -42.840 -32.880 55.218 -2.877
11.520 -42.840 -32.880 55.218 -2.877
9.960 -43.200 -33.240 55.411 -2.855
9.960 -43.200 -33.240 55.411 -2.855
8.100 -42.180 -33.420 54.421 -2.833
8.100 -42.180 -33.420 54.421 -3.060
6.720 -41.340 -33.360 53.545 -3.060
6.720 -41.340 -33.360 53.545 -3.065
5.700 -40.620 -32.520 52.345 -3.065
5.700 -40.620 -32.520 52.345 -3.002
4.200 -39.780 -31.620 50.989 -3.002
4.200 -39.780 -31.620 50.989 -2.966
2.700 -39.900 -30.780 50.465 -2.966
2.700 -39.900 -30.780 50.465 -3.004
1.260 -40.080 -29.940 50.044 -3.099
1.260 -40.080 -29.940 50.044 -3.099
.600 -40.260 -30.360 50.428 -3.121
.600 -40.260 -30.360 50.428 -3.121
-.120 -41.580 -30.180 51.378 3.100
-.120 -41.580 -30.180 51.378 3.100
-.540 -42.600 -30.180 52.210 3.127
-.540 -42.600 -30.180 52.210 3.127
-.660 -43.380 -30.240 52.884 3.073
-.660 -43.380 -30.240 52.884 -3.118
-.840 -44.880 -28.680 53.268 -3.118
-.840 -44.880 -28.680 53.268 3.124
-.120 -44.700 -27.000 52.222 3.124
-.120 -44.700 -27.000 52.222 -3.113
1.200 -44.400 -25.440 51.186 -3.113
1.200 -44.400 -25.440 51.186 -3.120
2.760 -44.100 -22.440 49.558 -3.120
2.760 -44.100 -22.440 49.558 -3.067
4.320 -43.140 -20.100 47.788 -3.006
4.320 -43.140 -20.100 47.788 -3.006
5.400 -42.600 -17.700 46.446 -2.969
5.400 -42.600 -17.700 46.446 -2.969
6.960 -42.180 -14.640 45.188 -2.933
6.960 -42.180 -14.640 45.188 -2.933
8.700 -41.700 -12.180 44.305 -2.933
8.700 -41.700 -12.180 44.305 -2.933
10.560 -41.880 -9.360 44.193 -2.899
10.560 -41.880 -9.360 44.193 -2.907
12.840 -43.200 -6.420 45.523 -2.907
12.840 -43.200 -6.420 45.523 -2.847
14.220 -45.840 -4.320 48.189 -2.847
14.220 -45.840 -4.320 48.189 -2.836
14.700 -50.340 -2.520 52.503 -2.836
15.600 -54.720 -2.100 56.939 -2.855
15.600 -54.720 -2.100 56.939 -2.862
16.860 -58.140 -3.840 60.657 -2.862
16.860 -58.140 -3.840 60.657 -2.856
18.360 -60.480 -6.360 63.525 -2.856
18.360 -60.480 -6.360 63.525 -2.865
18.360 -60.480 -6.360 63.525 -2.865
20.160 -61.500 -8.880 65.326 -2.832
20.160 -61.500 -8.880 65.326 -2.832
21.420 -61.680 -11.880 66.365 -2.798
21.420 -61.680 -11.880 66.365 -2.798
21.180 -61.920 -14.580 67.047 -2.810
21.180 -61.920 -14.580 67.047 -2.795
21.600 -61.680 -17.100 67.553 -2.795
21.600 -61.680 -17.100 67.553 -2.805
22.380 -60.960 -20.100 67.978 -2.805
22.380 -60.960 -20.100 67.978 -2.818
23.340 -60.180 -22.140 68.239 -2.818
24.120 -59.280 -24.000 68.351 -2.788
24.120 -59.280 -24.000 68.351 -2.731
23.160 -57.840 -26.700 67.785 -2.731
23.160 -57.840 -26.700 67.785 -2.744
23.160 -57.840 -26.700 67.785 -2.744
20.700 -56.340 -29.160 66.731 -2.789
18.480 -53.820 -32.220 65.393 -2.789
18.480 -53.820 -32.220 65.393 -2.748
17.220 -50.160 -34.380 63.202 -2.748
17.220 -50.160 -34.380 63.202 -2.860
17.040 -46.920 -34.620 60.749 -2.882
17.040 -46.920 -34.620 60.749 -2.882
17.940 -44.220 -34.080 58.640 -2.808
17.940 -44.220 -34.080 58.640 -2.808
17.160 -43.200 -33.120 57.076 -2.738
17.160 -43.200 -33.120 57.076 -2.738
16.440 -44.520 -31.680 57.061 -2.800
16.440 -44.520 -31.680 57.061 -2.701
16.200 -46.560 -30.840 58.150 -2.701
16.200 -46.560 -30.840 58.150 -2.805
16.320 -48.000 -31.140 59.498 -2.805
16.320 -48.000 -31.140 59.498 -2.794
18.120 -50.640 -30.540 61.850 -2.794
18.120 -50.640 -30.540 61.850 -2.847
19.140 -53.340 -30.540 64.375 -2.847
19.140 -53.340 -30.540 64.375 -2.813
19.140 -56.280 -31.620 67.332 -2.772
19.140 -56.280 -31.620 67.332 -2.772
18.540 -60.000 -32.820 70.858 -2.762
18.540 -60.000 -32.820 70.858 -2.762
19.020 -61.680 -36.240 74.024 -2.799
19.020 -61.680 -36.240 74.024 -2.799
21.660 -60.960 -40.560 76.357 -2.800
21.660 -60.960 -40.560 76.357 -2.800
28.020 -57.780 -43.020 77.294 -2.823
28.020 -57.780 -43.020 77.294 -2.823
36.900 -51.660 -43.440 76.925 -2.630
36.900 -51.660 -43.440 76.925 -2.455
44.400 -42.540 -42.660 74.839 -2.455
44.400 -42.540 -42.660 74.839 -2.340
49.920 -29.460 -41.160 71.092 -2.340
49.920 -29.460 -41.160 71.092 -2.096
50.700 -15.780 -39.300 66.060 -2.096
50.700 -15.780 -39.300 66.060 -1.756
47.940 -1.440 -38.220 61.328 -1.606
47.940 -1.440 -38.220 61.328 -1.606
44.100 10.440 -34.320 56.848 -1.289
44.100 10.440 -34.320 56.848 -1.289
40.200 17.040 -29.940 52.942 -1.186
40.200 17.040 -29.940 52.942 -1.186
38.160 19.920 -25.620 50.094 -1.077
38.160 19.920 -25.620 50.094 -1.073
37.560 19.320 -20.940 47.143 -1.073
37.560 19.320 -20.940 47.143 -1.168
37.380 16.380 -18.060 44.629 -1.168
37.380 16.380 -18.060 44.629 -1.121
37.080 13.620 -14.040 41.923 -1.121
37.080 13.620 -14.040 41.923 -1.174
35.820 11.700 -10.560 39.134 -1.174
35.820 11.700 -10.560 39.134 -1.221
34.080 9.180 -8.520 36.309 -1.235
34.080 9.180 -8.520 36.309 -1.235
33.360 6.300 -6.600 34.585 -1.373
33.360 6.300 -6.600 34.585 -1.373
33.480 1.740 -5.940 34.047 -1.400
33.480 1.740 -5.940 34.047 -1.400
33.780 -3.360 -7.080 34.677 -1.495
33.780 -3.360 -7.080 34.677 -1.495
34.260 -7.560 -8.400 36.076 -1.629
34.260 -7.560 -8.400 36.076 -1.777
34.140 -9.480 -11.220 37.166 -1.777
34.140 -9.480 -11.220 37.166 -1.796
33.600 -10.680 -14.460 38.107 -1.796
33.600 -10.680 -14.460 38.107 -1.918
33.720 -11.100 -17.520 39.588 -1.918
33.720 -11.100 -17.520 39.588 -1.788
33.180 -10.860 -20.520 40.496 -1.788
33.180 -10.860 -20.520 40.496 -1.825
32.340 -10.680 -23.040 41.119 -1.825
32.340 -10.680 -23.040 41.119 -1.769
31.320 -8.940 -25.320 41.255 -1.757
31.320 -8.940 -25.320 41.255 -1.757
30.180 -6.180 -25.980 40.299 -1.660
30.180 -6.180 -25.980 40.299 -1.660
29.820 -3.840 -25.800 39.618 -1.821
29.820 -3.840 -25.800 39.618 -1.821
29.580 -2.100 -24.540 38.492 -1.564
29.580 -2.100 -24.540 38.492 -1.820
29.760 -1.740 -22.980 37.640 -1.820
29.760 -1.740 -22.980 37.640 -1.526
29.760 -1.920 -20.940 36.439 -1.526
29.760 -1.920 -20.940 36.439 -1.538
29.580 -1.740 -19.020 35.210 -1.538
29.580 -1.740 -19.020 35.210 -1.484
29.040 -2.100 -17.580 34.012 -1.445
29.040 -2.100 -17.580 34.012 -1.445
28.800 -2.280 -15.180 32.635 -1.553
28.800 -2.280 -15.180 32.635 -1.553
28.500 -3.780 -13.440 31.736 -1.673
28.500 -3.780 -13.440 31.736 -1.673
28.680 -6.300 -11.700 31.609 -1.750
28.680 -6.300 -11.700 31.609 -1.750
28.800 -8.400 -9.900 31.591 -1.763
28.800 -8.400 -9.900 31.591 -1.852
28.980 -9.780 -9.240 31.951 -1.852
28.980 -9.780 -9.240 31.951 -1.952
28.920 -10.740 -8.940 32.119 -1.952
28.920 -10.740 -8.940 32.119 -1.911
28.860 -11.820 -8.580 32.345 -1.911
28.860 -11.820 -8.580 32.345 -1.948
29.160 -13.560 -8.040 33.148 -1.948
29.160 -13.560 -8.040 33.148 -2.005
28.800 -16.860 -7.800 34.272 -2.005
28.800 -16.860 -7.800 34.272 -2.066
29.040 -19.800 -7.800 36.003 -2.119
29.040 -19.800 -7.800 36.003 -2.119
28.680 -21.480 -8.940 36.930 -2.178
28.680 -21.480 -8.940 36.930 -2.178
28.620 -21.720 -10.380 37.398 -2.214
28.620 -21.720 -10.380 37.398 -2.214
28.860 -20.880 -12.000 37.588 -2.232
28.860 -20.880 -12.000 37.588 -2.201
28.740 -20.040 -12.960 37.357 -2.201
28.740 -20.040 -12.960 37.357 -2.189
28.560 -19.320 -13.320 36.964 -2.189
28.560 -19.320 -13.320 36.964 -2.095
28.620 -18.300 -14.040 36.758 -2.095
28.620 -18.300 -14.040 36.758 -2.090
28.560 -15.960 -13.860 35.532 -2.090
28.560 -15.960 -13.860 35.532 -2.152
28.020 -12.840 -14.460 34.045 -1.943
28.020 -12.840 -14.460 34.045 -1.943
28.380 -10.080 -14.040 33.229 -1.847
28.380 -10.080 -14.040 33.229 -1.847
28.500 -8.280 -12.960 32.385 -1.839
28.500 -8.280 -12.960 32.385 -1.839
28.920 -7.140 -12.300 32.228 -1.846
28.920 -7.140 -12.300 32.228 -1.846
29.880 -6.360 -10.440 32.284 -1.768
29.880 -6.360 -10.440 32.284 -1.731
29.760 -4.560 -8.940 31.407 -1.731
29.760 -4.560 -8.940 31.407 -1.761
28.980 -2.760 -8.040 30.201 -1.761
28.980 -2.760 -8.040 30.201 -1.624
28.140 -1.740 -6.480 28.929 -1.624
28.140 -1.740 -6.480 28.929 -1.624
27.420 -2.400 -4.740 27.930 -1.691
27.420 -2.400 -4.740 27.930 -1.691
27.360 -4.740 -4.320 28.102 -1.737
27.360 -4.740 -4.320 28.102 -1.737
28.320 -7.560 -2.880 29.453 -1.798
28.320 -7.560 -2.880 29.453 -1.798
28.740 -10.500 -2.340 30.687 -1.891
28.740 -10.500 -2.340 30.687 -1.891
28.680 -12.600 -4.140 31.598 -1.962
28.680 -12.600 -4.140 31.598 -1.962
28.020 -14.340 -6.000 32.043 -1.983
28.020 -14.340 -6.000 32.043 -2.031
26.760 -16.140 -8.760 32.455 -2.031
26.760 -16.140 -8.760 32.455 -2.104
26.100 -17.880 -12.600 34.054 -2.127
26.100 -17.880 -12.600 34.054 -2.112
25.200 -19.140 -15.300 35.149 -2.192
25.200 -19.140 -15.300 35.149 -2.135
24.600 -19.020 -18.180 36.020 -2.207
24.600 -19.020 -18.180 36.020 -2.173
24.180 -20.040 -21.120 37.846 -2.183
23.640 -20.760 -24.000 39.571 -2.200
23.640 -20.760 -24.000 39.571 -2.179
23.640 -20.760 -24.000 39.571 -2.199
23.280 -21.660 -26.400 41.329 -2.273
22.920 -23.040 -28.320 43.107 -2.157
22.920 -23.040 -28.320 43.107 -2.268
22.200 -22.740 -30.300 43.909 -2.188
22.200 -22.740 -30.300 43.909 -2.269
21.060 -20.160 -31.560 42.965 -2.235
21.060 -20.160 -31.560 42.965 -2.295
21.060 -20.160 -31.560 42.965 -2.129
20.940 -16.980 -32.460 42.195 -2.028
20.280 -12.420 -31.980 39.853 -2.024
20.280 -12.420 -31.980 39.853 -1.913
20.280 -12.420 -31.980 39.853 -2.145
18.780 -6.720 -30.780 36.678 -1.557
17.100 -2.820 -29.460 34.180 -1.518
17.100 -2.820 -29.460 34.180 -1.472
13.500 1.380 -28.320 31.403 -1.675
13.500 1.380 -28.320 31.403 -1.312
13.500 1.380 -28.320 31.403 -1.385
9.120 4.680 -26.640 28.544 -.726
9.120 4.680 -26.640 28.544 -1.200
5.100 6.540 -25.020 26.359 -.418
5.100 6.540 -25.020 26.359 -.393
1.740 8.220 -23.040 24.524 -.223
1.740 8.220 -23.040 24.524 -.140
-.180 9.300 -21.300 23.242 .190
-.480 9.420 -21.120 23.131 .486
-.480 9.420 -21.120 23.131 .486
-.480 9.420 -21.120 23.131 .056
-.060 9.000 -20.880 22.737 .056
.060 8.880 -20.700 22.524 -.008
.060 8.880 -20.700 22.524 -.034
-.060 8.280 -20.940 22.518 -.034
-.060 8.280 -20.940 22.518 .338
-.240 7.380 -20.880 22.147 .338
-.240 7.380 -20.880 22.147 .023
-.060 6.720 -21.240 22.278 .023
-.060 6.720 -21.240 22.278 .027
.480 5.340 -22.200 22.838 -.565
.480 5.340 -22.200 22.838 -.565
.900 4.200 -22.560 22.965 .010
.900 4.200 -22.560 22.965 .010
.840 4.020 -22.980 23.344 -.568
.840 4.020 -22.980 23.344 -.568
-.660 4.320 -23.460 23.864 .724
-.660 4.320 -23.460 23.864 .724
-1.740 4.920 -23.640 24.209 .803
-1.740 4.920 -23.640 24.209 .299
-2.880 7.140 -24.240 25.433 .299
-2.880 7.140 -24.240 25.433 -2.018
-4.200 9.300 -24.720 26.743 -2.018
-4.200 9.300 -24.720 26.743 .249
-4.920 11.460 -24.780 27.741 .249
-4.920 11.460 -24.780 27.741 .393
-6.660 13.860 -24.780 29.163 .424
-6.660 13.860 -24.780 29.163 .424
-7.920 14.160 -26.220 30.834 .636
-7.920 14.160 -26.220 30.834 .636
-8.520 14.280 -27.120 31.812 .650
-8.520 14.280 -27.120 31.812 .650
-8.760 13.740 -29.460 33.666 .445
-8.760 13.740 -29.460 33.666 .445
-7.980 12.360 -33.240 36.350 .359
-7.980 12.360 -33.240 36.350 .328
-7.440 11.940 -36.120 38.763 .328
-7.440 11.940 -36.120 38.763 .628
-7.860 11.160 -40.740 42.966 .628
-7.860 11.160 -40.740 42.966 .758
-8.520 9.540 -45.600 47.360 .758
-8.520 9.540 -45.600 47.360 .885
-9.060 10.860 -49.740 51.712 .885
-9.060 10.860 -49.740 51.712 .838
-8.400 13.080 -52.680 54.926 .855
-8.400 13.080 -52.680 54.926 .855
-7.080 16.200 -54.180 56.992 .491
-7.080 16.200 -54.180 56.992 .491
-5.580 21.540 -53.460 57.906 .350
-5.580 21.540 -53.460 57.906 .493
-4.680 24.720 -50.880 56.761 .458
-4.680 24.720 -50.880 56.761 .505
-4.200 26.400 -47.880 54.837 .383
-4.200 26.400 -47.880 54.837 .180
-3.000 26.940 -43.980 51.662 .059
-3.000 26.940 -43.980 51.662 .275
-1.140 25.680 -39.960 47.514 -.174
-1.140 25.680 -39.960 47.514 .044
.780 24.000 -36.360 43.574 -.139
.780 24.000 -36.360 43.574 -.127
1.800 22.140 -32.280 39.184 .053
1.800 22.140 -32.280 39.184 .004
3.300 19.800 -29.160 35.401 -.003
3.300 19.800 -29.160 35.401 -.088
5.460 18.180 -26.400 32.516 -.313
5.460 18.180 -26.400 32.516 -.228
7.860 16.620 -23.460 29.806 -.627
7.860 16.620 -23.460 29.806 -.592
10.860 15.300 -21.300 28.385 -.676
10.860 15.300 -21.300 28.385 -.664
13.680 14.640 -18.420 27.217 -.745
13.680 14.640 -18.420 27.217 -.596
15.480 14.220 -15.360 26.034 -.774
15.480 14.220 -15.360 26.034 -.826
17.220 14.700 -13.080 26.148 -.823
17.220 14.700 -13.080 26.148 -.900
18.540 14.580 -11.280 26.145 -.906
18.540 14.580 -11.280 26.145 -.936
18.720 13.980 -10.620 25.664 -.925
18.720 13.980 -10.620 25.664 -.916
18.480 13.380 -10.860 25.268 -.926
18.480 13.380 -10.860 25.268 -.916
17.460 12.900 -10.740 24.220 -.956
17.460 12.900 -10.740 24.220 -.956
15.660 13.320 -10.680 23.167 -.916
15.660 13.320 -10.680 23.167 -.916
13.980 14.280 -10.560 22.602 -.851
13.980 14.280 -10.560 22.602 -.851
12.480 15.240 -9.360 21.809 -.811
12.480 15.240 -9.360 21.809 -.796
11.040 16.200 -8.340 21.304 -.796
11.040 16.200 -8.340 21.304 -.612
9.360 17.100 -7.140 20.761 -.612
9.360 17.100 -7.140 20.761 -.473
7.800 18.660 -5.040 20.843 -.473
7.800 18.660 -5.040 20.843 -.368
5.100 19.920 -3.660 20.886 -.241
5.100 19.920 -3.660 20.886 -.241
3.780 20.340 -2.400 20.827 -.175
3.780 20.340 -2.400 20.827 -.175
3.300 19.920 -1.080 20.220 -.176
3.300 19.920 -1.080 20.220 -.176
2.820 17.760 -1.500 18.045 -.171
2.820 17.760 -1.500 18.045 -.171
2.640 16.080 -2.280 16.454 -.156
2.640 16.080 -2.280 16.454 -.158
1.020 13.920 -3.780 14.460 -.158
1.020 13.920 -3.780 14.460 -.012
-1.080 12.360 -6.540 14.025 -.012
-1.080 12.360 -6.540 14.025 .168
-3.240 11.640 -8.640 14.854 .168
-3.240 11.640 -8.640 14.854 .259
-4.800 10.020 -10.680 15.411 .259
-4.800 10.020 -10.680 15.411 .442
-6.300 9.060 -12.000 16.303 .442
-6.300 9.060 -12.000 16.303 .515
-7.560 8.340 -12.300 16.673 .683
-7.560 8.340 -12.300 16.673 .683
-9.660 7.920 -11.700 17.115 .871
-9.660 7.920 -11.700 17.115 .871
-11.340 7.920 -10.920 17.623 .952
-11.340 7.920 -10.920 17.623 .952
-11.940 8.700 -9.720 17.684 1.057
-11.940 8.700 -9.720 17.684 .976
-12.360 10.260 -8.280 18.072 .976
-12.360 10.260 -8.280 18.072 .852
-12.600 11.940 -7.320 18.839 .852
-12.600 11.940 -7.320 18.839 .810
-13.320 14.040 -6.300 20.353 .810
-13.320 14.040 -6.300 20.353 .736
-14.640 15.780 -5.700 22.267 .736
-14.640 15.780 -5.700 22.267 .766
-15.120 17.400 -5.580 23.717 .731
-15.120 17.400 -5.580 23.717 .731
-15.480 19.440 -4.920 25.333 .683
-15.480 19.440 -4.920 25.333 .673
-15.720 21.540 -4.380 27.024 .615
-15.720 21.540 -4.380 27.024 .633
-16.260 22.980 -4.740 28.547 .620
-16.260 22.980 -4.740 28.547 .616
-18.120 23.520 -4.860 30.086 .666
-18.120 23.520 -4.860 30.086 .656
-19.920 22.620 -6.420 30.817 .717
-19.920 22.620 -6.420 30.817 .725
-20.700 21.600 -8.640 31.140 .760
-20.700 21.600 -8.640 31.140 .781
-20.340 21.360 -9.840 31.093 .777
-20.340 21.360 -9.840 31.093 .762
-20.280 19.620 -12.360 30.806 .786
-20.280 19.620 -12.360 30.806 .766
-18.600 18.480 -14.880 30.148 .746
-18.600 18.480 -14.880 30.148 .804
-17.940 16.560 -17.640 30.121 .763
-17.940 16.560 -17.640 30.121 .831
-18.120 13.560 -21.840 31.451 .995
-18.120 13.560 -21.840 31.451 .944
-15.960 12.540 -26.280 33.206 .969
-15.960 12.540 -26.280 33.206 .842
-14.340 13.080 -31.200 36.745 1.108
-14.340 13.080 -31.200 36.745 .800
-12.180 14.220 -36.600 41.111 .747
-12.180 14.220 -36.600 41.111 .423
-9.300 17.880 -41.220 45.883 .461
-9.300 17.880 -41.220 45.883 .584
-8.340 22.020 -44.340 50.204 .595
-8.340 22.020 -44.340 50.204 .573
-6.660 26.580 -45.420 53.046 .538
-6.660 26.580 -45.420 53.046 .463
-5.280 31.920 -44.640 55.132 .260
-5.280 31.920 -44.640 55.132 .260
-4.680 35.160 -42.060 55.020 .260
-4.680 35.160 -42.060 55.020 .082
-3.840 37.020 -39.060 53.953 .166
-3.840 37.020 -39.060 53.953 .166
-5.340 37.140 -36.120 52.082 .093
-5.340 37.140 -36.120 52.082 .093
-7.320 35.580 -34.080 49.809 .341
-7.320 35.580 -34.080 49.809 .341
-8.880 33.000 -33.240 47.673 .224
-8.880 33.000 -33.240 47.673 .293
-10.200 30.600 -31.440 45.043 .293
-10.200 30.600 -31.440 45.043 .288
-11.160 27.180 -30.300 42.206 .288
-11.160 27.180 -30.300 42.206 .334
-11.700 24.360 -28.320 39.145 .334
-11.700 24.360 -28.320 39.145 .396
-12.300 21.900 -26.160 36.266 .396
-12.300 21.900 -26.160 36.266 .537
-13.560 19.020 -24.960 34.185 .597
-13.560 19.020 -24.960 34.185 .597
-13.800 17.760 -22.620 31.899 .684
-13.800 17.760 -22.620 31.899 .684
-13.320 16.440 -21.000 29.811 .808
-13.320 16.440 -21.000 29.811 .808
-13.440 15.720 -18.960 28.058 .626
-13.440 15.720 -18.960 28.058 .626
-12.900 15.660 -17.040 26.495 .604
-12.900 15.660 -17.040 26.495 .684
-13.020 14.940 -15.780 25.332 .684
-13.020 14.940 -15.780 25.332 .749
-14.100 14.160 -14.040 24.422 .749
-14.100 14.160 -14.040 24.422 .735
-14.280 14.220 -12.660 23.799 .735
-14.280 14.220 -12.660 23.799 .706
-14.760 14.460 -11.040 23.427 .706
-14.760 14.460 -11.040 23.427 .713
-15.480 14.400 -10.020 23.396 .774
-15.480 14.400 -10.020 23.396 .774
-16.320 14.520 -9.180 23.695 .845
-16.320 14.520 -9.180 23.695 .845
-18.540 13.260 -9.300 24.618 .953
-18.540 13.260 -9.300 24.618 .953
-20.040 12.120 -9.960 25.450 .988
-20.040 12.120 -9.960 25.450 .988
-20.700 11.340 -11.940 26.451 .996
-20.700 11.340 -11.940 26.451 1.047
-21.540 10.920 -14.040 27.935 1.047
-21.540 10.920 -14.040 27.935 1.056
-21.900 11.340 -15.600 29.182 1.056
-21.900 11.340 -15.600 29.182 1.059
-22.860 11.040 -16.560 30.310 1.059
-22.860 11.040 -16.560 30.310 1.116
-23.940 10.320 -15.900 30.536 1.116
-23.940 10.320 -15.900 30.536 1.114
-24.300 10.080 -14.940 30.254 1.192
-24.300 10.080 -14.940 30.254 1.192
-24.180 9.780 -12.660 28.993 1.242
-24.180 9.780 -12.660 28.993 1.242
-23.760 9.420 -10.200 27.519 1.184
-23.760 9.420 -10.200 27.519 1.184
-23.460 9.420 -7.560 26.387 1.152
-23.460 9.420 -7.560 26.387 1.198
-23.460 8.880 -5.220 25.622 1.198
-23.460 8.880 -5.220 25.622 1.200
-23.400 8.400 -4.320 25.235 1.200
-23.400 8.400 -4.320 25.235 1.211
-23.520 8.700 -4.440 25.468 1.211
-23.520 8.700 -4.440 25.468 1.220
-23.640 9.240 -5.220 25.913 1.220
-23.640 9.240 -5.220 25.913 1.196
-23.280 9.720 -6.600 26.077 1.196
-23.280 9.720 -6.600 26.077 1.151
-22.680 10.620 -7.500 26.142 1.134
-22.680 10.620 -7.500 26.142 1.134
-21.840 11.220 -9.300 26.256 1.122
-21.840 11.220 -9.300 26.256 1.122
-20.520 11.640 -10.800 25.946 1.052
-20.520 11.640 -10.800 25.946 1.052
-19.020 12.300 -11.520 25.412 .972
-19.020 12.300 -11.520 25.412 1.018
-17.940 12.120 -12.480 24.990 1.018
-17.940 12.120 -12.480 24.990 .888
-16.680 12.480 -11.820 23.952 .888
-16.680 12.480 -11.820 23.952 .892
-15.900 12.660 -11.100 23.158 .892
-15.900 12.660 -11.100 23.158 .885
-15.240 12.840 -10.560 22.553 .885
-15.240 12.840 -10.560 22.553 .868
-14.520 13.800 -9.780 22.292 .779
-14.520 13.800 -9.780 22.292 .779
-13.320 15.060 -9.540 22.254 .714
-12.240 16.440 -9.780 22.710 .714
-12.240 16.440 -9.780 22.710 .630
-12.240 16.440 -9.780 22.710 .630
-11.100 18.240 -9.960 23.561 .499
-10.140 19.800 -11.580 25.079 .568
-10.140 19.800 -11.580 25.079 .568
-10.140 19.800 -11.580 25.079 .541
-9.840 20.760 -13.560 26.677 .541
-9.480 21.480 -15.720 28.256 .442
-9.480 21.480 -15.720 28.256 .442
-9.480 21.480 -15.720 28.256 .301
-9.900 21.540 -18.600 30.132 .301
-9.900 21.540 -18.600 30.132 .387
-10.260 20.460 -21.840 31.636 .387
-10.260 20.460 -21.840 31.636 .387
-10.560 18.720 -24.420 32.531 .507
-10.560 18.720 -24.420 32.531 .507
-11.580 15.900 -27.300 33.648 .697
-11.580 15.900 -27.300 33.648 .697
-11.400 12.960 -29.700 34.351 .659
-11.400 12.960 -29.700 34.351 .659
-11.160 11.340 -30.840 34.702 .671
-11.160 11.340 -30.840 34.702 .671
-11.280 9.420 -32.160 35.359 .566
-10.680 8.640 -33.000 35.745 .762
-10.680 8.640 -33.000 35.745 .762
-10.680 8.640 -33.000 35.745 .757
-10.740 8.700 -33.180 35.944 .757
-10.860 8.280 -33.480 36.158 .896
-10.860 8.280 -33.480 36.158 .896
-9.900 8.040 -34.260 36.557 .755
-9.900 8.040 -34.260 36.557 .760
-8.940 8.160 -35.040 37.072 .760
-8.940 8.160 -35.040 37.072 .940
-8.520 6.480 -37.140 38.652 .940
-8.520 6.480 -37.140 38.652 .159
-7.980 4.920 -39.180 40.286 .159
-7.980 4.920 -39.180 40.286 .224
-8.820 3.480 -40.560 41.654 .224
-8.820 3.480 -40.560 41.654 .711
-9.240 .960 -42.120 43.132 1.438
-9.240 .960 -42.120 43.132 1.438
-9.000 -.420 -42.300 43.249 .912
-9.000 -.420 -42.300 43.249 .912
-9.180 -1.800 -41.700 42.736 1.529
-9.180 -1.800 -41.700 42.736 1.529
-9.180 -1.800 -41.700 42.736 1.449
-8.700 -2.160 -40.500 41.480 1.449
-8.700 -2.160 -40.500 41.480 .906
-8.760 -1.020 -38.520 39.517 .906
-8.760 -1.020 -38.520 39.517 1.105
-9.060 .060 -36.720 37.821 1.501
-9.060 .060 -36.720 37.821 1.501
-8.640 1.800 -34.560 35.669 1.213
-8.460 4.560 -33.120 34.486 1.213
-8.460 4.560 -33.120 34.486 1.058
-7.620 7.260 -32.040 33.724 1.058
-7.620 7.260 -32.040 33.724 .571
-6.060 10.140 -31.380 33.530 .496
-6.060 10.140 -31.380 33.530 .496
-4.680 13.680 -31.320 34.496 .541
-4.680 13.680 -31.320 34.496 .541
-4.080 14.460 -32.760 36.041 .514
-4.080 14.460 -32.760 36.041 .514
-3.120 14.700 -34.680 37.796 .496
-3.120 14.700 -34.680 37.796 .135
-2.880 15.180 -36.300 39.451 .135
-2.880 15.180 -36.300 39.451 .135
-2.460 13.800 -38.400 40.878 .135
-2.460 13.800 -38.400 40.878 -.043
-1.260 13.620 -39.360 41.669 -.043
-1.260 13.620 -39.360 41.669 .083
-.960 13.380 -39.060 41.299 .083
-.960 13.380 -39.060 41.299 .013
-1.500 11.040 -39.300 40.849 .405
-1.500 11.040 -39.300 40.849 .405
-2.640 9.660 -38.280 39.568 .283
-2.640 9.660 -38.280 39.568 .283
-4.320 7.620 -36.780 37.809 -.385
-4.320 7.620 -36.780 37.809 -.385
-6.660 5.700 -35.400 36.469 .057
-6.660 5.700 -35.400 36.469 .057
-8.280 6.540 -32.820 34.474 .347
-8.280 6.540 -32.820 34.474 .485
-10.320 6.780 -30.780 33.164 .485
-10.320 6.780 -30.780 33.164 .921
-12.120 7.980 -28.680 32.142 .921
-12.120 7.980 -28.680 32.142 .979
-12.960 10.200 -27.300 31.895 .979
-12.960 10.200 -27.300 31.895 .808
-14.100 11.940 -26.460 32.272 .808
-14.100 11.940 -26.460 32.272 .647
-15.240 13.740 -25.980 33.106 .732
-15.240 13.740 -25.980 33.106 .732
-16.080 15.720 -25.500 33.999 .582
-16.080 15.720 -25.500 33.999 .582
-18.180 17.040 -24.300 34.805 .870
-18.180 17.040 -24.300 34.805 .870
-18.900 18.120 -23.160 34.956 .850
-18.900 18.120 -23.160 34.956 .775
-18.720 19.620 -21.060 34.335 .775
-18.720 19.620 -21.060 34.335 .790
-18.540 20.220 -19.320 33.554 .790
-18.540 20.220 -19.320 33.554 .683
-17.280 21.000 -17.340 32.253 .683
-17.280 21.000 -17.340 32.253 .606
-16.380 21.840 -14.880 31.092 .606
-16.380 21.840 -14.880 31.092 .663
-15.540 22.680 -13.140 30.472 .663
-15.540 22.680 -13.140 30.472 .642
-12.780 23.940 -11.040 29.297 .502
-12.780 23.940 -11.040 29.297 .502
-9.360 24.780 -10.320 28.428 .332
-9.360 24.780 -10.320 28.428 .332
-6.120 24.900 -10.980 27.893 .318
-6.120 24.900 -10.980 27.893 .318
-2.820 25.020 -11.640 27.739 .246
-2.820 25.020 -11.640 27.739 .246
-1.200 25.080 -13.980 28.738 .155
-1.200 25.080 -13.980 28.738 .130
.660 24.720 -16.800 29.896 .130
.660 24.720 -16.800 29.896 .004
2.820 23.700 -20.100 31.203 .004
2.820 23.700 -20.100 31.203 -.064
5.160 21.660 -25.440 33.808 -.064
5.160 21.660 -25.440 33.808 -.209
7.320 19.560 -29.760 36.357 -.162
7.320 19.560 -29.760 36.357 -.162
8.760 17.460 -33.300 38.607 -.445
8.760 17.460 -33.300 38.607 -.445
9.960 16.140 -36.300 40.956 -.364
9.960 16.140 -36.300 40.956 -.364
11.100 14.880 -37.500 41.843 -.256
11.100 14.880 -37.500 41.843 -.256
12.840 13.620 -38.880 43.151 -.549
12.840 13.620 -38.880 43.151 -.786
13.920 11.880 -40.200 44.169 -.786
13.920 11.880 -40.200 44.169 -.570
14.760 10.320 -40.920 44.708 -.570
14.760 10.320 -40.920 44.708 -.798
14.940 10.500 -42.000 45.798 -.798
14.940 10.500 -42.000 45.798 -.962
14.280 11.160 -43.140 46.792 -.962
14.280 11.160 -43.140 46.792 -.664
14.340 13.500 -43.380 47.641 -.922
14.340 13.500 -43.380 47.641 -.922
14.760 16.440 -43.020 48.362 -.434
14.760 16.440 -43.020 48.362 -.434
15.240 16.680 -42.540 48.168 -.814
15.240 16.680 -42.540 48.168 -.814
16.080 18.060 -40.800 47.428 -.518
16.080 18.060 -40.800 47.428 -.518
15.660 18.420 -38.400 45.377 -.617
15.660 18.420 -38.400 45.377 -.258
15.600 17.940 -36.720 43.744 -.258
15.600 17.940 -36.720 43.744 -.436
15.900 19.380 -33.120 41.537 -.436
15.900 19.380 -33.120 41.537 -.568
16.080 19.680 -29.700 39.089 -.568
16.080 19.680 -29.700 39.089 -.506
16.380 21.540 -26.640 37.973 -.629
16.380 21.540 -26.640 37.973 -.629
15.240 24.300 -22.620 36.530 -.502
15.240 24.300 -22.620 36.530 -.502
14.040 27.060 -20.760 36.883 -.275
14.040 27.060 -20.760 36.883 -.275
13.020 29.160 -21.060 38.254 -.371
13.020 29.160 -21.060 38.254 -.452
11.820 30.120 -22.800 39.582 -.452
11.820 30.120 -22.800 39.582 -.310
10.860 30.480 -26.220 41.647 -.310
10.860 30.480 -26.220 41.647 -.322
8.940 30.120 -29.700 43.235 -.322
8.940 30.120 -29.700 43.235 -.306
7.140 29.640 -32.100 44.271 -.306
7.140 29.640 -32.100 44.271 -.185
4.740 27.420 -35.100 44.792 -.185
4.740 27.420 -35.100 44.792 .070
3.060 23.940 -37.320 44.444 -.162
3.060 23.940 -37.320 44.444 -.162
1.560 19.860 -39.180 43.954 -.192
1.560 19.860 -39.180 43.954 -.192
-.120 15.360 -40.560 43.371 -.070
-.120 15.360 -40.560 43.371 -.070
-.780 12.480 -39.120 41.070 .013
-.780 12.480 -39.120 41.070 .129
-1.680 9.660 -38.160 39.400 .129
-1.860 7.680 -35.820 36.681 .288
-1.860 7.680 -35.820 36.681 .288
-2.520 6.660 -33.120 33.877 .279
-2.520 6.660 -33.120 33.877 .279
-2.520 6.660 -33.120 33.877 .550
-2.280 5.640 -31.380 31.964 .550
-2.280 5.640 -31.380 31.964 .077
-2.340 6.060 -29.280 29.992 .069
-2.340 6.060 -29.280 29.992 .069
-2.460 7.380 -28.200 29.253 .357
-2.640 8.100 -28.440 29.689 .357
-2.640 8.100 -28.440 29.689 .599
-2.640 8.100 -28.440 29.689 .599
-2.340 9.240 -28.920 30.450 .329
-1.380 10.080 -29.820 31.508 .248
-1.380 10.080 -29.820 31.508 .248
-.120 9.900 -30.840 32.390 -.086
-.120 9.900 -30.840 32.390 -.086
1.620 10.080 -31.020 32.657 .043
1.620 10.080 -31.020 32.657 .043
1.620 10.080 -31.020 32.657 -.150
2.520 9.480 -31.140 32.648 -.150
2.520 9.480 -31.140 32.648 .166
3.240 8.340 -30.720 31.996 .256
4.260 7.260 -29.940 31.101 .256
4.260 7.260 -29.940 31.101 -.447
5.520 6.240 -28.860 30.038 -.447
5.520 6.240 -28.860 30.038 -.730
6.540 4.500 -28.020 29.123 -.730
6.540 4.500 -28.020 29.123 -.726
6.540 4.500 -28.020 29.123 -.726
7.500 3.360 -27.360 28.568 -.719
7.500 3.360 -27.360 28.568 -.719
7.680 1.800 -26.520 27.668 -1.313
8.100 .540 -26.160 27.391 -.876
8.100 .540 -26.160 27.391 -.876
9.120 -.180 -25.320 26.913 -1.269
9.120 -.180 -25.320 26.913 -1.269
9.480 -1.080 -24.360 26.162 -1.461
9.480 -1.080 -24.360 26.162 -1.461
9.480 -1.080 -24.360 26.162 -1.580
9.720 -.780 -23.040 25.019 -1.308
8.880 -.180 -21.120 22.912 -1.308
8.880 -.180 -21.120 22.912 -.933
7.140 1.320 -19.500 20.808 -.933
7.140 1.320 -19.500 20.808 -.719
5.820 3.660 -17.700 18.988 -.719
5.820 3.660 -17.700 18.988 -.788
4.740 5.940 -16.440 18.111 -.788
4.740 5.940 -16.440 18.111 -.217
4.020 8.700 -15.780 18.462 -.497
4.020 8.700 -15.780 18.462 -.497
3.540 11.400 -15.420 19.500 -.264
3.540 11.400 -15.420 19.500 -.264
2.700 14.100 -15.600 21.200 -.157
2.700 14.100 -15.600 21.200 -.157
1.260 16.080 -17.340 23.682 .002
1.260 16.080 -17.340 23.682 .002
.240 17.460 -18.960 25.776 .134
.240 17.460 -18.960 25.776 .088
-1.320 17.940 -21.060 27.697 .088
-1.320 17.940 -21.060 27.697 .064
-3.120 17.760 -24.000 30.019 .064
-3.120 17.760 -24.000 30.019 .237
-4.620 17.280 -26.040 31.592 .237
-4.620 17.280 -26.040 31.592 .321
-6.360 16.080 -28.560 33.387 .321
-6.360 16.080 -28.560 33.387 .539
-7.920 14.880 -30.660 34.988 .553
-7.920 14.880 -30.660 34.988 .553
-8.700 13.920 -31.680 35.680 .616
-8.700 13.920 -31.680 35.680 .616
-9.720 13.500 -31.680 35.782 .683
-9.720 13.500 -31.680 35.782 .683
-10.620 13.260 -31.260 35.578 .538
-10.620 13.260 -31.260 35.578 .524
-10.860 13.260 -29.400 34.031 .524
-10.860 13.260 -29.400 34.031 .638
-11.340 12.060 -27.660 32.235 .638
-11.340 12.060 -27.660 32.235 .943
-10.740 11.100 -26.220 30.431 .943
-10.740 11.100 -26.220 30.431 .956
-10.260 10.560 -24.960 28.979 .956
-10.260 10.560 -24.960 28.979 .824
-9.060 10.200 -25.380 28.814 .679
-9.060 10.200 -25.380 28.814 .679
-7.440 9.900 -26.340 29.106 .583
-7.440 9.900 -26.340 29.106 .583
-6.840 10.020 -27.720 30.259 .710
-6.840 10.020 -27.720 30.259 .710
-5.280 9.240 -29.580 31.436 .843
-5.280 9.240 -29.580 31.436 .611
-3.780 7.980 -32.040 33.234 .611
-3.780 7.980 -32.040 33.234 .373
-2.760 7.980 -34.140 35.169 .373
-2.760 7.980 -34.140 35.169 .597
-1.140 7.200 -36.480 37.201 .597
-1.140 7.200 -36.480 37.201 .182
.180 7.620 -38.160 38.914 .182
.180 7.620 -38.160 38.914 .245
.780 8.940 -38.880 39.902 .294
.780 8.940 -38.880 39.902 .294
1.860 9.900 -39.000 40.280 .202
1.860 9.900 -39.000 40.280 .202
2.580 11.220 -38.220 39.916 .013
2.580 11.220 -38.220 39.916 .013
3.360 12.900 -36.660 39.008 -.277
3.360 12.900 -36.660 39.008 -.277
4.200 13.500 -34.320 37.118 -.380
4.200 13.500 -34.320 37.118 -.128
3.960 14.820 -31.560 35.091 -.128
3.960 14.820 -31.560 35.091 .066
3.540 15.600 -30.240 34.210 .066
3.540 15.600 -30.240 34.210 .204
1.980 15.480 -29.400 33.285 .204
1.980 15.480 -29.400 33.285 -.042
1.320 15.900 -29.640 33.661 -.042
1.320 15.900 -29.640 33.661 .072
1.260 14.940 -31.440 34.832 .092
1.260 14.940 -31.440 34.832 .092
1.560 13.920 -33.360 36.181 .059
1.560 13.920 -33.360 36.181 .059
2.340 13.440 -35.580 38.106 -.116
2.340 13.440 -35.580 38.106 -.116
1.500 11.940 -38.280 40.127 .216
1.500 11.940 -38.280 40.127 .216
.060 10.800 -40.920 42.321 .042
.060 10.800 -40.920 42.321 .295
-1.140 10.620 -42.120 43.453 .295
-1.140 10.620 -42.120 43.453 .393
-2.340 9.420 -44.400 45.449 .393
-2.340 9.420 -44.400 45.449 .358
-3.240 9.780 -45.300 46.457 .358
-3.240 9.780 -45.300 46.457 .373
-3.840 10.680 -45.660 47.049 .373
-3.840 10.680 -45.660 47.049 .309
-5.580 10.620 -46.740 48.255 .775
-5.580 10.620 -46.740 48.255 .775
-7.080 11.640 -46.080 48.052 .625
-7.080 11.640 -46.080 48.052 .625
-8.160 11.700 -46.140 48.295 .325
-8.160 11.700 -46.140 48.295 .325
-9.660 10.740 -45.960 48.177 .164
-9.660 10.740 -45.960 48.177 .461
-10.740 10.560 -44.940 47.397 .461
-10.740 10.560 -44.940 47.397 .876
-12.360 10.260 -44.220 47.047 .876
-12.360 10.260 -44.220 47.047 1.004
-13.680 10.200 -42.960 46.225 1.004
-13.680 10.200 -42.960 46.225 .887
-14.640 11.280 -41.400 45.338 .887
-14.640 11.280 -41.400 45.338 .783
-15.480 11.460 -39.960 44.359 .783
-15.480 11.460 -39.960 44.359 .744
-16.380 12.420 -37.800 43.028 .816
-16.380 12.420 -37.800 43.028 .816
-18.000 13.860 -35.100 41.810 .746
-18.000 13.860 -35.100 41.810 .746
-20.040 14.880 -32.640 41.090 1.012
-20.040 14.880 -32.640 41.090 1.012
-21.540 16.500 -30.240 40.629 .955
-21.540 16.500 -30.240 40.629 .925
-22.800 17.760 -27.480 39.880 .925
-22.800 17.760 -27.480 39.880 1.034
-23.760 18.540 -24.720 38.979 1.034
-23.760 18.540 -24.720 38.979 .898
-23.700 19.440 -21.840 37.638 .898
-23.700 19.440 -21.840 37.638 .855
-24.480 19.500 -18.600 36.407 .855
-24.480 19.500 -18.600 36.407 .899
-25.740 18.360 -16.020 35.444 .985
-25.740 18.360 -16.020 35.444 .985
-25.920 17.580 -13.020 33.918 .988
-25.920 17.580 -13.020 33.918 .988
-25.620 16.680 -9.600 32.043 .966
-25.620 16.680 -9.600 32.043 .966
-24.480 16.380 -7.020 30.280 .967
-24.480 16.380 -7.020 30.280 .974
-21.840 16.680 -4.560 27.857 .974
-21.840 16.680 -4.560 27.857 .923
-19.800 16.800 -3.120 26.154 .923
-19.800 16.800 -3.120 26.154 .891
-17.820 16.800 -1.620 24.544 .891
-17.820 16.800 -1.620 24.544 .823
-15.120 17.580 -.480 23.193 .823
-15.120 17.580 -.480 23.193 .717
-11.700 18.600 -.180 21.975 .717
-11.700 18.600 -.180 21.975 .556
-7.440 19.140 -1.080 20.564 .376
-7.440 19.140 -1.080 20.564 .376
-3.300 19.140 -2.760 19.618 .154
-3.300 19.140 -2.760 19.618 .154
-.240 17.940 -5.460 18.754 .034
-.240 17.940 -5.460 18.754 .034
1.680 15.600 -9.000 18.088 .029
1.680 15.600 -9.000 18.088 .029
3.180 13.200 -12.840 18.687 -.082
3.180 13.200 -12.840 18.687 -.265
4.080 10.920 -18.420 21.799 -.265
4.080 10.920 -18.420 21.799 -.379
4.740 8.520 -24.300 26.183 -.379
4.740 8.520 -24.300 26.183 -.446
4.740 7.560 -28.860 30.208 -.294
4.740 7.560 -28.860 30.208 -.294
3.780 6.600 -33.240 34.099 .468
3.780 6.600 -33.240 34.099 .481
3.000 5.400 -36.360 36.881 -.142
3.000 5.400 -36.360 36.881 -.142
2.100 5.040 -37.440 37.836 -.108
2.100 5.040 -37.440 37.836 -.108
1.800 4.440 -38.940 39.234 -2.220
1.800 4.440 -38.940 39.234 -2.220
1.080 5.280 -39.960 40.322 -.127
1.080 5.280 -39.960 40.322 -.185
-.060 6.900 -40.200 40.788 -.185
-.060 6.900 -40.200 40.788 .086
-1.080 8.160 -41.040 41.857 .086
-1.080 8.160 -41.040 41.857 1.362
-2.880 9.600 -41.100 42.304 1.362
-2.880 9.600 -41.100 42.304 .845
-3.060 9.840 -41.400 42.663 .845
-3.060 9.840 -41.400 42.663 .333
-1.020 8.520 -42.840 43.691 .806
-1.020 8.520 -42.840 43.691 .806
