X Y Z F A
-8.040 -22.920 -12.540 27.335 2.751
-8.040 -22.980 -12.840 27.524 2.686
-8.040 -22.980 -12.840 27.524 2.775
-7.860 -22.980 -13.440 27.758 2.775
-7.860 -22.980 -13.440 27.758 2.841
-7.320 -23.040 -14.160 28.017 2.841
-7.320 -23.040 -14.160 28.017 2.810
-6.840 -23.160 -15.180 28.524 2.810
-6.840 -23.160 -15.180 28.524 2.848
-6.240 -23.700 -16.980 29.815 2.848
-6.240 -23.700 -16.980 29.815 2.798
-5.640 -24.540 -18.540 31.269 2.889
-5.640 -24.540 -18.540 31.269 2.889
-5.160 -25.920 -20.580 33.496 2.870
-5.160 -25.920 -20.580 33.496 2.870
-4.500 -26.880 -22.740 35.495 2.955
-4.500 -26.880 -22.740 35.495 2.955
-3.960 -27.840 -24.840 37.520 -3.060
-3.960 -27.840 -24.840 37.520 -3.060
-3.540 -28.260 -27.420 39.535 2.967
-3.540 -28.260 -27.420 39.535 3.047
-3.180 -27.960 -29.280 40.610 3.047
-3.180 -27.960 -29.280 40.610 3.023
-2.760 -27.720 -31.020 41.692 3.023
-2.760 -27.720 -31.020 41.692 2.990
-2.520 -27.000 -32.940 42.666 2.990
-2.520 -27.000 -32.940 42.666 3.072
-2.760 -25.380 -35.400 43.645 3.072
-2.760 -25.380 -35.400 43.645 2.967
-3.180 -23.400 -37.620 44.418 -3.117
-3.180 -23.400 -37.620 44.418 -3.117
-4.440 -21.000 -40.020 45.413 3.119
-4.440 -21.000 -40.020 45.413 3.119
-5.340 -17.100 -42.000 45.661 2.928
-5.340 -17.100 -42.000 45.661 2.928
-6.120 -14.340 -42.780 45.533 -2.954
-6.120 -14.340 -42.780 45.533 -2.954
-6.960 -12.900 -43.440 45.846 2.495
-6.960 -12.900 -43.440 45.846 2.523
-8.280 -12.360 -43.620 46.087 2.523
-8.280 -12.360 -43.620 46.087 2.658
-10.320 -14.940 -42.540 46.253 2.658
-10.320 -14.940 -42.540 46.253 2.595
-11.940 -18.120 -41.400 46.742 2.595
-11.940 -18.120 -41.400 46.742 2.517
-13.800 -20.400 -40.260 47.196 2.453
-13.800 -20.400 -40.260 47.196 2.453
-15.240 -23.220 -38.220 47.246 2.641
-15.240 -23.220 -38.220 47.246 2.641
-17.160 -24.600 -36.900 47.552 2.435
-17.160 -24.600 -36.900 47.552 2.435
-19.380 -25.380 -35.580 47.809 2.459
-19.380 -25.380 -35.580 47.809 2.459
-21.840 -25.980 -33.420 47.632 2.849
-21.840 -25.980 -33.420 47.632 2.849
-24.480 -26.280 -30.660 47.222 2.313
-24.480 -26.280 -30.660 47.222 2.282
-25.740 -26.100 -28.200 46.249 2.282
-25.740 -26.100 -28.200 46.249 2.361
-27.420 -25.980 -25.560 45.608 2.361
-27.420 -25.980 -25.560 45.608 2.313
-28.260 -26.040 -24.060 45.339 2.313
-28.260 -26.040 -24.060 45.339 2.250
-28.680 -25.860 -24.180 45.563 2.250
-28.680 -25.860 -24.180 45.563 2.378
-29.100 -26.460 -24.720 46.454 2.308
-29.100 -26.460 -24.720 46.454 2.308
-28.320 -27.660 -26.400 47.582 2.269
-28.320 -27.660 -26.400 47.582 2.269
-27.000 -28.740 -28.320 48.549 2.301
-27.000 -28.740 -28.320 48.549 2.301
-25.080 -29.820 -30.240 49.322 2.375
-25.080 -29.820 -30.240 49.322 2.390
-23.340 -30.540 -31.860 49.925 2.390
-23.340 -30.540 -31.860 49.925 2.476
-21.420 -29.640 -33.000 49.258 2.476
-21.420 -29.640 -33.000 49.258 2.845
-19.680 -28.740 -33.600 48.397 2.845
-19.680 -28.740 -33.600 48.397 2.455
-17.820 -27.540 -33.900 47.172 2.455
-17.820 -27.540 -33.900 47.172 2.497
-15.600 -26.400 -34.200 45.934 2.558
-15.600 -26.400 -34.200 45.934 2.558
-13.680 -25.380 -34.320 44.824 2.612
-13.680 -25.380 -34.320 44.824 2.612
-12.060 -24.300 -34.380 43.794 2.618
-12.060 -24.300 -34.380 43.794 2.618
-10.920 -23.100 -34.500 42.931 2.715
-10.920 -23.100 -34.500 42.931 2.715
-9.600 -21.780 -34.620 42.013 2.749
-9.600 -21.780 -34.620 42.013 2.726
-8.040 -21.180 -35.160 41.827 2.726
-8.040 -21.180 -35.160 41.827 2.649
-6.360 -20.520 -35.340 41.357 2.649
-6.360 -20.520 -35.340 41.357 2.860
-4.440 -19.800 -35.520 40.908 2.860
-4.440 -19.800 -35.520 40.908 2.763
-3.240 -18.720 -35.580 40.335 2.763
-3.240 -18.720 -35.580 40.335 2.883
-2.160 -18.120 -35.220 39.667 -2.659
-2.160 -18.120 -35.220 39.667 -2.659
-1.260 -17.820 -34.920 39.224 -3.120
-1.260 -17.820 -34.920 39.224 -3.120
.060 -17.400 -35.520 39.553 3.140
.060 -17.400 -35.520 39.553 3.140
2.640 -17.400 -36.120 40.179 2.931
2.640 -17.400 -36.120 40.179 2.931
4.800 -18.000 -36.780 41.229 -3.114
4.800 -18.000 -36.780 41.229 -2.901
7.200 -17.940 -38.100 42.723 -2.901
7.200 -17.940 -38.100 42.723 -2.744
9.600 -17.820 -40.020 44.848 -2.744
9.600 -17.820 -40.020 44.848 -2.754
11.400 -18.240 -42.180 47.348 -2.754
11.400 -18.240 -42.180 47.348 -2.408
13.680 -16.920 -45.180 50.146 -2.544
13.680 -16.920 -45.180 50.146 -2.544
16.920 -15.900 -48.780 54.024 -2.473
16.920 -15.900 -48.780 54.024 -2.473
19.260 -16.680 -51.600 57.548 -2.123
19.260 -16.680 -51.600 57.548 -2.123
21.180 -17.340 -55.620 61.991 -2.215
21.180 -17.340 -55.620 61.991 -2.215
22.560 -19.560 -59.040 66.161 -2.001
22.560 -19.560 -59.040 66.161 -2.008
23.280 -23.340 -62.280 70.466 -2.008
23.280 -23.340 -62.280 70.466 -2.140
24.840 -24.960 -65.520 74.383 -2.140
24.840 -24.960 -65.520 74.383 -2.671
26.220 -27.960 -67.440 77.572 -2.671
26.220 -27.960 -67.440 77.572 -2.252
27.360 -31.380 -67.980 79.715 -2.252
27.360 -31.380 -67.980 79.715 -2.335
27.360 -33.300 -68.040 80.541 -2.545
27.360 -33.300 -68.040 80.541 -2.545
25.680 -37.020 -67.440 81.105 -2.630
25.680 -37.020 -67.440 81.105 -2.630
24.180 -39.780 -65.400 80.276 -2.485
24.180 -39.780 -65.400 80.276 -2.485
22.680 -40.860 -64.260 79.456 -2.654
22.680 -40.860 -64.260 79.456 -2.654
20.640 -42.960 -61.800 78.044 -2.727
20.640 -42.960 -61.800 78.044 -2.705
18.840 -44.100 -58.500 75.644 -2.705
18.840 -44.100 -58.500 75.644 -2.737
16.200 -44.220 -56.700 73.707 -2.737
16.200 -44.220 -56.700 73.707 -2.692
13.020 -45.000 -53.700 71.262 -2.692
13.020 -45.000 -53.700 71.262 -2.824
10.980 -44.640 -51.120 68.750 -2.877
10.980 -44.640 -51.120 68.750 -2.877
10.320 -43.500 -49.740 66.879 -3.051
10.320 -43.500 -49.740 66.879 -3.051
9.300 -42.840 -47.280 64.476 -3.026
9.300 -42.840 -47.280 64.476 -3.026
9.420 -41.640 -45.360 62.291 -2.882
9.420 -41.640 -45.360 62.291 -2.882
8.460 -40.140 -44.340 60.406 -2.880
8.460 -40.140 -44.340 60.406 -2.938
7.020 -38.820 -42.780 58.193 -2.938
7.020 -38.820 -42.780 58.193 -2.915
7.260 -37.440 -41.820 56.598 -2.915
7.260 -37.440 -41.820 56.598 -2.955
7.500 -35.400 -41.760 55.257 -2.955
7.500 -35.400 -41.760 55.257 -3.027
7.560 -34.260 -40.380 53.492 -3.027
7.560 -34.260 -40.380 53.492 -2.903
8.040 -32.940 -39.300 51.905 -2.960
8.040 -32.940 -39.300 51.905 -2.960
7.560 -31.260 -38.340 50.043 -2.790
7.560 -31.260 -38.340 50.043 -2.790
6.360 -31.080 -37.320 48.982 -2.883
6.360 -31.080 -37.320 48.982 -2.883
6.360 -29.940 -36.120 47.345 -2.877
6.360 -29.940 -36.120 47.345 -2.945
6.360 -29.220 -35.280 46.249 -2.945
6.600 -28.800 -33.600 44.743 -2.959
6.600 -28.800 -33.600 44.743 -2.959
6.720 -28.260 -31.620 42.937 -2.902
6.720 -28.260 -31.620 42.937 -2.902
6.600 -28.440 -29.820 41.733 -2.802
6.600 -28.440 -29.820 41.733 -2.802
6.540 -28.200 -27.720 40.080 -2.898
6.540 -28.200 -27.720 40.080 -2.883
6.300 -28.440 -25.560 38.754 -2.883
6.300 -28.440 -25.560 38.754 -2.941
7.500 -27.840 -23.340 37.095 -2.941
7.500 -27.840 -23.340 37.095 -2.921
7.740 -27.420 -20.880 35.323 -2.921
7.740 -27.420 -20.880 35.323 -2.819
7.620 -27.060 -19.140 34.010 -2.819
7.620 -27.060 -19.140 34.010 -2.870
7.560 -25.560 -17.700 31.996 -2.714
7.560 -25.560 -17.700 31.996 -2.714
7.560 -25.560 -17.700 31.996 -2.812
6.840 -24.840 -16.200 30.434 -2.812
6.840 -24.840 -16.200 30.434 -2.848
7.140 -23.460 -16.620 29.624 -2.848
8.100 -22.260 -16.560 28.902 -2.936
8.100 -22.260 -16.560 28.902 -2.936
9.000 -22.440 -17.280 29.718 -2.773
9.000 -22.440 -17.280 29.718 -2.738
9.480 -22.200 -19.560 31.069 -2.738
9.480 -22.200 -19.560 31.069 -2.740
9.900 -23.220 -20.940 32.797 -2.740
9.900 -23.220 -20.940 32.797 -2.699
10.020 -23.820 -22.320 34.146 -2.699
10.020 -23.820 -22.320 34.146 -2.671
9.960 -24.540 -23.700 35.540 -2.809
9.960 -24.540 -23.700 35.540 -2.809
10.320 -25.920 -23.640 36.568 -2.788
10.320 -25.920 -23.640 36.568 -2.788
10.860 -26.640 -24.180 37.581 -2.728
10.860 -26.640 -24.180 37.581 -2.728
10.920 -28.140 -24.900 39.129 -2.714
10.920 -28.140 -24.900 39.129 -2.714
10.980 -29.580 -25.560 40.606 -2.578
10.980 -29.580 -25.560 40.606 -2.690
10.800 -30.540 -26.940 42.132 -2.690
10.800 -30.540 -26.940 42.132 -2.797
10.620 -31.560 -27.660 43.288 -2.797
10.620 -31.560 -27.660 43.288 -2.866
10.320 -32.820 -28.380 44.599 -2.866
10.320 -32.820 -28.380 44.599 -2.780
10.320 -33.720 -29.280 45.835 -2.780
10.320 -33.720 -29.280 45.835 -2.797
10.200 -34.440 -29.700 46.607 -2.848
10.200 -34.440 -29.700 46.607 -2.848
9.900 -34.800 -30.660 47.425 -2.785
9.900 -34.800 -30.660 47.425 -2.785
10.260 -34.980 -31.260 48.021 -2.776
10.260 -34.980 -31.260 48.021 -2.776
10.080 -35.160 -31.200 48.076 -2.865
10.080 -35.160 -31.200 48.076 -2.865
9.840 -35.820 -30.480 48.051 -2.873
9.840 -35.820 -30.480 48.051 -2.822
9.060 -36.660 -29.700 48.043 -2.822
9.060 -36.660 -29.700 48.043 -2.849
7.560 -36.540 -28.620 47.026 -2.849
7.560 -36.540 -28.620 47.026 -2.938
6.360 -37.320 -27.240 46.640 -2.938
6.360 -37.320 -27.240 46.640 -2.899
5.280 -37.680 -26.640 46.447 -3.000
5.280 -37.680 -26.640 46.447 -3.000
4.620 -37.800 -25.620 45.897 -3.020
4.620 -37.800 -25.620 45.897 -3.020
4.500 -38.580 -24.360 45.848 -3.007
4.500 -38.580 -24.360 45.848 -3.007
3.960 -38.400 -23.580 45.236 -3.024
3.960 -38.400 -23.580 45.236 -3.024
3.360 -38.280 -21.360 43.965 -2.959
3.360 -38.280 -21.360 43.965 -3.043
2.760 -37.980 -20.160 43.087 -3.043
2.760 -37.980 -20.160 43.087 -3.056
2.040 -36.720 -18.960 41.376 -3.056
2.040 -36.720 -18.960 41.376 3.105
1.380 -34.740 -17.160 38.772 3.105
1.380 -34.740 -17.160 38.772 -3.097
1.140 -32.100 -16.500 36.110 -3.097
1.140 -32.100 -16.500 36.110 -3.121
.540 -29.160 -14.520 32.580 -3.110
.540 -29.160 -14.520 32.580 -3.110
-.060 -26.160 -13.320 29.356 -3.135
-.060 -26.160 -13.320 29.356 -3.135
-.060 -23.520 -13.560 27.149 -3.128
-.060 -23.520 -13.560 27.149 -3.128
-.300 -21.420 -13.800 25.482 -3.138
-.300 -21.420 -13.800 25.482 -3.138
.240 -19.740 -14.520 24.506 3.114
.240 -19.740 -14.520 24.506 -3.117
.240 -19.320 -14.940 24.424 -3.117
.240 -19.320 -14.940 24.424 -3.109
-.060 -19.440 -14.700 24.372 -3.109
-.060 -19.440 -14.700 24.372 -3.131
.300 -19.980 -13.920 24.353 -3.131
.300 -19.980 -13.920 24.353 -3.077
.540 -21.060 -13.680 25.119 3.137
.540 -21.060 -13.680 25.119 3.137
1.080 -22.200 -13.560 26.036 -3.087
1.080 -22.200 -13.560 26.036 -3.087
1.920 -24.120 -13.440 27.678 -3.074
1.920 -24.120 -13.440 27.678 -3.074
1.680 -25.980 -13.860 29.494 -3.039
1.680 -25.980 -13.860 29.494 -3.039
1.140 -28.500 -13.500 31.556 -3.002
1.140 -28.500 -13.500 31.556 -3.050
1.020 -30.960 -13.680 33.863 -3.050
1.020 -30.960 -13.680 33.863 -3.087
.840 -32.760 -13.380 35.397 -3.087
.840 -32.760 -13.380 35.397 -3.105
1.380 -34.920 -13.320 37.400 -3.105
1.380 -34.920 -13.320 37.400 -3.100
1.800 -36.660 -13.260 39.026 -3.100
1.800 -36.660 -13.260 39.026 -3.073
2.100 -37.560 -13.500 39.968 -3.084
2.100 -37.560 -13.500 39.968 -3.084
2.700 -38.520 -14.580 41.275 -3.050
2.700 -38.520 -14.580 41.275 -3.050
4.380 -38.520 -15.600 41.789 -2.987
4.380 -38.520 -15.600 41.789 -2.987
6.660 -38.100 -17.160 42.313 -3.057
6.660 -38.100 -17.160 42.313 -3.057
9.300 -37.560 -18.300 42.803 -2.945
9.300 -37.560 -18.300 42.803 -2.866
11.640 -36.480 -19.140 42.809 -2.866
11.640 -36.480 -19.140 42.809 -2.799
13.080 -35.760 -19.800 42.917 -2.799
13.080 -35.760 -19.800 42.917 -2.781
15.180 -34.740 -19.440 42.605 -2.781
15.180 -34.740 -19.440 42.605 -2.670
17.100 -34.080 -19.140 42.664 -2.670
17.100 -34.080 -19.140 42.664 -2.673
19.740 -33.120 -18.780 42.887 -2.597
19.740 -33.120 -18.780 42.887 -2.597
22.020 -31.980 -17.700 42.672 -2.492
22.020 -31.980 -17.700 42.672 -2.492
23.640 -31.020 -17.280 42.658 -2.462
23.640 -31.020 -17.280 42.658 -2.462
25.260 -30.000 -16.440 42.525 -2.441
25.260 -30.000 -16.440 42.525 -2.441
26.700 -28.920 -15.420 42.273 -2.383
26.700 -28.920 -15.420 42.273 -2.358
28.500 -27.420 -15.120 42.341 -2.358
28.500 -27.420 -15.120 42.341 -2.371
29.520 -25.980 -15.060 42.109 -2.371
29.520 -25.980 -15.060 42.109 -2.267
30.180 -24.720 -14.820 41.732 -2.267
30.180 -24.720 -14.820 41.732 -2.195
29.700 -24.600 -15.600 41.601 -2.195
29.700 -24.600 -15.600 41.601 -2.328
28.620 -24.600 -16.200 41.070 -2.281
28.620 -24.600 -16.200 41.070 -2.281
27.480 -25.140 -17.520 41.160 -2.279
27.480 -25.140 -17.520 41.160 -2.279
26.580 -25.320 -19.260 41.455 -2.328
26.580 -25.320 -19.260 41.455 -2.328
25.680 -25.020 -21.000 41.551 -2.351
25.680 -25.020 -21.000 41.551 -2.279
24.960 -25.020 -22.440 41.864 -2.279
24.960 -25.020 -22.440 41.864 -2.256
23.340 -25.380 -23.580 41.772 -2.256
23.340 -25.380 -23.580 41.772 -2.344
21.360 -26.160 -25.020 42.031 -2.344
21.360 -26.160 -25.020 42.031 -2.371
20.460 -26.460 -25.380 41.987 -2.441
20.460 -26.460 -25.380 41.987 -2.441
18.960 -27.000 -25.980 41.993 -2.524
18.960 -27.000 -25.980 41.993 -2.524
18.840 -26.460 -26.580 41.971 -2.430
18.840 -26.460 -26.580 41.971 -2.430
18.660 -25.980 -26.460 41.512 -2.430
18.660 -25.980 -26.460 41.512 -2.430
17.100 -26.460 -27.000 41.491 -2.531
17.100 -26.460 -27.000 41.491 -2.387
16.260 -26.880 -28.200 42.216 -2.387
16.260 -26.880 -28.200 42.216 -2.482
15.600 -27.720 -29.220 43.192 -2.482
15.600 -27.720 -29.220 43.192 -2.643
14.520 -28.200 -30.360 43.907 -2.643
14.520 -28.200 -30.360 43.907 -2.606
13.860 -28.860 -31.200 44.704 -2.631
13.860 -28.860 -31.200 44.704 -2.631
12.600 -29.280 -32.220 45.323 -2.747
12.600 -29.280 -32.220 45.323 -2.747
10.800 -29.940 -33.540 46.238 -2.786
10.800 -29.940 -33.540 46.238 -2.786
9.960 -29.820 -34.500 46.676 -2.685
9.960 -29.820 -34.500 46.676 -2.685
8.940 -29.460 -35.400 46.915 -2.782
8.100 -28.980 -35.940 46.874 -2.857
8.100 -28.980 -35.940 46.874 -2.857
7.560 -27.780 -36.180 46.237 -2.803
7.560 -27.780 -36.180 46.237 -2.803
6.060 -27.660 -36.360 46.085 -2.786
6.060 -27.660 -36.360 46.085 -2.786
4.320 -27.300 -36.480 45.768 -2.536
4.320 -27.300 -36.480 45.768 -2.536
4.320 -27.300 -36.480 45.768 -2.872
3.180 -26.580 -36.240 45.055 -2.926
3.180 -26.580 -36.240 45.055 -2.926
1.860 -26.220 -35.760 44.382 3.116
.840 -25.380 -35.400 43.566 3.116
.840 -25.380 -35.400 43.566 -3.054
.420 -24.720 -35.100 42.933 -3.054
.420 -24.720 -35.100 42.933 -2.996
-.840 -24.360 -34.440 42.193 -2.996
-.840 -24.360 -34.440 42.193 3.130
-1.440 -24.000 -34.500 42.051 -3.111
-1.440 -24.000 -34.500 42.051 -3.111
-1.860 -24.240 -34.200 41.960 -3.036
-1.860 -24.240 -34.200 41.960 -3.036
-2.340 -24.300 -34.500 42.264 3.138
-2.340 -24.300 -34.500 42.264 3.138
-2.340 -25.440 -34.800 43.171 3.097
-2.340 -25.440 -34.800 43.171 3.054
-2.880 -27.120 -34.380 43.884 3.054
-2.880 -27.120 -34.380 43.884 3.042
-3.240 -27.900 -34.440 44.441 3.042
-3.240 -27.900 -34.440 44.441 -2.989
-3.300 -29.340 -33.240 44.459 -2.989
-3.300 -29.340 -33.240 44.459 3.049
-2.760 -29.820 -32.580 44.253 3.049
-2.760 -29.820 -32.580 44.253 3.100
-2.040 -29.880 -31.440 43.422 2.975
-2.040 -29.880 -31.440 43.422 2.975
-1.080 -30.540 -29.460 42.447 3.016
-1.080 -30.540 -29.460 42.447 3.016
-.600 -30.120 -28.080 41.183 -3.123
-.600 -30.120 -28.080 41.183 -3.123
-.480 -29.400 -26.160 39.357 -3.108
-.480 -29.400 -26.160 39.357 -3.108
.120 -29.040 -23.640 37.446 3.108
.120 -29.040 -23.640 37.446 3.108
1.260 -28.200 -21.360 35.399 -3.127
1.260 -28.200 -21.360 35.399 -3.118
2.640 -27.960 -18.960 33.885 -3.118
2.640 -27.960 -18.960 33.885 -3.034
4.320 -28.500 -16.380 33.154 -3.034
4.320 -28.500 -16.380 33.154 -2.989
5.580 -29.220 -14.160 32.946 -2.989
5.580 -29.220 -14.160 32.946 -2.930
6.180 -31.560 -12.000 34.325 -2.939
6.180 -31.560 -12.000 34.325 -2.939
7.380 -33.960 -9.720 36.086 -2.917
7.380 -33.960 -9.720 36.086 -2.917
9.060 -36.540 -7.800 38.446 -2.927
9.060 -36.540 -7.800 38.446 -2.927
10.920 -39.120 -7.080 41.228 -2.900
10.920 -39.120 -7.080 41.228 -2.900
12.660 -40.980 -7.140 43.481 -2.855
12.660 -40.980 -7.140 43.481 -2.822
13.380 -42.660 -8.160 45.448 -2.822
13.380 -42.660 -8.160 45.448 -2.810
13.680 -44.340 -10.440 47.562 -2.810
13.680 -44.340 -10.440 47.562 -2.810
13.980 -45.180 -12.600 48.943 -2.810
13.980 -45.180 -12.600 48.943 -2.834
14.220 -45.600 -15.300 50.156 -2.834
14.220 -45.600 -15.300 50.156 -2.883
14.760 -45.900 -17.280 51.218 -2.804
14.760 -45.900 -17.280 51.218 -2.804
15.120 -45.600 -19.140 51.714 -2.813
15.120 -45.600 -19.140 51.714 -2.813
15.000 -45.420 -21.240 52.337 -2.810
15.000 -45.420 -21.240 52.337 -2.810
14.580 -45.480 -22.560 52.820 -2.798
14.580 -45.480 -22.560 52.820 -2.796
14.520 -44.340 -24.480 52.689 -2.796
14.520 -44.340 -24.480 52.689 -2.797
14.340 -42.900 -26.220 52.283 -2.797
14.340 -42.900 -26.220 52.283 -2.794
13.860 -41.580 -26.880 51.415 -2.794
13.860 -41.580 -26.880 51.415 -2.780
13.260 -39.060 -28.680 50.240 -2.780
13.260 -39.060 -28.680 50.240 -2.782
12.120 -37.080 -29.400 48.849 -2.813
12.120 -37.080 -29.400 48.849 -2.813
11.400 -34.860 -30.180 47.497 -2.751
11.400 -34.860 -30.180 47.497 -2.751
11.280 -32.640 -31.260 46.581 -2.757
11.280 -32.640 -31.260 46.581 -2.757
11.640 -31.500 -31.860 46.290 -2.773
11.640 -31.500 -31.860 46.290 -2.773
11.700 -31.080 -32.940 46.775 -2.792
11.700 -31.080 -32.940 46.775 -2.677
11.040 -31.740 -32.820 46.973 -2.677
11.040 -31.740 -32.820 46.973 -2.739
10.560 -33.120 -33.120 48.014 -2.739
10.560 -33.120 -33.120 48.014 -2.757
10.560 -35.340 -32.340 49.054 -2.757
10.560 -35.340 -32.340 49.054 -2.781
10.920 -38.160 -31.560 50.710 -2.781
10.920 -38.160 -31.560 50.710 -2.875
11.580 -41.220 -31.740 53.297 -2.777
11.580 -41.220 -31.740 53.297 -2.777
11.820 -44.040 -31.140 55.217 -2.825
11.820 -44.040 -31.140 55.217 -2.825
11.760 -46.440 -31.920 57.566 -2.714
11.760 -46.440 -31.920 57.566 -2.714
13.020 -48.540 -32.580 59.892 -2.840
13.020 -48.540 -32.580 59.892 -2.782
17.160 -48.060 -34.140 61.398 -2.782
17.160 -48.060 -34.140 61.398 -2.752
23.400 -45.780 -36.300 62.937 -2.752
23.400 -45.780 -36.300 62.937 -2.488
31.260 -41.160 -37.980 64.139 -2.488
31.260 -41.160 -37.980 64.139 -2.401
38.640 -32.220 -40.500 64.587 -2.401
38.640 -32.220 -40.500 64.587 -2.148
43.800 -22.320 -41.580 64.386 -2.006
43.800 -22.320 -41.580 64.386 -2.006
46.980 -11.760 -42.300 64.302 -1.693
46.980 -11.760 -42.300 64.302 -1.693
47.940 -.060 -41.520 63.420 -1.413
47.940 -.060 -41.520 63.420 -1.413
47.580 8.760 -38.640 61.916 -1.546
47.580 8.760 -38.640 61.916 -1.215
45.900 14.580 -35.280 59.700 -1.215
45.900 14.580 -35.280 59.700 -1.126
44.280 18.840 -31.440 57.482 -1.126
44.280 18.840 -31.440 57.482 -1.207
42.720 19.500 -28.140 54.746 -1.207
42.720 19.500 -28.140 54.746 -1.042
41.100 19.440 -25.680 52.217 -1.042
41.100 19.440 -25.680 52.217 -1.049
40.020 19.860 -23.340 50.406 -1.049
40.020 19.860 -23.340 50.406 -1.165
39.060 18.900 -20.880 48.155 -1.103
39.060 18.900 -20.880 48.155 -1.103
38.280 18.180 -18.300 46.160 -1.079
38.280 18.180 -18.300 46.160 -1.079
37.320 16.440 -16.620 44.037 -1.103
37.320 16.440 -16.620 44.037 -1.103
37.020 13.920 -15.060 42.321 -1.172
37.020 13.920 -15.060 42.321 -1.182
36.420 11.220 -14.700 40.846 -1.182
36.420 11.220 -14.700 40.846 -1.240
35.820 8.640 -15.360 39.921 -1.240
35.820 8.640 -15.360 39.921 -1.368
35.700 6.660 -15.720 39.572 -1.368
35.700 6.660 -15.720 39.572 -1.338
34.980 3.960 -17.520 39.322 -1.338
34.980 3.960 -17.520 39.322 -1.399
34.380 1.740 -19.200 39.416 -1.544
34.380 1.740 -19.200 39.416 -1.544
33.540 .060 -21.480 39.829 -1.576
33.540 .060 -21.480 39.829 -1.576
32.940 -1.320 -24.360 40.990 -1.515
32.940 -1.320 -24.360 40.990 -1.515
32.340 -.600 -26.280 41.676 -1.494
32.340 -.600 -26.280 41.676 -1.611
31.740 .840 -27.360 41.913 -1.611
31.740 .840 -27.360 41.913 -1.399
31.620 2.460 -28.440 42.599 -1.399
31.620 2.460 -28.440 42.599 -1.382
31.320 4.440 -28.500 42.578 -1.382
31.320 4.440 -28.500 42.578 -1.467
31.500 5.640 -28.500 42.852 -1.467
31.500 5.640 -28.500 42.852 -1.340
31.140 7.200 -28.980 43.144 -1.216
30.720 8.580 -28.320 42.654 -1.216
30.720 8.580 -28.320 42.654 -1.352
30.720 8.580 -28.320 42.654 -1.352
30.300 9.480 -27.540 42.029 -1.276
29.520 9.960 -26.640 40.992 -1.276
29.520 9.960 -26.640 40.992 -1.120
29.820 9.420 -25.020 40.050 -1.120
29.820 9.420 -25.020 40.050 -1.183
30.060 8.280 -23.940 39.310 -1.269
30.060 8.280 -23.940 39.310 -1.269
30.120 6.780 -22.200 38.027 -1.219
30.120 6.780 -22.200 38.027 -1.219
30.660 5.520 -20.640 37.370 -1.262
30.660 5.520 -20.640 37.370 -1.262
30.420 4.560 -19.500 36.420 -1.345
30.420 4.560 -19.500 36.420 -1.345
30.000 3.180 -17.700 34.977 -1.315
30.000 3.180 -17.700 34.977 -1.410
30.360 1.680 -16.080 34.396 -1.410
30.360 1.680 -16.080 34.396 -1.520
29.820 -.480 -15.180 33.465 -1.520
29.820 -.480 -15.180 33.465 -1.543
29.340 -2.700 -14.520 32.847 -1.543
29.340 -2.700 -14.520 32.847 -1.604
28.860 -3.900 -14.520 32.541 -1.604
28.860 -3.900 -14.520 32.541 -1.712
28.260 -5.100 -15.180 32.482 -1.673
28.260 -5.100 -15.180 32.482 -1.673
27.780 -6.420 -14.760 32.106 -1.638
27.780 -6.420 -14.760 32.106 -1.638
27.540 -7.500 -14.940 32.217 -1.726
27.540 -7.500 -14.940 32.217 -1.726
27.420 -8.880 -15.240 32.603 -1.826
27.420 -8.880 -15.240 32.603 -1.800
27.060 -9.360 -15.960 32.781 -1.800
27.060 -9.360 -15.960 32.781 -1.825
27.600 -8.640 -17.160 33.628 -1.825
27.600 -8.640 -17.160 33.628 -1.876
27.540 -7.740 -17.700 33.640 -1.876
27.540 -7.740 -17.700 33.640 -1.754
27.900 -6.240 -18.120 33.848 -1.754
27.900 -6.240 -18.120 33.848 -1.735
27.900 -4.860 -18.060 33.589 -1.727
27.900 -4.860 -18.060 33.589 -1.727
27.360 -3.660 -18.180 33.053 -1.657
27.360 -3.660 -18.180 33.053 -1.657
27.600 -1.560 -18.420 33.219 -1.626
27.600 -1.560 -18.420 33.219 -1.626
27.600 .360 -18.540 33.251 -1.661
27.600 .360 -18.540 33.251 -1.549
28.260 2.700 -18.660 33.972 -1.549
28.260 2.700 -18.660 33.972 -1.383
28.740 4.980 -18.300 34.434 -1.383
28.740 4.980 -18.300 34.434 -1.407
29.460 6.480 -17.580 34.913 -1.407
29.460 6.480 -17.580 34.913 -1.356
30.060 7.680 -17.040 35.397 -1.356
30.060 7.680 -17.040 35.397 -1.259
30.120 8.400 -16.140 35.189 -1.221
30.120 8.400 -16.140 35.189 -1.221
30.780 9.300 -14.880 35.430 -1.262
30.780 9.300 -14.880 35.430 -1.262
30.420 9.000 -13.740 34.571 -1.192
30.420 9.000 -13.740 34.571 -1.192
30.420 8.220 -12.120 33.762 -1.246
30.420 8.220 -12.120 33.762 -1.246
30.840 6.240 -11.100 33.365 -1.318
30.840 6.240 -11.100 33.365 -1.337
30.540 3.600 -10.620 32.534 -1.337
30.540 3.600 -10.620 32.534 -1.417
30.660 1.680 -10.500 32.452 -1.417
30.660 1.680 -10.500 32.452 -1.526
30.120 -.180 -11.280 32.163 -1.526
30.120 -.180 -11.280 32.163 -1.550
29.100 -1.920 -12.300 31.651 -1.550
29.100 -1.920 -12.300 31.651 -1.582
28.080 -3.240 -14.820 31.916 -1.623
28.080 -3.240 -14.820 31.916 -1.623
27.540 -4.560 -17.280 32.831 -1.698
27.540 -4.560 -17.280 32.831 -1.698
26.520 -5.520 -20.160 33.767 -1.644
26.520 -5.520 -20.160 33.767 -1.644
25.800 -5.160 -23.280 35.132 -1.616
25.800 -5.160 -23.280 35.132 -1.739
25.260 -5.640 -25.620 36.418 -1.739
25.260 -5.640 -25.620 36.418 -1.598
23.880 -6.060 -27.780 37.131 -1.598
23.880 -6.060 -27.780 37.131 -1.661
23.040 -6.000 -29.640 38.018 -1.661
23.040 -6.000 -29.640 38.018 -1.717
22.380 -6.360 -31.200 38.920 -1.717
22.380 -6.360 -31.200 38.920 -1.671
21.480 -4.260 -32.880 39.505 -1.671
21.480 -4.260 -32.880 39.505 -1.571
20.100 -1.080 -33.780 39.323 -1.441
20.100 -1.080 -33.780 39.323 -1.441
18.360 2.640 -34.020 38.748 -1.167
18.360 2.640 -34.020 38.748 -1.167
16.200 7.140 -34.260 38.564 -1.112
16.200 7.140 -34.260 38.564 -1.112
13.620 9.960 -32.940 37.010 -1.197
13.620 9.960 -32.940 37.010 -.751
11.280 12.180 -32.160 36.192 -.751
11.280 12.180 -32.160 36.192 -.684
8.580 13.980 -31.020 35.090 -.684
8.580 13.980 -31.020 35.090 -.454
6.000 15.360 -29.100 33.448 -.454
6.000 15.360 -29.100 33.448 -.401
4.020 16.680 -28.020 32.856 -.401
4.020 16.680 -28.020 32.856 -.162
2.400 18.180 -27.240 32.837 -.162
2.400 18.180 -27.240 32.837 -.162
1.800 19.260 -26.640 32.922 -.421
1.800 19.260 -26.640 32.922 -.421
1.080 19.860 -27.360 33.825 -.162
1.080 19.860 -27.360 33.825 -.162
.300 20.580 -27.780 34.574 -.124
.300 20.580 -27.780 34.574 -.124
.060 20.460 -28.140 34.792 .055
.060 20.460 -28.140 34.792 -.013
-.600 19.260 -29.220 35.002 -.013
-.600 19.260 -29.220 35.002 -.006
-.360 18.420 -29.160 34.492 -.006
-.360 18.420 -29.160 34.492 -.075
-.120 16.560 -29.340 33.691 -.075
-.120 16.560 -29.340 33.691 .011
-.300 14.700 -30.000 33.409 .011
-.300 14.700 -30.000 33.409 -.072
-.420 14.340 -30.180 33.416 -.045
-.420 14.340 -30.180 33.416 -.045
-1.200 13.620 -30.480 33.406 .069
-1.200 13.620 -30.480 33.406 .069
-1.080 14.040 -31.200 34.231 .028
-1.080 14.040 -31.200 34.231 .028
-1.020 15.480 -31.020 34.683 .039
-1.020 15.480 -31.020 34.683 -.352
-1.380 16.740 -30.300 34.644 -.352
-1.380 16.740 -30.300 34.644 -.001
-1.800 18.600 -30.900 36.111 -.001
-1.800 18.600 -30.900 36.111 .028
-3.240 20.760 -30.780 37.268 .028
-3.240 20.760 -30.780 37.268 .315
-4.260 22.200 -31.380 38.674 .174
-4.260 22.200 -31.380 38.674 .174
-4.380 23.520 -33.300 41.003 .174
-4.380 23.520 -33.300 41.003 .174
-4.500 24.300 -33.960 42.000 .143
-4.500 24.300 -33.960 42.000 .143
-3.840 24.840 -35.580 43.563 .095
-3.840 24.840 -35.580 43.563 .095
-3.960 25.680 -37.140 45.327 .042
-3.960 25.680 -37.140 45.327 .042
-4.680 25.860 -38.400 46.532 .148
-4.680 25.860 -38.400 46.532 .125
-5.280 25.620 -40.980 48.617 .125
-5.280 25.620 -40.980 48.617 .191
-6.360 24.540 -43.620 50.452 .191
-6.360 24.540 -43.620 50.452 .185
-6.480 23.880 -46.500 52.673 .185
-6.480 23.880 -46.500 52.673 -.102
-6.180 23.580 -49.740 55.392 .169
-6.180 23.580 -49.740 55.392 .169
-6.420 23.820 -52.560 58.062 .330
-6.420 23.820 -52.560 58.062 .330
-6.120 25.500 -54.180 60.193 .386
-6.180 27.060 -55.560 62.108 .386
-6.180 27.060 -55.560 62.108 .181
-6.180 27.060 -55.560 62.108 .181
-6.420 28.920 -55.800 63.176 .179
-6.420 28.920 -55.800 63.176 .258
-5.100 31.620 -54.540 63.249 .258
-5.100 31.620 -54.540 63.249 .125
-4.020 33.420 -53.880 63.530 .125
-4.020 33.420 -53.880 63.530 .057
-3.120 34.680 -51.900 62.498 .057
-3.120 34.680 -51.900 62.498 .097
-1.620 35.280 -50.100 61.297 .097
-.420 34.800 -47.880 59.192 .061
-.420 34.800 -47.880 59.192 .010
-.420 34.800 -47.880 59.192 .010
.660 33.540 -45.120 56.224 .010
.660 33.540 -45.120 56.224 .010
2.580 32.280 -42.480 53.415 -.351
4.200 30.780 -39.600 50.331 -.351
4.200 30.780 -39.600 50.331 -.128
5.580 28.920 -37.140 47.401 -.128
5.580 28.920 -37.140 47.401 -.211
7.740 28.020 -34.680 45.252 -.034
7.740 28.020 -34.680 45.252 -.034
10.200 26.640 -32.580 43.303 -.262
10.200 26.640 -32.580 43.303 -.262
12.720 25.740 -30.660 42.005 -.305
12.720 25.740 -30.660 42.005 -.305
15.480 24.900 -29.040 41.267 -.450
15.480 24.900 -29.040 41.267 -.450
17.400 24.000 -27.000 40.097 -.524
17.400 24.000 -27.000 40.097 -.588
18.720 23.820 -25.200 39.406 -.588
18.720 23.820 -25.200 39.406 -.728
19.920 23.820 -22.980 38.630 -.728
19.920 23.820 -22.980 38.630 -.716
20.760 23.940 -21.180 38.114 -.716
20.760 23.940 -21.180 38.114 -.661
21.780 24.000 -20.460 38.327 -.696
21.780 24.000 -20.460 38.327 -.696
22.560 23.460 -19.560 37.973 -.758
22.560 23.460 -19.560 37.973 -.758
22.920 23.340 -19.020 37.840 -.741
22.920 23.340 -19.020 37.840 -.741
22.740 23.640 -18.660 37.738 -.754
22.740 23.640 -18.660 37.738 -.754
21.960 23.700 -18.060 37.015 -.706
21.960 23.700 -18.060 37.015 -.679
20.460 24.300 -17.340 36.191 -.679
20.460 24.300 -17.340 36.191 -.674
18.480 25.080 -16.920 35.451 -.674
18.480 25.080 -16.920 35.451 -.652
16.920 26.040 -15.960 34.915 -.652
16.920 26.040 -15.960 34.915 -.545
14.700 27.540 -14.940 34.608 -.545
14.700 27.540 -14.940 34.608 -.495
12.600 29.040 -13.560 34.438 -.407
12.600 29.040 -13.560 34.438 -.407
10.860 30.420 -12.240 34.542 -.375
10.860 30.420 -12.240 34.542 -.375
9.000 31.080 -10.920 34.150 -.320
9.000 31.080 -10.920 34.150 -.320
7.980 31.260 -9.840 33.730 -.287
7.980 31.260 -9.840 33.730 -.258
7.080 31.680 -9.420 33.801 -.258
7.080 31.680 -9.420 33.801 -.218
5.040 30.660 -9.360 32.451 -.218
5.040 30.660 -9.360 32.451 -.162
3.240 29.880 -10.260 31.758 -.162
3.240 29.880 -10.260 31.758 -.130
1.500 28.860 -11.640 31.155 -.130
1.500 28.860 -11.640 31.155 -.053
-.060 27.000 -13.140 30.028 -.024
-.060 27.000 -13.140 30.028 -.024
-.540 25.920 -14.820 29.863 -.061
-.540 25.920 -14.820 29.863 -.061
-1.920 24.300 -16.020 29.169 -.037
-1.920 24.300 -16.020 29.169 -.037
-3.720 23.280 -16.980 29.054 .035
-3.720 23.280 -16.980 29.054 .035
-5.640 22.080 -17.640 28.818 .196
-5.640 22.080 -17.640 28.818 .207
-7.380 21.540 -17.940 28.988 .207
-7.380 21.540 -17.940 28.988 .276
-8.460 21.660 -17.700 29.224 .276
-8.460 21.660 -17.700 29.224 .295
-9.180 21.540 -17.160 29.029 .295
-9.180 21.540 -17.160 29.029 .359
-10.380 22.260 -15.720 29.161 .359
-10.380 22.260 -15.720 29.161 .379
-11.640 22.440 -14.040 28.917 .515
-11.640 22.440 -14.040 28.917 .515
-12.480 23.400 -12.540 29.335 .428
-12.480 23.400 -12.540 29.335 .428
-13.200 24.720 -11.580 30.322 .453
-13.200 24.720 -11.580 30.322 .453
-12.840 26.580 -11.400 31.644 .509
-12.840 26.580 -11.400 31.644 .409
-12.780 29.280 -11.100 33.821 .409
-12.780 29.280 -11.100 33.821 .363
-12.840 31.440 -10.680 35.601 .363
-12.840 31.440 -10.680 35.601 .366
-13.620 33.480 -10.200 37.556 .366
-13.620 33.480 -10.200 37.556 .375
-14.340 35.340 -10.740 39.622 .375
-14.340 35.340 -10.740 39.622 .365
-14.460 36.900 -10.860 41.093 .343
-14.460 36.900 -10.860 41.093 .343
-15.360 37.500 -12.360 42.367 .382
-15.360 37.500 -12.360 42.367 .382
-16.020 37.860 -13.440 43.251 .395
-16.020 37.860 -13.440 43.251 .395
-17.460 37.500 -13.860 43.626 .365
-17.460 37.500 -13.860 43.626 .365
-19.200 36.960 -15.300 44.371 .458
-19.200 36.960 -15.300 44.371 .426
-19.500 36.420 -16.860 44.620 .426
-19.500 36.420 -16.860 44.620 .461
-19.260 35.520 -18.600 44.481 .461
-19.260 35.520 -18.600 44.481 .444
-18.600 34.560 -20.820 44.428 .444
-18.600 34.560 -20.820 44.428 .435
-18.300 32.580 -23.580 44.186 .435
-18.300 32.580 -23.580 44.186 .438
-18.360 31.140 -26.280 44.693 .521
-18.360 31.140 -26.280 44.693 .521
-17.520 29.580 -30.360 45.866 .508
-17.520 29.580 -30.360 45.866 .508
-15.780 28.680 -34.800 47.776 .398
-15.780 28.680 -34.800 47.776 .398
-13.440 28.860 -38.820 50.205 .422
-13.440 28.860 -38.820 50.205 .422
-10.920 29.880 -42.420 53.024 .393
-10.920 29.880 -42.420 53.024 .214
-9.240 32.280 -45.000 56.146 .214
-9.240 32.280 -45.000 56.146 .264
-7.740 34.860 -46.560 58.677 .264
-7.740 34.860 -46.560 58.677 .255
-6.000 37.800 -47.580 61.063 .255
-6.000 37.800 -47.580 61.063 .131
-4.800 40.380 -47.820 62.772 .064
-4.800 40.380 -47.820 62.772 .064
-3.540 42.180 -46.920 63.192 -.028
-3.540 42.180 -46.920 63.192 -.028
-3.720 42.900 -45.900 62.937 .052
-3.720 42.900 -45.900 62.937 .052
-4.620 42.960 -44.640 62.126 .097
-4.620 42.960 -44.640 62.126 .097
-5.460 42.900 -43.020 61.000 .081
-5.460 42.900 -43.020 61.000 .106
-7.260 41.460 -42.060 59.504 .106
-7.260 41.460 -42.060 59.504 .104
-8.520 40.380 -40.680 57.948 .104
-8.520 40.380 -40.680 57.948 -.090
-9.840 38.760 -39.420 56.152 -.090
-9.840 38.760 -39.420 56.152 .176
-11.580 36.060 -38.100 53.722 .265
-13.020 34.080 -36.900 51.890 .265
-13.020 34.080 -36.900 51.890 .444
-13.020 34.080 -36.900 51.890 .444
-14.160 31.800 -35.460 49.691 .362
-14.160 31.800 -35.460 49.691 .362
-14.340 29.700 -33.540 47.039 .368
-13.860 28.560 -31.260 44.553 .368
-13.860 28.560 -31.260 44.553 .291
-13.860 28.560 -31.260 44.553 .387
-13.740 27.720 -28.680 42.187 .387
-13.740 27.720 -28.680 42.187 .394
-13.320 26.760 -25.860 39.525 .394
-13.320 26.760 -25.860 39.525 .422
-13.680 26.520 -23.340 37.884 .422
-13.680 26.520 -23.340 37.884 .443
-14.340 25.920 -21.480 36.591 .443
-14.340 25.920 -21.480 36.591 .456
-14.100 25.980 -19.440 35.379 .491
-14.160 26.220 -17.820 34.721 .491
-14.160 26.220 -17.820 34.721 .472
-14.160 26.220 -17.820 34.721 .472
-14.040 26.940 -17.460 35.039 .430
-14.280 27.420 -16.260 34.931 .430
-14.280 27.420 -16.260 34.931 .433
-14.280 27.420 -16.260 34.931 .433
-14.760 27.840 -15.360 35.055 .472
-15.360 28.260 -15.180 35.567 .437
-15.360 28.260 -15.180 35.567 .437
-16.140 28.260 -14.280 35.539 .450
-16.140 28.260 -14.280 35.539 .450
-16.920 28.740 -15.000 36.569 .488
-16.920 28.740 -15.000 36.569 .488
-18.420 28.200 -15.720 37.171 .504
-18.420 28.200 -15.720 37.171 .504
-20.040 27.780 -17.160 38.312 .526
-20.040 27.780 -17.160 38.312 .600
-21.540 27.060 -18.420 39.186 .600
-21.540 27.060 -18.420 39.186 .621
-22.440 26.340 -19.260 39.602 .621
-22.440 26.340 -19.260 39.602 .618
-22.980 25.800 -19.980 39.911 .618
-22.980 25.800 -19.980 39.911 .652
-23.340 24.660 -19.200 39.007 .673
-23.340 24.660 -19.200 39.007 .673
-24.060 23.640 -17.940 38.204 .691
-24.060 23.640 -17.940 38.204 .691
-24.600 22.380 -16.140 36.967 .779
-24.600 22.380 -16.140 36.967 .779
-24.840 21.600 -14.100 35.811 .739
-24.840 21.600 -14.100 35.811 .739
-24.780 22.200 -11.820 35.307 .780
-24.780 22.200 -11.820 35.307 .678
-24.240 22.980 -10.080 34.889 .678
-24.240 22.980 -10.080 34.889 .760
-24.420 23.820 -8.880 35.250 .760
-24.420 23.820 -8.880 35.250 .772
-25.080 24.180 -7.800 35.700 .772
-25.080 24.180 -7.800 35.700 .794
-25.140 24.900 -8.400 36.367 .743
-25.140 24.900 -8.400 36.367 .743
-24.900 25.800 -9.420 37.073 .733
-24.900 25.800 -9.420 37.073 .733
-23.640 26.820 -11.100 37.435 .726
-23.640 26.820 -11.100 37.435 .726
-21.960 27.720 -13.560 37.875 .688
-21.960 27.720 -13.560 37.875 .688
-21.180 27.180 -15.720 37.874 .640
-21.180 27.180 -15.720 37.874 .679
-20.280 26.640 -17.280 37.677 .679
-20.280 26.640 -17.280 37.677 .584
-19.320 25.800 -17.820 36.830 .584
-19.320 25.800 -17.820 36.830 .569
-18.000 25.740 -17.820 36.112 .569
-18.000 25.740 -17.820 36.112 .612
-15.660 26.220 -16.560 34.741 .612
-15.660 26.220 -16.560 34.741 .530
-14.160 26.580 -15.720 33.972 .438
-14.160 26.580 -15.720 33.972 .438
-12.840 27.420 -14.580 33.605 .430
-12.840 27.420 -14.580 33.605 .430
-11.340 28.200 -13.320 33.185 .446
-11.340 28.200 -13.320 33.185 .446
-10.380 29.580 -13.440 34.108 .354
-10.380 29.580 -13.440 34.108 .307
-8.640 31.200 -13.260 34.985 .307
-8.640 31.200 -13.260 34.985 .139
-6.360 32.880 -13.440 36.086 .186
-6.360 32.880 -13.440 36.086 .186
-5.700 34.320 -14.700 37.768 .145
-5.700 34.320 -14.700 37.768 .145
-5.040 35.820 -16.080 39.586 .208
-5.040 35.820 -16.080 39.586 .208
-4.020 36.600 -19.020 41.442 .124
-4.020 36.600 -19.020 41.442 .107
-4.140 37.020 -22.320 43.426 .107
-4.140 37.020 -22.320 43.426 .104
-3.540 36.840 -25.260 44.808 .104
-3.540 36.840 -25.260 44.808 .083
-3.960 35.520 -28.380 45.637 .083
-3.960 35.520 -28.380 45.637 .041
-5.520 33.960 -30.000 45.648 .041
-5.520 33.960 -30.000 45.648 .091
-7.260 31.620 -32.160 45.681 .176
-7.260 31.620 -32.160 45.681 .176
-8.820 29.340 -34.260 45.961 .223
-8.820 29.340 -34.260 45.961 .223
-9.540 27.360 -35.460 45.793 .280
-9.540 27.360 -35.460 45.793 .280
-10.020 25.800 -36.600 45.887 .260
-10.020 25.800 -36.600 45.887 .260
-10.140 24.780 -36.960 45.639 .231
-10.140 24.780 -36.960 45.639 .385
-10.020 24.240 -36.540 44.979 .385
-10.020 24.240 -36.540 44.979 .348
-9.660 24.060 -36.420 44.706 .348
-9.660 24.060 -36.420 44.706 .267
-9.540 23.340 -36.840 44.643 .267
-9.540 23.340 -36.840 44.643 .170
-9.300 23.400 -37.560 45.220 .170
-9.300 23.400 -37.560 45.220 .235
-9.120 22.740 -39.240 46.261 .255
-9.120 22.740 -39.240 46.261 .255
-9.180 21.840 -41.340 47.647 .327
-9.180 21.840 -41.340 47.647 .327
-9.240 21.000 -43.920 49.551 .335
-9.240 21.000 -43.920 49.551 .335
-9.120 18.840 -46.020 50.557 .266
-9.120 18.840 -46.020 50.557 .253
-9.240 16.620 -47.280 50.961 .253
-9.240 16.620 -47.280 50.961 -.107
-9.240 13.800 -48.120 50.905 -.107
-9.240 13.800 -48.120 50.905 .163
-8.880 11.820 -47.160 49.423 .163
-8.880 11.820 -47.160 49.423 .383
-9.180 10.260 -45.540 47.576 .383
-9.180 10.260 -45.540 47.576 .441
-9.300 9.420 -43.440 45.412 .417
-9.300 9.420 -43.440 45.412 .417
-9.060 10.740 -40.680 43.038 .294
-9.060 10.740 -40.680 43.038 .294
-8.700 12.480 -38.220 41.136 -.296
-8.700 12.480 -38.220 41.136 -.296
-8.160 15.240 -36.420 40.315 .312
-8.160 15.240 -36.420 40.315 .312
-7.440 18.780 -35.880 41.175 .282
-7.440 18.780 -35.880 41.175 .423
-6.900 22.020 -35.940 42.710 .423
-6.900 22.020 -35.940 42.710 .167
-6.900 24.720 -37.320 45.293 .167
-6.900 24.720 -37.320 45.293 .182
-5.880 27.420 -38.820 47.890 .182
-5.880 27.420 -38.820 47.890 -.138
-4.320 29.280 -41.040 50.599 -.138
-4.320 29.280 -41.040 50.599 .017
-3.840 30.120 -43.140 52.754 .101
-3.840 30.120 -43.140 52.754 .101
-3.600 30.060 -44.700 53.988 .280
-3.600 30.060 -44.700 53.988 .280
-4.020 28.560 -46.560 54.769 .056
-4.020 28.560 -46.560 54.769 .056
-4.860 26.220 -47.580 54.543 .144
-4.860 23.400 -48.240 53.836 .125
-4.860 23.400 -48.240 53.836 .125
-5.220 20.400 -47.640 52.086 .128
-5.220 20.400 -47.640 52.086 .128
-6.300 18.420 -45.660 49.637 .192
-6.300 18.420 -45.660 49.637 .192
-7.320 17.040 -43.320 47.123 .533
-7.320 17.040 -43.320 47.123 .533
-9.060 16.380 -40.320 44.453 .376
-9.060 16.380 -40.320 44.453 .433
-10.260 17.580 -37.200 42.405 .433
-10.260 17.580 -37.200 42.405 .525
-11.400 19.320 -34.740 41.353 .525
-11.400 19.320 -34.740 41.353 .493
-13.140 21.660 -31.680 40.564 .493
-13.140 21.660 -31.680 40.564 .434
-14.580 24.660 -29.580 41.178 .434
-14.580 24.660 -29.580 41.178 .546
-16.200 27.180 -28.440 42.544 .553
-16.200 27.180 -28.440 42.544 .553
-17.040 29.100 -27.960 43.806 .460
-17.040 29.100 -27.960 43.806 .460
-17.760 30.900 -27.660 45.114 .519
-17.760 30.900 -27.660 45.114 .519
-18.540 31.860 -27.360 45.906 .486
-18.540 31.860 -27.360 45.906 .486
-18.960 32.100 -26.220 45.578 .489
-18.960 32.100 -26.220 45.578 .495
-19.800 32.160 -23.880 44.683 .495
-19.800 32.160 -23.880 44.683 .526
-19.080 32.940 -21.540 43.739 .526
-19.080 32.940 -21.540 43.739 .518
-17.700 33.660 -18.240 42.178 .518
-17.700 33.660 -18.240 42.178 .485
-15.180 35.100 -15.540 41.279 .396
-15.180 35.100 -15.540 41.279 .396
-12.420 36.960 -13.380 41.223 .381
-12.420 36.960 -13.380 41.223 .381
-10.260 38.340 -11.880 41.429 .307
-10.260 38.340 -11.880 41.429 .307
-7.740 40.140 -11.700 42.521 .278
-7.740 40.140 -11.700 42.521 .278
-5.580 41.760 -12.900 44.062 .188
-5.580 41.760 -12.900 44.062 .099
-3.240 42.720 -16.080 45.761 .099
-3.240 42.720 -16.080 45.761 .056
-1.020 42.840 -20.520 47.512 .056
-1.020 42.840 -20.520 47.512 .001
.900 42.180 -25.800 49.453 .001
.900 42.180 -25.800 49.453 .020
2.400 40.200 -31.800 51.313 .020
2.400 40.200 -31.800 51.313 -.053
4.020 37.560 -38.280 53.780 -.098
4.020 37.560 -38.280 53.780 -.098
6.000 34.260 -43.560 55.742 -.140
6.000 34.260 -43.560 55.742 -.140
7.620 29.700 -48.360 57.261 -.282
7.620 29.700 -48.360 57.261 -.282
9.480 26.520 -51.120 58.365 -.249
9.480 26.520 -51.120 58.365 -.249
10.800 23.820 -51.480 57.743 -.247
10.800 23.820 -51.480 57.743 -.406
11.820 21.480 -51.360 56.912 -.406
11.820 21.480 -51.360 56.912 -.350
12.840 21.180 -50.400 56.157 -.350
12.840 21.180 -50.400 56.157 -.407
13.860 20.880 -49.680 55.643 -.407
13.860 20.880 -49.680 55.643 -.685
14.760 21.060 -49.800 56.048 -.550
14.760 21.060 -49.800 56.048 -.550
15.000 23.100 -49.800 56.909 -.428
15.000 23.100 -49.800 56.909 -.428
15.240 24.960 -49.860 57.804 -.628
15.240 24.960 -49.860 57.804 -.628
15.240 26.220 -50.580 58.975 -.392
15.240 26.220 -50.580 58.975 -.392
14.880 27.300 -49.740 58.658 -.435
14.880 27.300 -49.740 58.658 -.611
15.120 26.580 -48.540 57.369 -.611
15.120 26.580 -48.540 57.369 -.489
15.240 26.640 -46.620 55.816 -.489
15.240 26.640 -46.620 55.816 -.462
15.360 27.060 -43.020 53.093 -.462
15.360 27.060 -43.020 53.093 -.502
15.540 27.840 -40.200 51.309 -.502
15.540 27.840 -40.200 51.309 -.394
15.360 29.700 -37.440 50.197 -.470
15.360 29.700 -37.440 50.197 -.470
15.360 31.140 -34.920 49.245 -.723
15.360 31.140 -34.920 49.245 -.723
14.280 32.640 -34.200 49.386 -.432
14.280 32.640 -34.200 49.386 -.432
13.200 35.340 -33.600 50.518 -.351
13.200 35.340 -33.600 50.518 -.351
11.340 37.560 -34.440 52.206 -.320
11.340 37.560 -34.440 52.206 -.299
8.700 39.360 -36.240 54.206 -.299
8.700 39.360 -36.240 54.206 -.213
6.120 41.340 -38.100 56.551 -.213
6.120 41.340 -38.100 56.551 -.217
4.260 41.400 -41.400 58.703 -.217
4.260 41.400 -41.400 58.703 -.147
2.100 40.080 -44.640 60.030 -.147
2.100 40.080 -44.640 60.030 -.048
.120 38.280 -47.400 60.927 .000
.120 38.280 -47.400 60.927 .000
-1.020 34.680 -50.040 60.891 .026
-1.020 34.680 -50.040 60.891 .026
-3.000 30.480 -51.300 59.747 .043
-3.000 30.480 -51.300 59.747 .043
-3.900 26.760 -51.060 57.779 -.008
-3.900 26.760 -51.060 57.779 -.008
-4.560 22.320 -49.560 54.545 .063
-4.560 22.320 -49.560 54.545 .056
-5.220 19.620 -46.620 50.849 .056
-5.220 19.620 -46.620 50.849 .044
-5.520 17.580 -43.020 46.800 .044
-5.520 17.580 -43.020 46.800 .220
-5.340 16.500 -39.360 43.011 .220
-5.340 16.500 -39.360 43.011 .192
-5.160 16.860 -36.180 40.248 .192
-5.160 16.860 -36.180 40.248 .190
-4.560 17.040 -34.080 38.374 .184
-4.560 17.040 -34.080 38.374 .184
-3.720 18.540 -32.640 37.722 .030
-3.720 18.540 -32.640 37.722 .030
-3.240 20.160 -32.520 38.399 .097
-3.240 20.160 -32.520 38.399 .097
-2.100 22.020 -33.360 40.027 .094
-2.100 22.020 -33.360 40.027 .076
-.900 23.160 -34.440 41.513 .076
-.900 23.160 -34.440 41.513 -.088
.060 23.580 -36.480 43.437 -.088
.060 23.580 -36.480 43.437 -.058
1.380 22.800 -37.620 44.011 -.058
1.380 22.800 -37.620 44.011 -.131
2.640 21.660 -38.460 44.219 -.131
2.640 21.660 -38.460 44.219 -.277
3.240 20.400 -38.700 43.867 -.100
3.240 20.400 -38.700 43.867 -.100
4.620 18.600 -37.740 42.327 -.232
4.620 18.600 -37.740 42.327 -.232
5.760 17.280 -36.360 40.667 -.452
5.760 17.280 -36.360 40.667 -.452
6.600 15.420 -35.160 38.956 -.398
6.600 15.420 -35.160 38.956 -.398
7.800 14.280 -33.960 37.657 -.385
7.800 14.280 -33.960 37.657 -.634
8.100 13.200 -32.940 36.399 -.634
8.100 13.200 -32.940 36.399 -.509
8.340 12.300 -31.980 35.264 -.509
8.340 12.300 -31.980 35.264 -.427
8.340 11.460 -30.720 33.832 -.427
8.340 11.460 -30.720 33.832 -.751
7.920 10.980 -29.040 32.041 -.751
7.920 10.980 -29.040 32.041 -.678
7.380 10.560 -27.060 29.970 -.587
7.380 10.560 -27.060 29.970 -.587
6.720 11.340 -25.020 28.280 -.269
6.720 11.340 -25.020 28.280 -.269
5.940 13.020 -22.140 26.363 -.423
5.940 13.020 -22.140 26.363 -.423
5.400 15.180 -19.860 25.574 -.313
5.400 15.180 -19.860 25.574 -.313
5.040 18.000 -17.700 25.743 -.310
5.040 18.000 -17.700 25.743 -.480
4.500 21.060 -15.600 26.592 -.480
4.500 21.060 -15.600 26.592 -.239
3.720 24.240 -15.780 29.162 -.239
3.720 24.240 -15.780 29.162 -.180
2.820 27.240 -16.440 31.941 -.180
2.820 27.240 -16.440 31.941 -.051
.960 30.180 -17.580 34.940 -.042
.960 30.180 -17.580 34.940 -.042
-.420 32.400 -20.520 38.354 -.025
-.420 32.400 -20.520 38.354 -.025
-1.920 33.540 -23.040 40.736 -.076
-1.920 33.540 -23.040 40.736 -.076
-3.360 33.960 -26.100 42.963 .055
-3.360 33.960 -26.100 42.963 .055
-4.980 33.360 -29.400 44.744 .046
-4.980 33.360 -29.400 44.744 .167
-6.720 32.580 -32.160 46.270 .167
-6.720 32.580 -32.160 46.270 .192
-8.400 31.260 -34.620 47.395 .192
-8.400 31.260 -34.620 47.395 .247
-10.320 29.580 -35.880 47.632 .247
-10.320 29.580 -35.880 47.632 .288
-11.880 28.020 -37.200 48.063 .288
-11.880 28.020 -37.200 48.063 .348
-12.840 25.740 -37.140 46.977 .327
-12.840 25.740 -37.140 46.977 .327
-13.920 24.780 -35.700 45.632 .408
-13.920 24.780 -35.700 45.632 .408
-14.040 23.760 -34.740 44.368 .529
-13.140 23.400 -32.580 42.210 .529
-13.140 23.400 -32.580 42.210 .430
-13.140 23.400 -32.580 42.210 .378
-12.180 23.760 -31.140 41.019 .378
-10.620 23.400 -30.960 40.235 .416
-10.620 23.400 -30.960 40.235 .416
-9.300 23.880 -30.420 39.776 .329
-9.300 23.880 -30.420 39.776 .329
-9.300 23.880 -30.420 39.776 .299
-7.920 24.420 -31.320 40.497 .299
-7.920 24.420 -31.320 40.497 .294
-6.360 24.840 -32.820 41.649 .190
-6.360 24.840 -32.820 41.649 .190
-4.800 24.720 -34.380 42.616 .159
-2.940 24.540 -37.140 44.612 .159
-2.940 24.540 -37.140 44.612 -.250
-1.440 23.940 -38.940 45.733 -.250
-1.440 23.940 -38.940 45.733 -.045
-1.020 23.700 -40.620 47.040 -.045
-1.020 23.700 -40.620 47.040 -.060
-.600 23.880 -41.640 48.005 -.020
-.600 23.880 -41.640 48.005 -.020
-.240 24.300 -42.120 48.628 -.035
-.240 24.300 -42.120 48.628 -.035
.000 25.020 -41.760 48.682 -.113
.000 25.020 -41.760 48.682 -.113
.480 25.380 -40.440 47.747 -.463
.480 25.380 -40.440 47.747 -.031
.660 26.040 -38.640 46.600 -.031
.660 26.040 -38.640 46.600 -.036
.300 26.760 -36.420 45.195 -.036
.300 26.760 -36.420 45.195 .300
.120 27.900 -34.800 44.603 .300
.120 27.900 -34.800 44.603 .003
-.120 28.800 -34.260 44.757 .003
-.120 28.800 -34.260 44.757 -.026
-.120 29.460 -34.680 45.504 -.287
-.120 29.460 -34.680 45.504 -.287
-.540 29.280 -36.060 46.454 -.083
-.540 29.280 -36.060 46.454 -.083
-1.140 28.500 -38.580 47.979 .042
-1.140 28.500 -38.580 47.979 .042
-1.140 27.960 -40.740 49.425 .223
-1.140 27.960 -40.740 49.425 .223
-1.740 26.820 -43.380 51.031 .067
-1.740 26.820 -43.380 51.031 .127
-1.380 26.460 -45.120 52.324 .127
-1.380 26.460 -45.120 52.324 .022
-1.440 25.320 -46.020 52.545 .022
-1.440 25.320 -46.020 52.545 .013
-2.640 24.240 -47.220 53.144 .013
-2.640 24.240 -47.220 53.144 .137
-3.420 24.480 -47.760 53.777 .137
-3.420 24.480 -47.760 53.777 .169
-5.220 24.180 -48.660 54.587 .206
-5.220 24.180 -48.660 54.587 .206
-6.480 25.080 -49.380 55.762 .211
-6.480 25.080 -49.380 55.762 .211
-8.040 25.320 -49.920 56.549 .265
-8.040 25.320 -49.920 56.549 .265
-9.360 24.540 -50.880 57.259 .194
-9.360 24.540 -50.880 57.259 .150
-11.040 23.880 -50.940 57.333 .150
-11.040 23.880 -50.940 57.333 .444
-13.440 22.380 -51.000 57.293 .444
-13.440 22.380 -51.000 57.293 .577
-15.180 20.880 -50.460 56.680 .577
-15.180 20.880 -50.460 56.680 .508
-17.160 20.160 -49.020 55.712 .508
-17.160 20.160 -49.020 55.712 .786
-18.900 19.620 -47.220 54.515 .771
-18.900 19.620 -47.220 54.515 .771
-21.120 19.500 -44.400 52.893 .676
-21.120 19.500 -44.400 52.893 .676
-22.980 20.820 -41.280 51.629 .724
-22.980 20.820 -41.280 51.629 .724
-25.260 21.600 -38.340 50.740 .849
-25.260 21.600 -38.340 50.740 .849
-26.760 23.520 -35.100 50.013 .735
-26.760 23.520 -35.100 50.013 .718
-27.300 26.280 -32.040 49.623 .718
-27.300 26.280 -32.040 49.623 .749
-27.960 28.500 -29.640 49.725 .749
-27.960 28.500 -29.640 49.725 .710
-28.800 30.600 -26.460 49.658 .710
-28.800 30.600 -26.460 49.658 .707
-30.360 31.020 -24.000 49.598 .790
-30.360 31.020 -24.000 49.598 .790
-31.620 30.780 -21.480 49.078 .776
-31.620 30.780 -21.480 49.078 .776
-32.760 30.540 -18.240 48.359 .770
-32.760 30.540 -18.240 48.359 .770
-32.760 30.420 -15.480 47.310 .735
-32.760 30.420 -15.480 47.310 .735
-31.980 30.420 -12.420 45.851 .777
-31.980 30.420 -12.420 45.851 .788
-31.140 30.060 -9.660 44.347 .788
-31.140 30.060 -9.660 44.347 .803
-29.700 30.300 -7.020 43.005 .803
-29.700 30.300 -7.020 43.005 .759
-27.540 30.840 -5.040 41.653 .759
-27.540 30.840 -5.040 41.653 .716
-25.020 32.400 -3.540 41.089 .716
-25.020 32.400 -3.540 41.089 .627
-21.240 34.260 -2.760 40.404 .548
-21.240 34.260 -2.760 40.404 .548
-17.940 35.700 -3.660 40.121 .463
-17.940 35.700 -3.660 40.121 .463
-14.640 36.480 -5.220 39.653 .383
-14.640 36.480 -5.220 39.653 .383
-10.980 36.660 -7.920 39.080 .379
-10.980 36.660 -7.920 39.080 .379
-7.860 35.760 -11.760 38.456 .278
-7.860 35.760 -11.760 38.456 .171
-4.620 34.140 -16.260 38.096 .171
-4.620 34.140 -16.260 38.096 .126
-2.520 32.400 -21.480 38.955 .126
-2.520 32.400 -21.480 38.955 .048
-1.560 29.880 -26.580 40.022 .048
-1.560 29.880 -26.580 40.022 .155
-.840 27.660 -31.800 42.155 .155
-.840 27.660 -31.800 42.155 .008
-.600 25.620 -36.060 44.239 .028
-.600 25.620 -36.060 44.239 .028
-.360 23.580 -39.720 46.193 -.075
-.360 23.580 -39.720 46.193 -.075
-.060 21.900 -42.180 47.526 .079
-.060 21.900 -42.180 47.526 .079
-.660 20.280 -43.500 48.000 -.058
-.660 20.280 -43.500 48.000 -.058
-1.200 18.960 -44.460 48.349 -.039
-1.200 18.960 -44.460 48.349 .076
-1.320 17.700 -44.340 47.761 .076
-1.320 17.700 -44.340 47.761 .040
-1.560 17.220 -44.580 47.816 .040
-1.560 17.220 -44.580 47.816 -.087
-1.860 17.100 -44.640 47.839 -.087
