X Y Z F A
-8.580 -22.500 -15.900 28.856 2.730
-8.640 -22.440 -14.880 28.278 2.656
-8.640 -22.440 -14.880 28.278 2.656
-9.120 -22.140 -14.520 28.003 2.688
-9.120 -22.140 -14.520 28.003 2.771
-8.880 -22.080 -14.760 28.004 2.771
-8.880 -22.080 -14.760 28.004 2.727
-7.920 -22.320 -15.720 28.426 2.727
-7.920 -22.320 -15.720 28.426 2.777
-7.020 -22.440 -17.640 29.394 2.777
-7.020 -22.440 -17.640 29.394 2.911
-5.700 -23.400 -19.200 30.801 2.911
-5.700 -23.400 -19.200 30.801 2.871
-4.800 -24.420 -21.060 32.602 2.838
-4.800 -24.420 -21.060 32.602 2.838
-4.380 -25.440 -23.280 34.761 2.918
-4.380 -25.440 -23.280 34.761 2.918
-4.140 -27.000 -25.200 37.164 2.973
-4.140 -27.000 -25.200 37.164 2.973
-3.360 -28.140 -27.780 39.685 2.923
-3.360 -28.140 -27.780 39.685 3.015
-2.640 -28.260 -30.240 41.474 3.015
-2.640 -28.260 -30.240 41.474 2.787
-2.040 -27.840 -32.580 42.903 2.787
-2.040 -27.840 -32.580 42.903 3.076
-1.560 -26.460 -35.220 44.080 3.076
-1.560 -26.460 -35.220 44.080 2.957
-1.860 -23.580 -37.020 43.931 2.957
-1.860 -23.580 -37.020 43.931 3.076
-2.520 -21.480 -38.820 44.438 2.910
-2.520 -21.480 -38.820 44.438 2.910
-3.420 -18.960 -40.080 44.470 3.045
-3.420 -18.960 -40.080 44.470 3.045
-4.560 -16.620 -41.100 44.567 2.974
-4.560 -16.620 -41.100 44.567 2.974
-6.120 -16.320 -41.880 45.362 2.736
-6.120 -16.320 -41.880 45.362 2.467
-7.200 -16.140 -41.940 45.512 2.467
-7.200 -16.140 -41.940 45.512 2.687
-9.420 -16.980 -41.580 45.891 2.687
-9.420 -16.980 -41.580 45.891 2.709
-11.340 -18.960 -40.440 46.081 2.709
-11.340 -18.960 -40.440 46.081 2.398
-12.900 -20.640 -39.060 46.023 2.398
-12.900 -20.640 -39.060 46.023 2.402
-15.060 -22.860 -37.620 46.526 2.410
-15.060 -22.860 -37.620 46.526 2.410
-16.380 -25.440 -35.280 46.478 2.341
-16.380 -25.440 -35.280 46.478 2.341
-18.600 -26.400 -33.420 46.474 2.430
-18.600 -26.400 -33.420 46.474 2.430
-21.360 -27.180 -31.920 47.052 2.805
-21.360 -27.180 -31.920 47.052 2.805
-23.760 -27.540 -29.400 46.769 2.295
-23.760 -27.540 -29.400 46.769 2.295
-25.980 -27.180 -27.960 46.856 2.376
-25.980 -27.180 -27.960 46.856 2.362
-27.180 -27.780 -26.220 46.883 2.362
-27.180 -27.780 -26.220 46.883 2.273
-28.080 -28.020 -24.480 46.614 2.273
-28.080 -28.020 -24.480 46.614 2.289
-28.920 -27.960 -24.720 47.214 2.289
-28.920 -27.960 -24.720 47.214 2.368
-29.340 -28.800 -24.660 47.942 2.320
-29.340 -28.800 -24.660 47.942 2.320
-28.440 -29.580 -25.800 48.471 2.336
-28.440 -29.580 -25.800 48.471 2.336
-26.520 -30.300 -27.840 48.954 2.445
-26.520 -30.300 -27.840 48.954 2.445
-24.180 -30.660 -29.700 49.059 2.406
-24.180 -30.660 -29.700 49.059 2.406
-21.420 -30.660 -31.440 48.860 2.405
-21.420 -30.660 -31.440 48.860 2.561
-19.740 -29.880 -32.340 48.253 2.561
-19.740 -29.880 -32.340 48.253 2.561
-17.940 -29.040 -32.580 47.187 2.561
-17.940 -29.040 -32.580 47.187 2.527
-15.480 -28.860 -32.520 46.153 2.527
-15.480 -28.860 -32.520 46.153 2.513
-13.260 -28.140 -32.820 45.220 2.676
-13.260 -28.140 -32.820 45.220 2.676
-10.980 -28.080 -32.400 44.258 2.616
-10.980 -28.080 -32.400 44.258 2.616
-9.300 -27.840 -32.760 43.986 2.772
-9.300 -27.840 -32.760 43.986 2.772
-8.460 -26.820 -33.120 43.449 3.083
-8.460 -26.820 -33.120 43.449 3.083
-7.560 -26.100 -32.760 42.563 2.739
-7.560 -26.100 -32.760 42.563 2.812
-6.480 -24.480 -33.780 42.218 2.812
-6.480 -24.480 -33.780 42.218 2.840
-4.860 -22.680 -34.440 41.522 2.840
-4.860 -22.680 -34.440 41.522 2.805
-3.420 -21.900 -34.500 41.007 2.805
-3.420 -21.900 -34.500 41.007 2.915
-2.340 -20.640 -35.100 40.786 2.915
-2.340 -20.640 -35.100 40.786 3.137
-1.080 -20.040 -35.160 40.484 3.055
-1.080 -20.040 -35.160 40.484 3.055
.420 -20.220 -34.500 39.991 -3.141
.420 -20.220 -34.500 39.991 -3.141
2.280 -19.440 -34.800 39.927 -3.012
2.280 -19.440 -34.800 39.927 -3.012
4.740 -19.140 -35.580 40.679 -3.038
4.740 -19.140 -35.580 40.679 -3.038
6.960 -18.900 -37.080 42.197 -2.854
6.960 -18.900 -37.080 42.197 -2.739
8.940 -18.000 -39.360 44.194 -2.739
8.940 -18.000 -39.360 44.194 -2.546
11.160 -17.640 -42.300 47.170 -2.546
11.160 -17.640 -42.300 47.170 -2.266
13.980 -17.520 -45.120 50.381 -2.266
13.980 -17.520 -45.120 50.381 -2.364
16.500 -17.280 -48.360 53.940 -2.364
16.500 -17.280 -48.360 53.940 -2.663
19.140 -17.040 -52.200 58.151 -2.014
19.140 -17.040 -52.200 58.151 -2.014
21.420 -18.120 -55.620 62.296 -2.056
21.420 -18.120 -55.620 62.296 -2.056
23.160 -19.620 -59.580 66.866 -2.341
23.160 -19.620 -59.580 66.866 -2.341
25.500 -22.260 -63.600 72.047 -1.957
25.500 -22.260 -63.600 72.047 -2.053
27.240 -25.980 -65.160 75.252 -2.053
27.240 -25.980 -65.160 75.252 -2.462
29.160 -28.740 -66.780 78.332 -2.462
29.160 -28.740 -66.780 78.332 -2.328
29.340 -33.000 -66.780 80.059 -2.328
29.340 -33.000 -66.780 80.059 -2.363
28.440 -36.660 -65.400 80.187 -2.363
28.440 -36.660 -65.400 80.187 -2.422
27.120 -39.840 -64.740 80.709 -2.577
27.120 -39.840 -64.740 80.709 -2.577
24.660 -44.220 -61.320 79.521 -2.472
24.660 -44.220 -61.320 79.521 -2.472
23.040 -46.080 -58.800 78.177 -2.612
23.040 -46.080 -58.800 78.177 -2.612
20.940 -47.700 -55.800 76.337 -2.784
20.940 -47.700 -55.800 76.337 -2.784
18.360 -49.320 -51.900 73.913 -2.580
18.360 -49.320 -51.900 73.913 -2.792
16.140 -48.840 -49.800 71.595 -2.792
16.140 -48.840 -49.800 71.595 -2.597
13.440 -48.600 -47.100 69.000 -2.597
13.440 -48.600 -47.100 69.000 -2.742
11.220 -48.000 -44.940 66.705 -2.742
11.220 -48.000 -44.940 66.705 -2.966
9.540 -46.440 -43.620 64.424 -2.963
9.540 -46.440 -43.620 64.424 -2.963
7.860 -45.480 -42.420 62.687 -2.982
7.860 -45.480 -42.420 62.687 -2.982
6.900 -44.160 -41.220 60.801 -3.007
6.900 -44.160 -41.220 60.801 -3.007
5.880 -42.480 -39.840 58.535 -3.048
5.880 -42.480 -39.840 58.535 -3.048
5.460 -40.740 -39.240 56.827 -3.030
5.460 -40.740 -39.240 56.827 -3.030
5.880 -38.580 -38.700 54.961 -2.963
5.880 -38.580 -38.700 54.961 -2.922
6.300 -36.360 -37.980 52.955 -2.922
6.300 -36.360 -37.980 52.955 -2.972
6.780 -34.440 -37.680 51.496 -2.972
6.780 -34.440 -37.680 51.496 -2.957
6.540 -33.120 -36.660 49.836 -2.957
6.540 -33.120 -36.660 49.836 -2.832
5.880 -31.740 -35.160 47.731 -2.893
5.880 -31.740 -35.160 47.731 -2.893
5.880 -30.600 -33.780 45.957 -2.873
5.880 -30.600 -33.780 45.957 -2.873
6.480 -29.580 -32.160 44.173 -2.915
7.620 -28.920 -30.540 42.745 -2.915
7.620 -28.920 -30.540 42.745 -2.978
7.800 -28.800 -28.320 41.138 -2.978
7.800 -28.800 -28.320 41.138 -2.807
7.680 -28.740 -26.280 39.694 -2.845
7.680 -28.740 -26.280 39.694 -2.845
7.320 -28.860 -24.240 38.393 -2.815
7.320 -28.860 -24.240 38.393 -2.815
6.720 -28.800 -21.300 36.446 -2.847
6.720 -28.800 -21.300 36.446 -2.847
7.380 -28.140 -19.500 35.022 -2.872
7.380 -28.140 -19.500 35.022 -2.944
7.800 -27.060 -18.000 33.423 -2.944
7.800 -27.060 -18.000 33.423 -2.848
8.040 -25.860 -16.140 31.526 -2.848
8.040 -25.860 -16.140 31.526 -2.815
8.100 -24.720 -15.540 30.301 -2.815
8.100 -24.720 -15.540 30.301 -2.848
7.980 -23.760 -15.180 29.303 -2.848
7.980 -23.760 -15.180 29.303 -2.823
8.220 -23.220 -15.000 28.840 -2.754
8.220 -23.220 -15.000 28.840 -2.754
8.580 -23.160 -15.660 29.244 -2.803
8.580 -23.160 -15.660 29.244 -2.803
9.360 -22.920 -17.160 30.123 -2.769
9.360 -22.920 -17.160 30.123 -2.769
9.840 -23.460 -19.260 31.908 -2.702
9.840 -23.460 -19.260 31.908 -2.702
9.840 -24.060 -21.240 33.569 -2.653
9.840 -24.060 -21.240 33.569 -2.668
10.080 -24.900 -22.860 35.273 -2.668
10.080 -24.900 -22.860 35.273 -2.673
10.080 -26.220 -23.880 36.869 -2.673
10.080 -26.220 -23.880 36.869 -2.714
10.560 -27.060 -24.420 37.949 -2.714
10.560 -27.060 -24.420 37.949 -2.824
10.920 -28.560 -24.180 38.982 -2.698
10.920 -28.560 -24.180 38.982 -2.698
10.740 -29.880 -24.900 40.351 -2.760
10.740 -29.880 -24.900 40.351 -2.760
10.620 -31.020 -25.620 41.610 -2.691
10.620 -31.020 -25.620 41.610 -2.691
9.900 -32.940 -25.920 43.069 -2.725
9.900 -32.940 -25.920 43.069 -2.725
10.500 -33.660 -27.420 44.667 -2.864
10.500 -33.660 -27.420 44.667 -2.914
11.100 -34.320 -28.500 45.971 -2.914
11.100 -34.320 -28.500 45.971 -2.723
11.700 -34.800 -29.520 47.110 -2.723
11.700 -34.800 -29.520 47.110 -2.791
12.060 -34.740 -30.300 47.649 -2.791
12.060 -34.740 -30.300 47.649 -2.808
11.640 -35.220 -30.420 47.972 -2.808
11.640 -35.220 -30.420 47.972 -2.841
11.640 -35.040 -30.420 47.840 -2.773
11.640 -35.040 -30.420 47.840 -2.773
11.460 -35.040 -30.360 47.758 -2.887
11.460 -35.040 -30.360 47.758 -2.887
11.700 -35.040 -30.240 47.740 -2.850
11.700 -35.040 -30.240 47.740 -2.850
11.220 -35.340 -30.000 47.695 -2.815
11.220 -35.340 -30.000 47.695 -2.815
10.080 -36.000 -29.280 47.486 -2.890
10.080 -36.000 -29.280 47.486 -2.878
8.880 -36.960 -27.180 46.730 -2.878
8.880 -36.960 -27.180 46.730 -2.850
7.860 -37.440 -25.380 45.909 -2.850
7.860 -37.440 -25.380 45.909 -2.966
7.200 -37.920 -23.340 45.106 -2.966
7.200 -37.920 -23.340 45.106 -2.961
6.060 -38.640 -21.420 44.594 -2.961
6.060 -38.640 -21.420 44.594 -2.996
4.920 -38.340 -20.340 43.679 -2.984
4.920 -38.340 -20.340 43.679 -2.984
3.000 -37.740 -18.660 42.208 -3.038
3.000 -37.740 -18.660 42.208 -3.038
1.920 -36.120 -17.220 40.061 -3.043
1.920 -36.120 -17.220 40.061 -3.043
1.440 -33.780 -15.660 37.261 -3.099
1.440 -33.780 -15.660 37.261 -3.099
1.140 -31.260 -14.400 34.436 -3.099
1.140 -31.260 -14.400 34.436 -3.119
1.380 -28.020 -13.680 31.212 -3.119
1.380 -28.020 -13.680 31.212 -3.078
.840 -24.780 -13.560 28.260 -3.078
.840 -24.780 -13.560 28.260 -2.954
.540 -21.600 -13.920 25.702 -2.954
.540 -21.600 -13.920 25.702 -3.106
.360 -19.560 -14.040 24.080 -3.120
.360 -19.560 -14.040 24.080 -3.120
.540 -18.360 -15.480 24.021 3.063
.540 -18.360 -15.480 24.021 3.063
.600 -18.600 -14.880 23.827 -3.060
.600 -18.600 -14.880 23.827 -3.060
.900 -19.560 -14.520 24.377 -3.131
.900 -19.560 -14.520 24.377 -3.131
1.140 -20.040 -14.580 24.809 -3.076
1.140 -20.040 -14.580 24.809 -3.118
1.560 -21.720 -12.540 25.129 -3.118
1.560 -21.720 -12.540 25.129 -3.068
2.220 -23.280 -12.600 26.564 -3.068
2.220 -23.280 -12.600 26.564 -3.036
2.760 -25.140 -12.840 28.364 -3.036
2.760 -25.140 -12.840 28.364 -3.015
2.700 -27.660 -12.720 30.564 -3.041
2.700 -27.660 -12.720 30.564 -3.041
2.160 -29.820 -13.080 32.634 -3.087
2.160 -29.820 -13.080 32.634 -3.087
1.680 -31.860 -13.140 34.504 -3.114
1.680 -31.860 -13.140 34.504 -3.114
1.920 -33.720 -12.960 36.176 -3.059
1.920 -33.720 -12.960 36.176 -3.059
2.820 -35.400 -13.320 37.928 -3.095
2.820 -35.400 -13.320 37.928 -3.095
4.320 -36.180 -14.760 39.313 -3.083
4.320 -36.180 -14.760 39.313 -3.036
6.060 -36.960 -15.660 40.596 -3.036
6.060 -36.960 -15.660 40.596 -2.952
6.780 -37.500 -16.620 41.575 -2.952
6.780 -37.500 -16.620 41.575 -2.917
7.980 -37.380 -18.000 42.249 -2.917
7.980 -37.380 -18.000 42.249 -2.906
9.360 -37.440 -18.300 42.711 -2.881
9.360 -37.440 -18.300 42.711 -2.881
11.100 -37.260 -19.140 43.334 -2.924
11.100 -37.260 -19.140 43.334 -2.924
13.620 -36.540 -19.200 43.466 -2.744
13.620 -36.540 -19.200 43.466 -2.744
15.780 -36.000 -19.200 43.745 -2.682
15.780 -36.000 -19.200 43.745 -2.682
17.640 -35.220 -19.020 43.742 -2.692
17.640 -35.220 -19.020 43.742 -2.586
19.680 -34.080 -17.940 43.250 -2.586
19.680 -34.080 -17.940 43.250 -2.587
21.720 -33.000 -17.820 43.339 -2.587
21.720 -33.000 -17.820 43.339 -2.615
23.940 -31.980 -16.440 43.199 -2.615
23.940 -31.980 -16.440 43.199 -2.409
26.520 -30.300 -15.060 42.991 -2.409
26.520 -30.300 -15.060 42.991 -2.377
27.840 -29.340 -14.340 42.913 -2.377
27.840 -29.340 -14.340 42.913 -2.377
28.440 -28.380 -13.320 42.328 -2.345
28.440 -28.380 -13.320 42.328 -2.345
29.400 -27.060 -12.600 41.897 -2.253
29.400 -27.060 -12.600 41.897 -2.253
29.820 -26.220 -13.560 41.959 -2.319
29.820 -26.220 -13.560 41.959 -2.309
30.240 -25.320 -14.220 41.926 -2.309
30.240 -25.320 -14.220 41.926 -2.250
30.540 -24.720 -15.660 42.297 -2.250
30.540 -24.720 -15.660 42.297 -2.245
29.640 -24.720 -17.460 42.361 -2.245
29.640 -24.720 -17.460 42.361 -2.266
28.140 -25.020 -18.900 42.132 -2.266
28.140 -25.020 -18.900 42.132 -2.232
27.060 -25.140 -20.520 42.253 -2.314
27.060 -25.140 -20.520 42.253 -2.314
25.560 -25.800 -21.960 42.440 -2.377
25.560 -25.800 -21.960 42.440 -2.377
24.240 -26.100 -22.020 41.877 -2.335
23.100 -26.520 -22.200 41.590 -2.335
23.100 -26.520 -22.200 41.590 -2.386
23.100 -26.520 -22.200 41.590 -2.386
21.540 -26.760 -22.860 41.263 -2.405
20.520 -27.000 -22.800 40.865 -2.373
20.520 -27.000 -22.800 40.865 -2.373
19.920 -27.000 -23.880 41.183 -2.508
19.920 -27.000 -23.880 41.183 -2.508
19.380 -26.580 -24.720 41.148 -2.588
19.380 -26.580 -24.720 41.148 -2.588
18.360 -26.520 -25.620 41.192 -2.400
18.360 -26.520 -25.620 41.192 -2.400
17.640 -26.460 -26.400 41.331 -2.502
17.640 -26.460 -26.400 41.331 -2.559
16.560 -26.580 -27.720 41.823 -2.559
16.560 -26.580 -27.720 41.823 -2.557
15.660 -27.180 -28.740 42.544 -2.557
15.660 -27.180 -28.740 42.544 -2.552
15.480 -27.180 -29.820 43.216 -2.552
15.480 -27.180 -29.820 43.216 -2.646
14.220 -27.600 -31.920 44.529 -2.594
14.220 -27.600 -31.920 44.529 -2.594
14.220 -27.600 -31.920 44.529 -2.594
13.200 -28.080 -33.360 45.559 -2.597
11.340 -28.680 -34.500 46.275 -2.695
11.340 -28.680 -34.500 46.275 -2.695
9.720 -28.800 -36.120 47.208 -2.779
9.720 -28.800 -36.120 47.208 -2.779
9.180 -28.380 -36.120 46.844 -2.730
9.180 -28.380 -36.120 46.844 -2.730
7.860 -27.780 -36.660 46.663 -2.810
7.860 -27.780 -36.660 46.663 -2.931
7.140 -27.000 -36.780 46.182 -2.931
7.140 -27.000 -36.780 46.182 -2.830
6.300 -27.000 -36.360 45.725 -2.830
6.300 -27.000 -36.360 45.725 -2.805
4.380 -26.460 -36.300 45.133 -2.805
4.380 -26.460 -36.300 45.133 -2.889
2.520 -26.580 -34.920 43.957 -2.889
2.520 -26.580 -34.920 43.957 -2.980
1.620 -25.560 -34.740 43.160 -3.048
1.620 -25.560 -34.740 43.160 -3.048
.540 -24.600 -34.140 42.083 3.042
.540 -24.600 -34.140 42.083 3.042
.360 -24.480 -33.540 41.525 -3.087
.360 -24.480 -33.540 41.525 -3.087
.420 -23.340 -34.200 41.407 -3.090
.420 -23.340 -34.200 41.407 -3.090
-.660 -24.300 -34.620 42.302 -3.049
-.660 -24.300 -34.620 42.302 2.993
-1.080 -25.380 -34.440 42.795 2.993
-1.080 -25.380 -34.440 42.795 3.096
-1.320 -25.860 -34.920 43.473 3.096
-1.320 -25.860 -34.920 43.473 3.041
-1.260 -27.360 -34.380 43.956 3.041
-1.260 -27.360 -34.380 43.956 -3.120
-.660 -27.780 -33.120 43.233 3.085
-.660 -27.780 -33.120 43.233 3.085
-.660 -28.080 -32.220 42.744 3.125
-.660 -28.080 -32.220 42.744 3.125
-.180 -28.320 -30.660 41.738 3.072
-.180 -28.320 -30.660 41.738 3.072
.600 -28.260 -29.400 40.784 -3.133
.600 -28.260 -29.400 40.784 -3.122
1.680 -28.260 -27.660 39.579 -3.122
1.680 -28.260 -27.660 39.579 -3.118
3.060 -28.320 -24.900 37.834 -3.118
3.060 -28.320 -24.900 37.834 -3.065
3.780 -28.620 -22.500 36.601 -3.065
3.780 -28.620 -22.500 36.601 -2.980
4.260 -28.860 -19.800 35.257 -2.980
4.260 -28.860 -19.800 35.257 -2.980
4.560 -30.060 -16.680 34.679 -3.009
4.560 -30.060 -16.680 34.679 -2.989
5.760 -30.780 -15.240 34.826 -2.989
5.760 -30.780 -15.240 34.826 -2.975
7.260 -32.160 -13.020 35.447 -2.975
7.260 -32.160 -13.020 35.447 -2.940
8.700 -34.440 -10.260 36.974 -2.940
8.700 -34.440 -10.260 36.974 -2.893
10.140 -36.600 -9.180 39.072 -2.878
10.140 -36.600 -9.180 39.072 -2.878
10.860 -39.300 -8.280 41.605 -2.867
10.860 -39.300 -8.280 41.605 -2.867
11.640 -41.940 -8.520 44.351 -2.863
11.640 -41.940 -8.520 44.351 -2.863
13.020 -43.260 -10.560 46.395 -2.866
13.020 -43.260 -10.560 46.395 -2.866
13.680 -44.280 -12.840 48.091 -2.848
13.680 -44.280 -12.840 48.091 -2.852
13.980 -45.180 -14.520 49.472 -2.852
13.980 -45.180 -14.520 49.472 -2.807
13.620 -45.540 -17.160 50.536 -2.807
13.620 -45.540 -17.160 50.536 -2.843
12.780 -46.320 -19.080 51.700 -2.843
12.780 -46.320 -19.080 51.700 -2.856
13.380 -46.200 -20.400 52.246 -2.856
13.380 -46.200 -20.400 52.246 -2.838
14.220 -45.480 -22.440 52.671 -2.838
14.220 -45.480 -22.440 52.671 -2.857
15.060 -44.820 -23.040 52.597 -2.786
15.060 -44.820 -23.040 52.597 -2.786
15.540 -43.800 -24.840 52.697 -2.767
15.540 -43.800 -24.840 52.697 -2.767
13.980 -42.660 -26.760 52.263 -2.689
13.980 -42.660 -26.760 52.263 -2.689
12.480 -41.640 -27.960 51.686 -2.743
12.480 -41.640 -27.960 51.686 -2.811
12.060 -39.180 -29.520 50.517 -2.811
12.060 -39.180 -29.520 50.517 -2.929
11.820 -36.240 -30.120 48.583 -2.929
11.820 -36.240 -30.120 48.583 -2.791
12.000 -34.140 -30.960 47.624 -2.791
12.000 -34.140 -30.960 47.624 -2.741
12.540 -31.560 -31.680 46.443 -2.741
12.540 -31.560 -31.680 46.443 -2.778
11.880 -30.900 -32.040 46.071 -2.764
11.880 -30.900 -32.040 46.071 -2.764
11.700 -31.440 -32.340 46.597 -2.751
11.700 -31.440 -32.340 46.597 -2.751
12.360 -32.280 -31.740 46.928 -2.814
12.360 -32.280 -31.740 46.928 -2.814
12.720 -34.380 -31.320 48.215 -2.800
12.720 -34.380 -31.320 48.215 -2.800
12.840 -36.780 -31.380 50.023 -2.748
12.840 -36.780 -31.380 50.023 -2.770
12.660 -39.600 -31.440 52.124 -2.770
12.660 -39.600 -31.440 52.124 -2.828
12.180 -42.060 -31.860 54.152 -2.828
12.180 -42.060 -31.860 54.152 -2.803
13.380 -44.280 -32.880 56.752 -2.803
13.380 -44.280 -32.880 56.752 -2.736
15.960 -45.600 -33.660 58.882 -2.760
15.960 -45.600 -33.660 58.882 -2.760
20.880 -45.900 -34.320 60.997 -2.657
20.880 -45.900 -34.320 60.997 -2.657
27.780 -43.620 -35.940 62.977 -2.477
27.780 -43.620 -35.940 62.977 -2.477
34.860 -38.100 -36.660 63.331 -2.506
34.860 -38.100 -36.660 63.331 -2.506
42.180 -28.920 -38.040 63.738 -2.293
42.180 -28.920 -38.040 63.738 -2.091
47.220 -16.380 -39.060 63.433 -2.091
47.220 -16.380 -39.060 63.433 -1.914
49.020 -4.500 -38.160 62.285 -1.914
49.020 -4.500 -38.160 62.285 -1.474
48.600 5.940 -37.140 61.454 -1.474
48.600 5.940 -37.140 61.454 -1.310
47.160 13.380 -34.440 59.910 -1.310
47.160 13.380 -34.440 59.910 -1.356
45.000 17.100 -31.260 57.399 -1.054
45.000 17.100 -31.260 57.399 -1.054
43.260 20.040 -28.020 55.301 -1.043
43.260 20.040 -28.020 55.301 -1.043
41.700 21.540 -24.660 53.019 -1.123
41.700 21.540 -24.660 53.019 -1.123
39.840 22.140 -21.300 50.310 -1.031
39.840 22.140 -21.300 50.310 -1.031
38.940 22.080 -18.180 48.315 -.999
38.940 22.080 -18.180 48.315 -1.103
38.340 20.220 -16.140 46.253 -1.103
38.340 20.220 -16.140 46.253 -1.078
38.100 17.340 -14.340 44.248 -1.078
38.100 17.340 -14.340 44.248 -1.124
37.620 14.580 -13.500 42.545 -1.124
37.620 14.580 -13.500 42.545 -1.188
36.840 11.880 -13.560 41.015 -1.188
36.840 11.880 -13.560 41.015 -1.278
36.120 8.880 -13.680 39.631 -1.258
36.120 8.880 -13.680 39.631 -1.258
35.100 6.120 -15.240 38.752 -1.326
35.100 6.120 -15.240 38.752 -1.326
34.320 3.420 -18.120 38.960 -1.475
34.320 3.420 -18.120 38.960 -1.475
33.660 .840 -20.340 39.337 -1.399
33.660 .840 -20.340 39.337 -1.399
33.420 .060 -23.280 40.729 -1.507
33.420 .060 -23.280 40.729 -1.605
33.000 .480 -24.540 41.127 -1.605
33.000 .480 -24.540 41.127 -1.462
32.940 1.500 -24.900 41.320 -1.462
32.940 1.500 -24.900 41.320 -1.433
32.940 2.880 -26.280 42.237 -1.433
32.940 2.880 -26.280 42.237 -1.556
32.400 4.200 -26.580 42.118 -1.556
32.400 4.200 -26.580 42.118 -1.378
32.340 5.400 -27.480 42.781 -1.340
32.340 5.400 -27.480 42.781 -1.340
31.740 6.960 -27.780 42.750 -1.392
31.740 6.960 -27.780 42.750 -1.392
31.140 9.060 -27.480 42.508 -1.266
31.140 9.060 -27.480 42.508 -1.266
30.960 9.960 -26.940 42.231 -1.190
30.960 9.960 -26.940 42.231 -1.297
30.720 10.020 -25.680 41.274 -1.297
30.720 10.020 -25.680 41.274 -1.257
30.960 8.820 -24.600 40.515 -1.257
30.960 8.820 -24.600 40.515 -1.215
31.080 7.680 -23.100 39.479 -1.215
31.080 7.680 -23.100 39.479 -1.306
31.320 6.540 -21.660 38.638 -1.306
31.320 6.540 -21.660 38.638 -1.305
30.600 5.400 -20.220 37.072 -1.241
30.600 5.400 -20.220 37.072 -1.241
30.240 4.680 -18.300 35.655 -1.328
30.240 4.680 -18.300 35.655 -1.328
30.360 2.760 -16.980 34.895 -1.511
30.360 2.760 -16.980 34.895 -1.511
29.880 1.140 -15.600 33.726 -1.487
29.880 1.140 -15.600 33.726 -1.487
30.420 -.120 -15.120 33.971 -1.440
30.420 -.120 -15.120 33.971 -1.599
30.240 -1.740 -15.120 33.854 -1.599
30.240 -1.740 -15.120 33.854 -1.580
30.000 -3.660 -14.880 33.687 -1.580
30.000 -3.660 -14.880 33.687 -1.603
29.940 -5.280 -14.880 33.848 -1.603
29.400 -7.560 -14.760 33.755 -1.750
29.400 -7.560 -14.760 33.755 -1.802
29.220 -8.880 -14.940 33.998 -1.802
29.220 -8.880 -14.940 33.998 -1.783
29.100 -8.820 -15.480 34.121 -1.783
29.100 -8.820 -15.480 34.121 -1.832
29.100 -8.580 -16.380 34.478 -1.832
29.100 -8.580 -16.380 34.478 -1.866
28.920 -7.260 -16.860 34.254 -1.866
28.920 -7.260 -16.860 34.254 -1.705
28.860 -6.120 -17.640 34.373 -1.723
28.860 -6.120 -17.640 34.373 -1.723
28.560 -5.160 -18.000 34.151 -1.764
28.560 -5.160 -18.000 34.151 -1.764
28.320 -3.600 -18.120 33.813 -1.696
28.320 -3.600 -18.120 33.813 -1.696
28.560 -.840 -18.360 33.963 -1.646
28.560 -.840 -18.360 33.963 -1.646
28.560 1.500 -18.000 33.792 -1.696
28.560 1.500 -18.000 33.792 -1.471
28.920 3.960 -17.820 34.199 -1.471
28.920 3.960 -17.820 34.199 -1.398
29.100 5.760 -17.100 34.240 -1.398
29.100 5.760 -17.100 34.240 -1.459
29.820 6.540 -16.200 34.561 -1.459
29.820 6.540 -16.200 34.561 -1.348
30.420 7.980 -15.120 34.895 -1.270
30.420 7.980 -15.120 34.895 -1.270
30.720 9.540 -13.860 35.026 -1.370
30.720 9.540 -13.860 35.026 -1.370
31.200 10.320 -12.660 35.217 -1.233
31.200 10.320 -12.660 35.217 -1.233
30.900 9.960 -11.220 34.350 -1.212
30.900 9.960 -11.220 34.350 -1.212
30.780 7.920 -10.320 33.416 -1.241
30.780 7.920 -10.320 33.416 -1.324
30.840 4.320 -9.780 32.641 -1.324
30.840 4.320 -9.780 32.641 -1.388
30.540 1.260 -9.960 32.148 -1.388
30.540 1.260 -9.960 32.148 -1.496
30.420 -.780 -11.280 32.453 -1.496
30.420 -.780 -11.280 32.453 -1.575
30.180 -2.460 -12.420 32.728 -1.575
30.180 -2.460 -12.420 32.728 -1.551
29.520 -3.180 -13.980 32.817 -1.624
29.520 -3.180 -13.980 32.817 -1.624
28.980 -3.480 -16.560 33.559 -1.722
28.980 -3.480 -16.560 33.559 -1.722
28.260 -4.680 -18.720 34.219 -1.552
28.260 -4.680 -18.720 34.219 -1.552
27.660 -4.860 -21.120 35.139 -1.646
27.660 -4.860 -21.120 35.139 -1.806
26.940 -4.800 -24.540 36.756 -1.806
26.940 -4.800 -24.540 36.756 -1.618
26.220 -5.580 -26.820 37.920 -1.618
26.220 -5.580 -26.820 37.920 -1.627
25.800 -4.440 -28.800 38.920 -1.627
25.800 -4.440 -28.800 38.920 -1.784
24.720 -3.420 -30.900 39.719 -1.784
24.720 -3.420 -30.900 39.719 -1.711
23.640 -1.560 -31.740 39.607 -1.468
23.640 -1.560 -31.740 39.607 -1.468
22.020 2.280 -32.220 39.092 -1.356
22.020 2.280 -32.220 39.092 -1.356
19.860 5.160 -32.520 38.453 -1.413
19.860 5.160 -32.520 38.453 -1.413
17.700 8.220 -32.220 37.669 -1.137
17.700 8.220 -32.220 37.669 -1.137
15.780 11.220 -31.140 36.669 -1.010
15.780 11.220 -31.140 36.669 -1.003
13.560 12.900 -29.880 35.258 -1.003
13.560 12.900 -29.880 35.258 -.660
10.980 15.060 -29.220 34.658 -.660
10.980 15.060 -29.220 34.658 -.536
8.160 17.040 -27.540 33.398 -.536
8.160 17.040 -27.540 33.398 -.364
5.340 18.240 -26.460 32.578 -.364
5.340 18.240 -26.460 32.578 -.219
3.360 20.100 -26.040 33.066 -.121
3.360 20.100 -26.040 33.066 -.121
2.460 21.000 -25.440 33.079 -.085
2.460 21.000 -25.440 33.079 -.085
1.740 21.420 -25.920 33.670 -.076
1.740 21.420 -25.920 33.670 -.076
1.440 21.600 -27.180 34.747 -.123
1.440 21.600 -27.180 34.747 -.123
1.140 20.820 -27.960 34.879 -.107
1.140 20.820 -27.960 34.879 .000
.900 19.800 -28.500 34.715 .000
.900 19.800 -28.500 34.715 -.005
1.200 18.480 -28.860 34.291 -.005
1.200 18.480 -28.860 34.291 -.015
1.140 17.100 -28.560 33.307 -.015
1.140 17.100 -28.560 33.307 -.551
1.320 16.260 -28.080 32.475 -.551
1.320 16.260 -28.080 32.475 -.055
.720 15.300 -28.260 32.144 -.055
.720 15.300 -28.260 32.144 -.055
.300 15.720 -28.440 32.497 .292
.300 15.720 -28.440 32.497 .292
-.180 16.800 -28.500 33.084 .004
-.180 16.800 -28.500 33.084 .004
-1.140 18.180 -29.220 34.433 .095
-1.140 18.180 -29.220 34.433 .138
-1.500 21.000 -28.920 35.772 .138
-1.500 21.000 -28.920 35.772 .077
-2.100 22.560 -29.460 37.165 .077
-2.100 22.560 -29.460 37.165 .045
-2.700 24.420 -30.420 39.102 .045
-2.700 24.420 -30.420 39.102 .076
-3.360 25.560 -31.620 40.797 .076
-3.360 25.560 -31.620 40.797 .165
-4.140 25.380 -33.900 42.550 .195
-4.140 25.380 -33.900 42.550 .195
-4.560 25.740 -35.640 44.199 .171
-4.560 25.740 -35.640 44.199 .171
-5.340 25.200 -37.500 45.495 .121
-5.340 25.200 -37.500 45.495 .121
-5.340 24.300 -40.440 47.481 .181
-5.340 24.300 -40.440 47.481 .181
-5.160 24.360 -42.720 49.447 .255
-5.160 24.360 -42.720 49.447 .419
-5.220 24.180 -45.960 52.194 .419
-5.220 24.180 -45.960 52.194 .210
-4.500 24.300 -49.320 55.165 .210
-4.500 24.300 -49.320 55.165 .219
-4.500 25.320 -51.480 57.546 .219
-4.500 25.320 -51.480 57.546 -.070
-4.380 25.980 -53.820 59.923 .205
-4.380 25.980 -53.820 59.923 .205
-4.140 27.360 -55.380 61.908 .092
-4.140 27.360 -55.380 61.908 .092
-3.780 29.820 -56.160 63.698 .261
-3.780 29.820 -56.160 63.698 .261
-3.000 32.100 -55.200 63.925 .138
-3.000 32.100 -55.200 63.925 .138
-2.100 34.320 -53.280 63.412 .128
-2.100 34.320 -53.280 63.412 .128
-.960 35.820 -50.820 62.183 .105
-.960 35.820 -50.820 62.183 .020
-.300 35.760 -46.920 58.995 .020
-.300 35.760 -46.920 58.995 -.028
.600 34.500 -44.400 56.231 -.028
.600 34.500 -44.400 56.231 .013
2.160 33.180 -42.000 53.568 .013
2.160 33.180 -42.000 53.568 -.117
3.420 31.200 -39.180 50.202 -.098
3.420 31.200 -39.180 50.202 -.098
5.820 29.040 -37.500 47.785 -.196
5.820 29.040 -37.500 47.785 -.196
8.220 27.660 -35.040 45.392 -.526
8.220 27.660 -35.040 45.392 -.526
10.020 25.680 -33.120 43.091 -.334
10.020 25.680 -33.120 43.091 -.334
12.720 25.140 -30.600 41.595 -.360
12.720 25.140 -30.600 41.595 -.184
14.760 24.960 -27.660 40.074 -.184
14.760 24.960 -27.660 40.074 -.471
17.220 24.780 -25.680 39.624 -.471
19.140 25.020 -23.100 39.063 -.577
19.140 25.020 -23.100 39.063 -.577
20.820 24.120 -21.420 38.394 -.761
20.820 24.120 -21.420 38.394 -.676
21.900 23.820 -20.520 38.315 -.676
21.900 23.820 -20.520 38.315 -.713
22.200 24.180 -19.080 37.968 -.713
22.200 24.180 -19.080 37.968 -.813
22.440 24.480 -17.940 37.745 -.813
22.440 24.480 -17.940 37.745 -.726
21.480 25.140 -17.220 37.282 -.726
21.480 25.140 -17.220 37.282 -.662
20.700 25.680 -15.960 36.643 -.683
20.700 25.680 -15.960 36.643 -.683
19.680 25.500 -15.180 35.609 -.702
19.680 25.500 -15.180 35.609 -.702
18.300 26.400 -14.340 35.178 -.632
18.300 26.400 -14.340 35.178 -.632
16.560 27.600 -13.020 34.721 -.581
16.560 27.600 -13.020 34.721 -.581
14.400 29.220 -11.940 34.695 -.524
14.400 29.220 -11.940 34.695 -.442
12.180 31.020 -11.160 35.145 -.442
12.180 31.020 -11.160 35.145 -.359
9.420 31.980 -10.320 34.899 -.359
9.420 31.980 -10.320 34.899 -.318
7.500 32.580 -9.720 34.816 -.318
7.500 32.580 -9.720 34.816 -.213
5.280 32.520 -9.600 34.316 -.213
5.280 32.520 -9.600 34.316 -.153
3.180 32.160 -9.120 33.579 -.047
3.180 32.160 -9.120 33.579 -.047
1.800 31.260 -9.420 32.698 -.079
1.800 31.260 -9.420 32.698 -.079
.480 30.300 -9.720 31.824 -.046
.480 30.300 -9.720 31.824 -.046
-.240 28.860 -10.560 30.732 -.036
-.240 28.860 -10.560 30.732 .015
-1.440 27.180 -12.000 29.746 .015
-1.440 27.180 -12.000 29.746 .042
-3.000 25.920 -13.200 29.242 .042
-3.000 25.920 -13.200 29.242 .109
-4.680 24.480 -14.700 28.935 .109
-4.680 24.480 -14.700 28.935 .206
-6.060 23.760 -15.960 29.257 .206
-6.060 23.760 -15.960 29.257 .248
-7.020 23.400 -16.380 29.413 .238
-7.020 23.400 -16.380 29.413 .238
-7.620 22.980 -16.260 29.164 .325
-7.620 22.980 -16.260 29.164 .325
-8.520 23.040 -15.900 29.262 .280
-8.520 23.040 -15.900 29.262 .280
-9.960 22.800 -14.460 28.777 .344
-9.960 22.800 -14.460 28.777 .344
-10.920 23.100 -12.900 28.623 .432
-10.920 23.100 -12.900 28.623 .430
-11.640 24.180 -11.640 29.252 .430
-11.640 24.180 -11.640 29.252 .425
-11.940 25.560 -10.020 29.938 .425
-11.940 25.560 -10.020 29.938 .297
-11.880 27.900 -9.000 31.631 .297
-11.880 27.900 -9.000 31.631 .382
-12.600 29.520 -8.700 33.255 .404
-12.600 29.520 -8.700 33.255 .404
-13.500 31.680 -8.220 35.404 .409
-13.500 31.680 -8.220 35.404 .409
-14.580 33.540 -8.400 37.524 .395
-14.580 33.540 -8.400 37.524 .395
-15.900 34.860 -8.520 39.251 .399
-15.900 34.860 -8.520 39.251 .399
-16.800 36.840 -8.640 41.401 .442
-16.800 36.840 -8.640 41.401 .422
-17.760 37.980 -9.300 42.946 .422
-17.760 37.980 -9.300 42.946 .428
-18.840 38.580 -10.500 44.200 .428
-18.840 38.580 -10.500 44.200 .462
-19.620 38.880 -12.300 45.254 .462
-19.620 38.880 -12.300 45.254 .477
-19.860 38.220 -14.160 45.340 .477
-19.860 38.220 -14.160 45.340 .476
-19.980 37.260 -15.960 45.191 .512
-19.980 37.260 -15.960 45.191 .512
-19.920 36.360 -18.360 45.343 .506
-19.920 36.360 -18.360 45.343 .506
-19.800 34.560 -20.580 44.833 .455
-19.800 34.560 -20.580 44.833 .455
-20.220 33.060 -23.040 45.085 .466
-20.220 33.060 -23.040 45.085 .466
-19.500 32.040 -25.800 45.524 .580
-19.500 32.040 -25.800 45.524 .513
-17.700 30.840 -28.320 45.458 .513
-17.700 30.840 -28.320 45.458 .471
-15.600 31.020 -31.380 46.801 .471
-15.600 31.020 -31.380 46.801 .435
-12.780 31.560 -35.400 49.117 .435
-12.780 31.560 -35.400 49.117 .349
-10.560 32.400 -39.240 51.972 .349
-10.560 32.400 -39.240 51.972 .330
-9.120 34.200 -42.480 55.293 .305
-9.120 34.200 -42.480 55.293 .305
-7.620 36.480 -45.360 58.706 .221
-7.620 36.480 -45.360 58.706 .221
-5.700 39.660 -46.200 61.154 .179
-5.700 39.660 -46.200 61.154 .179
-4.140 42.120 -46.020 62.523 .021
-4.140 42.120 -46.020 62.523 .021
-3.480 44.460 -45.120 63.440 .077
-3.480 44.460 -45.120 63.440 .064
-3.600 45.660 -43.260 63.002 .064
-3.600 45.660 -43.260 63.002 .256
-4.860 44.940 -41.760 61.540 .256
-4.860 44.940 -41.760 61.540 .079
-6.120 43.980 -40.380 60.019 .079
-6.120 43.980 -40.380 60.019 .154
-6.660 42.840 -39.000 58.315 -.012
-6.660 42.840 -39.000 58.315 -.012
-7.740 41.160 -37.800 56.417 .189
-7.740 41.160 -37.800 56.417 .189
-9.480 38.880 -36.360 54.070 .231
-9.480 38.880 -36.360 54.070 .231
-11.160 36.600 -34.980 51.843 .385
-11.160 36.600 -34.980 51.843 .385
-12.960 33.060 -34.380 49.426 .250
-12.960 33.060 -34.380 49.426 .331
-13.320 30.780 -33.300 47.262 .331
-13.320 30.780 -33.300 47.262 .391
-13.320 29.580 -31.560 45.260 .391
-13.320 29.580 -31.560 45.260 .389
-13.560 28.080 -29.760 43.105 .389
-13.560 28.080 -29.760 43.105 .364
-13.560 27.480 -27.000 40.841 .364
-13.560 27.480 -27.000 40.841 .453
-14.460 26.400 -24.420 38.761 .465
-14.460 26.400 -24.420 38.761 .465
-14.520 25.680 -22.680 37.211 .487
-14.520 25.680 -22.680 37.211 .487
-14.400 26.040 -20.340 36.044 .547
-14.400 26.040 -20.340 36.044 .547
-14.340 26.580 -18.600 35.470 .473
-14.340 26.580 -18.600 35.470 .473
-14.220 26.880 -16.920 34.800 .453
-14.220 26.880 -16.920 34.800 .480
-14.520 27.240 -15.060 34.346 .480
-14.520 27.240 -15.060 34.346 .494
-15.120 27.180 -13.980 34.100 .494
-15.120 27.180 -13.980 34.100 .498
-15.660 27.120 -13.380 34.055 .498
-15.660 27.120 -13.380 34.055 .493
-15.840 28.380 -13.260 35.102 .500
-15.840 28.380 -13.260 35.102 .500
-16.680 28.860 -14.640 36.407 .492
-16.680 28.860 -14.640 36.407 .492
-17.520 28.920 -15.780 37.314 .515
-17.520 28.920 -15.780 37.314 .515
-19.200 28.800 -17.580 38.822 .574
-19.200 28.800 -17.580 38.822 .574
-21.360 26.880 -19.020 39.250 .542
-21.360 26.880 -19.020 39.250 .626
-22.680 25.800 -18.900 39.208 .626
-22.680 25.800 -18.900 39.208 .630
-23.460 25.440 -19.320 39.634 .630
-23.460 25.440 -19.320 39.634 .667
-23.640 24.660 -18.360 38.782 .667
-23.640 24.660 -18.360 38.782 .739
-23.340 24.540 -16.920 37.858 .739
-23.340 24.540 -16.920 37.858 .749
-23.400 24.120 -15.180 36.875 .712
-23.400 24.120 -15.180 36.875 .712
-23.820 23.040 -13.740 35.875 .790
-23.820 23.040 -13.740 35.875 .790
-23.880 22.860 -11.760 35.087 .580
-23.880 22.860 -11.760 35.087 .580
-24.300 23.340 -10.680 35.346 .765
-24.300 23.340 -10.680 35.346 .765
-24.360 23.640 -10.440 35.514 .784
-24.600 24.600 -10.200 36.254 .834
-24.600 24.600 -10.200 36.254 .834
-24.360 25.500 -11.100 36.971 .746
-24.360 25.500 -11.100 36.971 .746
-24.360 25.500 -11.100 36.971 .740
-23.340 26.340 -12.060 37.202 .740
-23.340 26.340 -12.060 37.202 .730
-22.500 27.120 -13.680 37.801 .730
-22.500 27.120 -13.680 37.801 .673
-21.120 27.600 -14.580 37.688 .633
-21.120 27.600 -14.580 37.688 .633
-20.040 27.360 -15.720 37.380 .659
-20.040 27.360 -15.720 37.380 .659
-19.200 27.240 -16.200 37.055 .598
-18.000 26.760 -15.900 35.957 .598
-18.000 26.760 -15.900 35.957 .579
-16.380 26.940 -15.540 35.151 .551
-16.380 26.940 -15.540 35.151 .551
-14.400 27.480 -14.520 34.254 .538
-14.400 27.480 -14.520 34.254 .538
-12.720 27.660 -13.860 33.451 .448
-12.720 27.660 -13.860 33.451 .448
-11.280 28.500 -13.080 33.325 .445
-11.280 28.500 -13.080 33.325 .445
-9.720 29.100 -12.660 33.190 .378
-9.720 29.100 -12.660 33.190 .312
-8.280 30.300 -12.000 33.625 .312
-8.280 30.300 -12.000 33.625 .254
-6.660 31.920 -11.400 34.543 .254
-6.660 31.920 -11.400 34.543 .179
-5.040 33.360 -13.200 36.229 .179
-5.040 33.360 -13.200 36.229 .120
-4.740 34.800 -14.520 38.004 .120
-4.740 34.800 -14.520 38.004 .121
-5.040 35.760 -17.340 40.061 .145
-5.040 35.760 -17.340 40.061 .145
-5.160 35.820 -20.640 41.662 .148
-5.160 35.820 -20.640 41.662 .148
-4.980 35.940 -22.860 42.884 .105
-4.980 35.940 -22.860 42.884 .105
-4.860 34.920 -26.280 43.973 .075
-4.860 34.920 -26.280 43.973 .075
-5.520 33.120 -29.520 44.708 .115
-5.520 33.120 -29.520 44.708 .146
-6.420 30.840 -32.340 45.146 .146
-6.420 30.840 -32.340 45.146 .335
-7.500 28.980 -34.620 45.767 .335
-7.500 28.980 -34.620 45.767 .225
-8.100 26.820 -36.240 45.807 .225
-8.100 26.820 -36.240 45.807 .166
-8.220 25.320 -37.320 45.842 .043
-8.220 25.320 -37.320 45.842 .043
-8.520 24.060 -38.520 46.209 .224
-8.520 24.060 -38.520 46.209 .224
-8.820 23.040 -39.480 46.554 .332
-8.820 23.040 -39.480 46.554 .332
-9.420 23.160 -39.960 47.137 .499
-9.420 23.160 -39.960 47.137 .499
-9.060 22.980 -40.740 47.644 .312
-9.060 22.980 -40.740 47.644 .354
-8.460 24.060 -41.520 48.727 .354
-8.460 24.060 -41.520 48.727 .401
-7.620 24.420 -43.080 50.103 .401
-7.620 24.420 -43.080 50.103 .280
-6.840 25.020 -45.060 51.992 .280
-6.840 25.020 -45.060 51.992 .245
-6.720 24.720 -47.160 53.668 .245
-6.720 24.720 -47.160 53.668 .250
-6.660 23.040 -48.960 54.519 .371
-6.660 23.040 -48.960 54.519 .371
-6.960 20.580 -49.680 54.223 .273
-6.960 20.580 -49.680 54.223 .273
-7.020 17.520 -49.680 53.144 .240
-7.020 17.520 -49.680 53.144 .240
-7.260 15.180 -48.600 51.431 .400
-7.260 15.180 -48.600 51.431 .400
-7.800 13.200 -46.500 48.963 .306
-7.800 13.200 -46.500 48.963 .484
-8.160 12.600 -44.520 46.983 .484
-8.160 12.600 -44.520 46.983 .621
-8.160 12.960 -41.640 44.367 .621
-8.160 12.960 -41.640 44.367 .522
-7.860 14.940 -38.940 42.442 .522
-7.860 14.940 -38.940 42.442 .164
-7.320 17.700 -36.780 41.469 .364
-7.320 17.700 -36.780 41.469 .364
-6.960 20.760 -35.520 41.726 .240
-6.960 20.760 -35.520 41.726 .240
-6.420 23.700 -35.100 42.836 .194
-6.420 23.700 -35.100 42.836 .194
-5.700 26.160 -35.460 44.432 .287
-5.700 26.160 -35.460 44.432 .287
-4.800 28.440 -37.140 47.024 .204
-4.800 28.440 -37.140 47.024 .146
-3.600 30.480 -38.520 49.252 .146
-3.600 30.480 -38.520 49.252 -.163
-2.880 31.620 -40.740 51.651 -.163
-2.880 31.620 -40.740 51.651 .056
-2.880 31.860 -42.600 53.274 .056
-2.880 31.860 -42.600 53.274 .072
-3.240 31.380 -44.040 54.173 .072
-3.240 31.380 -44.040 54.173 .404
-3.840 30.120 -45.180 54.435 .049
-3.840 30.120 -45.180 54.435 .049
-4.200 28.200 -45.600 53.780 .155
-4.200 28.200 -45.600 53.780 .155
-4.200 26.100 -45.960 53.020 -.103
-4.200 26.100 -45.960 53.020 -.103
-4.620 23.460 -45.420 51.329 .125
-4.620 23.460 -45.420 51.329 .125
-5.760 21.240 -43.620 48.857 .089
-5.760 21.240 -43.620 48.857 .469
-7.380 19.620 -41.640 46.619 .469
-7.380 19.620 -41.640 46.619 .406
-9.000 18.480 -38.520 43.661 .406
-9.000 18.480 -38.520 43.661 .405
-10.200 19.560 -34.980 41.355 .405
-10.200 19.560 -34.980 41.355 .585
-10.680 20.760 -32.700 40.179 .585
-10.680 20.760 -32.700 40.179 .404
-11.880 23.220 -30.060 39.798 .436
-11.880 23.220 -30.060 39.798 .436
-13.080 26.400 -28.200 40.783 .517
-13.080 26.400 -28.200 40.783 .517
-15.420 27.960 -27.360 42.049 .500
-15.420 27.960 -27.360 42.049 .500
-17.700 30.120 -26.460 43.825 .502
-17.700 30.120 -26.460 43.825 .503
-18.780 31.440 -26.340 45.111 .503
-18.780 31.440 -26.340 45.111 .567
-19.740 32.340 -25.620 45.738 .567
-19.740 32.340 -25.620 45.738 .526
-19.020 33.780 -24.600 45.913 .526
-19.020 33.780 -24.600 45.913 .489
-18.240 34.140 -22.800 44.923 .489
-18.240 34.140 -22.800 44.923 .533
-16.980 34.440 -20.820 43.680 .441
-16.980 34.440 -20.820 43.680 .441
-15.120 34.980 -18.960 42.564 .419
-15.120 34.980 -18.960 42.564 .419
-13.080 35.820 -16.260 41.455 .180
-13.080 35.820 -16.260 41.455 .180
-10.800 37.260 -14.640 41.464 .330
-10.800 37.260 -14.640 41.464 .330
-9.180 38.940 -12.660 41.963 .273
-9.180 38.940 -12.660 41.963 .310
-7.680 40.380 -11.040 42.561 .310
-7.680 40.380 -11.040 42.561 .171
-6.120 41.580 -11.460 43.562 .171
-6.120 41.580 -11.460 43.562 .147
-3.960 42.600 -12.240 44.500 .147
-3.960 42.600 -12.240 44.500 .087
-.480 43.320 -15.120 45.885 .087
-.480 43.320 -15.120 45.885 .013
1.980 43.140 -19.800 47.508 -.059
1.980 43.140 -19.800 47.508 -.059
3.960 42.840 -24.060 49.293 -.088
3.960 42.840 -24.060 49.293 -.088
5.280 41.760 -29.340 51.309 -.096
5.280 41.760 -29.340 51.309 -.096
6.360 39.900 -34.020 52.819 -.113
6.360 39.900 -34.020 52.819 -.143
8.520 37.740 -37.740 54.048 -.143
8.520 37.740 -37.740 54.048 -.236
10.980 34.620 -41.580 55.209 -.236
10.980 34.620 -41.580 55.209 -.275
12.780 31.080 -44.040 55.397 -.275
12.780 31.080 -44.040 55.397 -.438
14.460 28.200 -45.300 55.285 -.438
14.460 28.200 -45.300 55.285 -.437
16.380 25.140 -46.260 55.139 -.462
16.380 25.140 -46.260 55.139 -.462
17.700 23.220 -46.560 54.957 -.602
17.700 23.220 -46.560 54.957 -.602
19.260 22.800 -46.200 55.002 -.790
19.260 22.800 -46.200 55.002 -.790
19.680 22.320 -46.320 55.055 -.688
19.680 22.320 -46.320 55.055 -.688
19.320 24.360 -46.320 55.787 -.600
19.320 24.360 -46.320 55.787 -.656
19.260 26.040 -46.620 56.767 -.656
19.260 26.040 -46.620 56.767 -.427
19.500 27.540 -46.980 57.843 -.427
19.500 27.540 -46.980 57.843 -.590
19.800 29.580 -46.800 58.798 -.590
19.800 29.580 -46.800 58.798 -.877
20.220 30.060 -46.620 59.041 -.877
20.220 30.060 -46.620 59.041 -.611
19.620 30.000 -45.300 57.767 -.517
19.620 30.000 -45.300 57.767 -.517
18.660 29.880 -43.200 55.743 -.062
18.660 29.880 -43.200 55.743 -.062
18.060 29.760 -40.800 53.633 -.474
18.060 29.760 -40.800 53.633 -.478
17.580 29.760 -37.620 51.088 -.478
17.580 29.760 -37.620 51.088 -.627
17.820 30.420 -35.040 49.706 -.627
17.820 30.420 -35.040 49.706 -.516
17.280 30.900 -33.300 48.603 -.498
16.080 33.120 -31.500 48.454 -.498
16.080 33.120 -31.500 48.454 -.341
14.160 35.880 -30.660 49.274 -.341
14.160 35.880 -30.660 49.274 -.388
12.060 38.400 -31.320 50.999 -.388
12.060 38.400 -31.320 50.999 -.228
10.500 41.280 -32.340 53.480 -.334
10.500 41.280 -32.340 53.480 -.334
9.000 42.300 -34.380 55.247 -.353
9.000 42.300 -34.380 55.247 -.353
7.980 42.840 -37.140 57.257 -.225
7.980 42.840 -37.140 57.257 -.225
6.240 43.200 -38.820 58.414 -.108
6.240 43.200 -38.820 58.414 -.108
4.980 42.840 -41.520 59.866 -.118
4.980 42.840 -41.520 59.866 -.062
3.120 40.260 -44.760 60.283 -.062
3.120 40.260 -44.760 60.283 -.069
1.620 37.260 -47.220 60.172 -.069
1.620 37.260 -47.220 60.172 -.118
.120 32.880 -49.140 59.126 -.118
.120 32.880 -49.140 59.126 -.043
-2.460 28.200 -49.380 56.918 -.043
-2.460 28.200 -49.380 56.918 -.036
-4.020 25.380 -48.180 54.604 .108
-4.020 25.380 -48.180 54.604 .108
-5.520 22.200 -45.780 51.177 .148
-5.520 22.200 -45.780 51.177 .148
-5.640 20.400 -42.960 47.891 .208
-5.640 20.400 -42.960 47.891 .208
-4.860 19.140 -39.960 44.573 .057
-4.860 19.140 -39.960 44.573 .057
-4.140 18.360 -36.540 41.102 .295
-4.140 18.360 -36.540 41.102 .121
-3.480 18.600 -34.320 39.191 .121
-3.480 18.600 -34.320 39.191 .045
-3.300 19.440 -32.340 37.877 .045
-3.300 19.440 -32.340 37.877 .267
-2.940 20.340 -31.500 37.611 .267
-2.940 20.340 -31.500 37.611 .155
-1.560 22.140 -32.040 38.977 .021
-1.560 22.140 -32.040 38.977 .021
-.420 23.100 -32.460 39.843 -.347
-.420 23.100 -32.460 39.843 -.347
.840 23.760 -33.900 41.406 -.041
.840 23.760 -33.900 41.406 -.041
1.920 24.660 -34.920 42.793 .043
1.920 24.660 -34.920 42.793 .043
2.040 23.880 -35.940 43.198 .060
2.040 23.880 -35.940 43.198 -.056
3.180 22.860 -36.780 43.422 -.056
3.180 22.860 -36.780 43.422 -.087
4.440 21.660 -36.720 42.863 -.087
4.440 21.660 -36.720 42.863 -.258
6.300 19.560 -36.840 42.184 -.258
6.300 19.560 -36.840 42.184 -.178
7.320 18.000 -35.760 40.698 -.178
7.320 18.000 -35.760 40.698 -.254
7.560 16.620 -34.860 39.352 -.511
7.560 16.620 -34.860 39.352 -.511
8.340 15.420 -33.780 38.058 -.454
8.340 15.420 -33.780 38.058 -.454
8.280 14.400 -33.120 37.052 -.393
8.280 14.400 -33.120 37.052 -.393
8.820 13.380 -32.460 36.200 -.649
8.820 13.380 -32.460 36.200 -.521
9.060 12.600 -31.020 34.686 -.521
9.060 12.600 -31.020 34.686 -.533
8.580 12.240 -30.000 33.518 -.533
8.580 12.240 -30.000 33.518 -.427
8.100 12.180 -26.940 30.655 -.427
8.100 12.180 -26.940 30.655 -.607
7.800 12.780 -24.300 28.542 -.607
7.800 12.780 -24.300 28.542 -.418
7.500 13.800 -21.900 26.950 -.393
7.500 13.800 -21.900 26.950 -.393
7.020 15.120 -19.020 25.291 -.589
7.020 15.120 -19.020 25.291 -.589
6.420 17.220 -17.760 25.557 -.346
6.420 17.220 -17.760 25.557 -.346
5.220 19.500 -16.560 26.110 -.332
5.220 19.500 -16.560 26.110 -.332
4.200 22.500 -15.120 27.432 .002
4.200 22.500 -15.120 27.432 -.134
3.300 25.680 -15.240 30.043 -.134
3.300 25.680 -15.240 30.043 -.134
2.940 28.680 -15.360 32.667 -.134
2.940 28.680 -15.360 32.667 -.156
2.520 31.680 -16.740 35.919 -.156
2.520 31.680 -16.740 35.919 -.066
1.260 33.660 -19.740 39.042 -.066
1.260 33.660 -19.740 39.042 -.038
-.300 35.160 -21.960 41.455 .088
-.300 35.160 -21.960 41.455 .088
-2.820 35.760 -25.020 43.735 .091
-2.820 35.760 -25.020 43.735 .091
-5.280 34.920 -28.260 45.232 .105
-5.280 34.920 -28.260 45.232 .105
-6.660 33.960 -30.660 46.235 .161
-6.660 33.960 -30.660 46.235 .235
-8.460 32.460 -32.760 46.888 .235
-8.460 32.460 -32.760 46.888 .179
-10.140 30.420 -34.800 47.321 .179
-10.140 30.420 -34.800 47.321 .350
-11.760 28.620 -35.640 47.198 .350
-11.760 28.620 -35.640 47.198 .376
-13.020 26.160 -36.060 46.413 .376
-13.020 26.160 -36.060 46.413 .438
-13.320 24.660 -35.700 45.388 .364
-13.320 24.660 -35.700 45.388 .364
-13.380 23.700 -34.380 43.849 .477
-13.380 23.700 -34.380 43.849 .477
-12.840 23.160 -33.060 42.358 .387
-12.840 23.160 -33.060 42.358 .387
-12.360 23.520 -30.900 40.753 .387
-12.360 23.520 -30.900 40.753 .387
-12.000 23.760 -30.120 40.196 .519
-12.000 23.760 -30.120 40.196 .397
-10.560 24.240 -30.120 40.079 .397
-10.560 24.240 -30.120 40.079 .358
-8.880 24.720 -30.420 40.191 .358
-8.880 24.720 -30.420 40.191 -.026
-7.140 25.080 -31.920 41.217 -.026
-7.140 25.080 -31.920 41.217 .239
-5.640 24.900 -33.420 42.056 .239
-5.640 24.900 -33.420 42.056 .227
-4.560 24.780 -35.100 43.207 .318
-4.560 24.780 -35.100 43.207 .318
-3.540 24.180 -36.960 44.309 .165
-3.540 24.180 -36.960 44.309 .165
-2.400 23.760 -39.240 45.936 .060
-2.400 23.760 -39.240 45.936 .060
-.960 23.940 -41.100 47.574 .066
-.960 23.940 -41.100 47.574 .066
.060 24.060 -42.360 48.716 -.023
.060 24.060 -42.360 48.716 -.052
.660 24.660 -42.780 49.383 -.052
.660 24.660 -42.780 49.383 -.105
1.080 25.080 -42.660 49.498 -.105
1.080 25.080 -42.660 49.498 .036
1.260 24.960 -42.060 48.925 .036
1.260 24.960 -42.060 48.925 -.044
1.140 25.200 -40.920 48.071 -.159
1.140 25.200 -40.920 48.071 -.159
1.740 25.800 -39.600 47.295 -.139
1.740 25.800 -39.600 47.295 -.139
1.380 26.400 -38.460 46.669 -.117
1.380 26.400 -38.460 46.669 -.117
.300 27.360 -36.660 45.745 -.070
.300 27.360 -36.660 45.745 -.070
.060 28.260 -36.120 45.862 .019
-1.140 28.800 -36.960 46.870 .027
-1.140 28.800 -36.960 46.870 .027
-1.440 29.640 -37.680 47.962 .003
-1.440 29.640 -37.680 47.962 .003
-1.440 29.640 -37.680 47.962 -.193
-1.320 29.400 -40.200 49.821 -.193
-1.320 29.400 -40.200 49.821 -.021
-2.220 28.620 -42.060 50.922 -.021
-2.640 28.020 -43.320 51.660 .039
-2.640 28.020 -43.320 51.660 .295
-2.640 28.020 -43.320 51.660 .295
-3.900 26.100 -45.360 52.478 .034
-4.680 24.840 -46.680 53.084 .034
-4.680 24.840 -46.680 53.084 .129
-4.680 24.840 -46.680 53.084 .129
-4.860 24.840 -47.520 53.840 .024
-4.860 24.840 -47.520 53.840 .024
-5.520 24.600 -48.480 54.644 .121
-6.120 25.320 -48.660 55.194 .160
-6.120 25.320 -48.660 55.194 .160
-7.440 26.100 -48.540 55.612 .367
-7.440 26.100 -48.540 55.612 .367
-9.300 25.080 -49.380 56.159 .241
-9.300 25.080 -49.380 56.159 .241
-10.440 24.960 -49.560 56.464 .337
-10.440 24.960 -49.560 56.464 .465
-11.580 24.480 -49.980 56.845 .465
-11.580 24.480 -49.980 56.845 .362
-13.380 23.340 -50.640 57.343 .362
-13.380 23.340 -50.640 57.343 .351
-14.940 22.980 -49.860 56.897 .351
-14.940 22.980 -49.860 56.897 .565
-16.920 21.480 -48.840 55.973 .565
-16.920 21.480 -48.840 55.973 .714
-18.900 20.400 -47.400 54.956 .606
-18.900 20.400 -47.400 54.956 .606
-20.100 20.760 -44.700 53.227 .613
-20.100 20.760 -44.700 53.227 .613
-21.900 20.940 -42.120 51.886 .696
-21.900 20.940 -42.120 51.886 .696
-23.520 22.740 -38.820 50.767 .703
-23.520 22.740 -38.820 50.767 .703
-25.380 24.720 -35.160 49.914 .705
-25.380 24.720 -35.160 49.914 .906
-27.060 26.460 -31.620 49.317 .906
-27.060 26.460 -31.620 49.317 .675
-27.480 28.980 -28.860 49.274 .675
-27.480 28.980 -28.860 49.274 .688
-28.320 30.600 -26.820 49.575 .688
-28.320 30.600 -26.820 49.575 .708
-29.040 31.920 -24.540 49.643 .673
-29.040 31.920 -24.540 49.643 .673
-29.520 32.460 -22.980 49.529 .677
-29.520 32.460 -22.980 49.529 .677
-30.960 32.100 -20.520 49.092 .800
-30.960 32.100 -20.520 49.092 .800
-31.260 31.740 -17.760 47.959 .758
-31.260 31.740 -17.760 47.959 .758
-31.020 31.140 -15.240 46.521 .750
-31.020 31.140 -15.240 46.521 .805
-30.600 30.660 -11.940 44.933 .805
-30.600 30.660 -11.940 44.933 .776
-29.400 30.240 -9.720 43.282 .776
-29.400 30.240 -9.720 43.282 .758
-28.800 29.880 -7.620 42.194 .758
-28.800 29.880 -7.620 42.194 .761
-27.540 30.420 -5.700 41.428 .761
-27.540 30.420 -5.700 41.428 .741
-25.500 31.860 -5.280 41.148 .675
-25.500 31.860 -5.280 41.148 .675
-23.220 33.960 -3.720 41.307 .667
-23.220 33.960 -3.720 41.307 .667
-20.100 36.360 -3.660 41.707 .586
-20.100 36.360 -3.660 41.707 .586
-16.260 37.920 -4.680 41.524 .507
-16.260 37.920 -4.680 41.524 .395
-13.260 38.220 -6.000 40.897 .395
-13.260 38.220 -6.000 40.897 .341
-9.960 37.920 -9.660 40.379 .341
-9.960 37.920 -9.660 40.379 .248
-6.540 35.940 -13.680 39.008 .248
-6.540 35.940 -13.680 39.008 .158
-4.260 33.840 -18.360 38.735 .158
-4.260 33.840 -18.360 38.735 -.023
-1.800 31.620 -23.460 39.414 .019
-1.800 31.620 -23.460 39.414 .019
-.600 28.680 -28.080 40.142 -.008
-.600 28.680 -28.080 40.142 -.008
-.120 26.520 -32.880 42.242 .088
-.120 26.520 -32.880 42.242 .088
.300 23.700 -36.960 43.907 -.053
.300 23.700 -36.960 43.907 -.053
.060 21.240 -40.200 45.466 -.007
.060 21.240 -40.200 45.466 -.136
-.360 19.680 -42.660 46.982 -.136
-.360 19.680 -42.660 46.982 .021
-.900 18.240 -44.100 47.732 .021
-.900 18.240 -44.100 47.732 .024
-1.500 18.180 -44.460 48.057 .024
-1.500 18.180 -44.460 48.057 .213
-2.400 17.880 -44.580 48.092 .213
-2.400 17.880 -44.580 48.092 .110
-1.800 18.480 -44.400 48.126 .046
-1.800 18.480 -44.400 48.126 .046
-2.160 19.140 -43.920 47.958 -.079
