X Y Z F A
-9.900 -22.620 -12.960 27.886 2.656
-9.780 -22.680 -13.260 28.033 2.638
-9.780 -22.680 -13.260 28.033 2.638
-9.540 -22.260 -13.800 27.874 2.683
-9.540 -22.260 -13.800 27.874 2.672
-9.120 -22.320 -15.000 28.396 2.672
-9.120 -22.320 -15.000 28.396 2.664
-7.860 -22.260 -16.080 28.563 2.664
-7.860 -22.260 -16.080 28.563 2.768
-6.780 -22.740 -17.520 29.496 2.768
-6.780 -22.740 -17.520 29.496 2.875
-5.820 -24.120 -19.320 31.447 2.875
-5.820 -24.120 -19.320 31.447 2.814
-5.100 -25.440 -20.520 33.080 2.829
-5.100 -25.440 -20.520 33.080 2.829
-4.980 -26.280 -23.160 35.381 2.923
-4.980 -26.280 -23.160 35.381 2.923
-4.380 -27.000 -25.620 37.478 2.998
-4.380 -27.000 -25.620 37.478 2.998
-3.780 -27.420 -27.900 39.301 2.973
-3.780 -27.420 -27.900 39.301 3.035
-2.820 -27.060 -31.200 41.396 3.035
-2.820 -27.060 -31.200 41.396 2.902
-2.520 -26.100 -33.660 42.668 2.902
-2.520 -26.100 -33.660 42.668 2.930
-2.760 -25.080 -36.000 43.962 2.930
-2.760 -25.080 -36.000 43.962 2.987
-3.120 -22.740 -38.520 44.840 3.032
-3.120 -22.740 -38.520 44.840 3.032
-4.380 -20.400 -40.380 45.452 2.853
-4.380 -20.400 -40.380 45.452 2.853
-4.860 -18.720 -41.820 46.076 3.096
-4.860 -18.720 -41.820 46.076 3.096
-5.460 -16.620 -42.960 46.385 2.733
-5.460 -16.620 -42.960 46.385 2.733
-6.600 -15.180 -43.080 46.151 2.869
-6.600 -15.180 -43.080 46.151 2.510
-7.740 -15.000 -43.800 46.940 2.510
-7.740 -15.000 -43.800 46.940 2.501
-9.840 -15.180 -43.980 47.555 2.501
-9.840 -15.180 -43.980 47.555 -3.070
-12.000 -16.620 -43.560 48.142 -3.070
-12.000 -16.620 -43.560 48.142 2.089
-13.440 -18.720 -42.660 48.487 2.089
-13.440 -18.720 -42.660 48.487 2.345
-14.880 -20.760 -40.980 48.288 2.555
-14.880 -20.760 -40.980 48.288 2.555
-16.860 -22.980 -39.360 48.596 2.436
-16.860 -22.980 -39.360 48.596 2.436
-18.360 -24.540 -37.680 48.570 2.360
-18.360 -24.540 -37.680 48.570 2.360
-21.180 -26.220 -36.000 49.316 2.646
-21.180 -26.220 -36.000 49.316 2.646
-23.400 -26.640 -33.600 48.849 2.523
-23.400 -26.640 -33.600 48.849 2.379
-24.840 -26.940 -31.080 48.050 2.379
-24.840 -26.940 -31.080 48.050 2.285
-26.280 -26.820 -28.740 47.286 2.285
-26.280 -26.820 -28.740 47.286 2.355
-27.240 -26.640 -27.120 46.768 2.355
-27.240 -26.640 -27.120 46.768 2.253
-27.660 -26.760 -25.920 46.401 2.253
-27.660 -26.760 -25.920 46.401 2.296
-28.080 -26.880 -26.220 46.888 2.534
-28.080 -26.880 -26.220 46.888 2.534
-27.780 -27.960 -26.940 47.742 2.234
-27.780 -27.960 -26.940 47.742 2.234
-26.760 -29.820 -27.960 48.858 2.265
-26.760 -29.820 -27.960 48.858 2.265
-25.440 -31.620 -30.120 50.539 2.489
-25.440 -31.620 -30.120 50.539 2.489
-23.400 -32.580 -31.680 51.114 2.456
-23.400 -32.580 -31.680 51.114 2.425
-21.600 -32.760 -32.700 51.079 2.425
-21.600 -32.760 -32.700 51.079 2.442
-19.560 -31.380 -34.140 50.327 2.442
-19.560 -31.380 -34.140 50.327 2.713
-17.640 -29.820 -34.500 48.894 2.713
-17.640 -29.820 -34.500 48.894 2.570
-15.660 -29.220 -33.780 47.330 2.570
-15.660 -29.220 -33.780 47.330 2.619
-13.560 -28.140 -34.080 46.230 2.668
-13.560 -28.140 -34.080 46.230 2.668
-11.700 -27.000 -34.020 44.981 2.650
-11.700 -27.000 -34.020 44.981 2.650
-10.260 -26.340 -33.780 44.047 2.617
-10.260 -26.340 -33.780 44.047 2.617
-9.060 -24.840 -34.920 43.801 2.804
-9.060 -24.840 -34.920 43.801 2.827
-8.040 -23.820 -35.220 43.272 2.827
-8.040 -23.820 -35.220 43.272 2.899
-6.960 -23.040 -35.520 42.906 2.899
-6.960 -23.040 -35.520 42.906 2.802
-5.100 -21.840 -36.060 42.466 2.802
-5.100 -21.840 -36.060 42.466 2.839
-3.780 -20.880 -35.940 41.737 2.900
-3.780 -20.880 -35.940 41.737 2.900
-2.460 -20.040 -36.060 41.328 2.965
-2.460 -20.040 -36.060 41.328 2.965
-.960 -19.620 -35.700 40.747 -3.034
-.960 -19.620 -35.700 40.747 -3.034
.600 -19.380 -35.760 40.678 -3.061
.600 -19.380 -35.760 40.678 -3.061
2.880 -19.140 -36.060 40.926 -3.062
2.880 -19.140 -36.060 40.926 -3.062
5.160 -19.080 -37.080 42.019 3.045
5.160 -19.080 -37.080 42.019 -2.547
7.440 -19.800 -38.760 44.156 -2.547
7.440 -19.800 -38.760 44.156 -2.657
9.060 -19.440 -40.560 45.881 -2.657
9.060 -19.440 -40.560 45.881 -2.846
10.620 -19.860 -43.140 48.665 -2.846
10.620 -19.860 -43.140 48.665 -2.647
12.000 -20.880 -45.600 51.569 -2.296
12.000 -20.880 -45.600 51.569 -2.296
14.160 -20.460 -48.780 54.760 -2.410
14.160 -20.460 -48.780 54.760 -2.410
16.800 -20.160 -52.320 58.532 -2.495
16.800 -20.160 -52.320 58.532 -2.495
19.440 -21.060 -55.800 62.730 -2.255
19.440 -21.060 -55.800 62.730 -2.255
22.260 -21.000 -60.060 67.407 -2.254
22.260 -21.000 -60.060 67.407 -2.326
24.240 -22.560 -63.900 71.970 -2.326
24.240 -22.560 -63.900 71.970 -1.956
25.200 -26.760 -65.940 75.493 -1.956
25.200 -26.760 -65.940 75.493 -2.157
26.160 -29.220 -68.100 78.586 -2.157
26.160 -29.220 -68.100 78.586 -2.504
27.060 -31.980 -69.180 80.875 -2.423
27.060 -31.980 -69.180 80.875 -2.423
26.460 -36.000 -67.980 81.347 -2.415
26.460 -36.000 -67.980 81.347 -2.415
25.740 -38.280 -67.800 82.005 -2.431
25.740 -38.280 -67.800 82.005 -2.431
24.060 -41.160 -65.940 81.370 -2.674
24.060 -41.160 -65.940 81.370 -2.674
21.960 -44.460 -62.460 79.751 -2.531
21.960 -44.460 -62.460 79.751 -2.531
20.580 -45.480 -60.060 78.097 -2.611
20.580 -45.480 -60.060 78.097 -2.875
19.200 -46.440 -56.940 75.944 -2.875
19.200 -46.440 -56.940 75.944 -2.647
17.520 -46.680 -53.580 73.190 -2.647
15.060 -46.320 -51.480 70.870 -2.763
15.060 -46.320 -51.480 70.870 -2.763
15.060 -46.320 -51.480 70.870 -2.754
12.960 -45.600 -49.140 68.279 -2.826
12.960 -45.600 -49.140 68.279 -2.826
10.620 -44.880 -47.220 66.006 -2.827
10.620 -44.880 -47.220 66.006 -2.827
9.360 -43.560 -46.140 64.140 -2.959
8.700 -41.640 -44.460 61.533 -2.959
8.700 -41.640 -44.460 61.533 -3.008
8.700 -41.640 -44.460 61.533 -3.008
7.620 -40.620 -43.260 59.829 -2.925
6.780 -39.360 -41.880 57.872 -2.834
6.780 -39.360 -41.880 57.872 -2.834
5.460 -38.760 -40.080 56.023 -2.999
5.460 -38.760 -40.080 56.023 -2.999
4.980 -37.500 -38.940 54.290 -2.919
4.980 -37.500 -38.940 54.290 -2.919
5.400 -35.220 -38.160 52.209 -3.017
5.400 -35.220 -38.160 52.209 3.101
5.820 -33.240 -37.500 50.448 3.101
5.820 -33.240 -37.500 50.448 -2.883
6.720 -31.080 -36.540 48.439 -2.883
6.720 -31.080 -36.540 48.439 -2.868
6.720 -30.120 -35.640 47.144 -2.868
6.720 -30.120 -35.640 47.144 -2.875
5.880 -29.340 -34.800 45.896 -2.875
5.880 -29.340 -34.800 45.896 -2.768
5.760 -28.920 -32.940 44.211 -2.859
5.760 -28.920 -32.940 44.211 -2.859
6.000 -28.500 -31.200 42.681 -2.959
6.000 -28.500 -31.200 42.681 -2.959
6.660 -28.080 -29.280 41.112 -2.954
6.660 -28.080 -29.280 41.112 -2.954
7.620 -28.320 -26.640 39.620 -2.887
7.620 -28.320 -26.640 39.620 -2.887
7.920 -27.900 -24.960 38.264 -2.863
7.920 -27.900 -24.960 38.264 -2.868
7.500 -27.660 -23.100 36.809 -2.868
7.500 -27.660 -23.100 36.809 -2.772
7.380 -27.300 -20.640 35.011 -2.772
7.380 -27.300 -20.640 35.011 -2.891
7.200 -26.220 -18.540 32.910 -2.891
7.200 -26.220 -18.540 32.910 -2.909
7.140 -25.560 -15.660 30.814 -2.909
7.140 -25.560 -15.660 30.814 -2.818
7.320 -24.780 -14.400 29.580 -2.856
7.320 -24.780 -14.400 29.580 -2.856
7.500 -24.060 -14.820 29.236 -2.695
7.500 -24.060 -14.820 29.236 -2.695
7.800 -23.880 -14.820 29.167 -2.772
7.800 -23.880 -14.820 29.167 -2.772
8.580 -23.460 -17.280 30.374 -2.825
8.580 -23.460 -17.280 30.374 -2.825
9.660 -23.100 -19.500 31.736 -2.845
9.660 -23.100 -19.500 31.736 -2.694
10.320 -23.520 -21.240 33.329 -2.694
10.320 -23.520 -21.240 33.329 -2.685
10.680 -23.940 -23.700 35.339 -2.685
10.680 -23.940 -23.700 35.339 -2.752
10.380 -25.020 -25.320 37.079 -2.752
10.380 -25.020 -25.320 37.079 -2.754
10.200 -26.100 -25.980 38.213 -2.673
10.200 -26.100 -25.980 38.213 -2.673
10.380 -26.580 -26.880 39.202 -2.798
10.380 -26.580 -26.880 39.202 -2.798
10.800 -27.600 -27.540 40.458 -2.780
10.800 -27.600 -27.540 40.458 -2.780
11.520 -28.440 -28.140 41.634 -2.734
11.520 -28.440 -28.140 41.634 -2.734
11.340 -29.520 -29.520 43.260 -2.631
11.340 -29.520 -29.520 43.260 -2.704
11.340 -30.600 -30.480 44.654 -2.704
11.340 -30.600 -30.480 44.654 -2.694
11.400 -31.320 -31.320 45.737 -2.694
11.400 -31.320 -31.320 45.737 -2.730
11.460 -31.860 -32.280 46.780 -2.730
11.460 -31.860 -32.280 46.780 -2.787
11.460 -32.520 -32.520 47.397 -2.787
11.460 -32.520 -32.520 47.397 -2.766
11.640 -33.300 -32.280 47.816 -2.758
11.640 -33.300 -32.280 47.816 -2.758
10.920 -33.960 -32.340 48.150 -2.630
10.920 -33.960 -32.340 48.150 -2.630
10.740 -34.380 -31.680 47.968 -2.727
10.740 -34.380 -31.680 47.968 -2.727
10.440 -34.380 -31.200 47.586 -2.785
10.440 -34.380 -31.200 47.586 -2.873
9.480 -34.380 -30.960 47.227 -2.873
9.480 -34.380 -30.960 47.227 -2.817
8.640 -34.920 -30.180 46.956 -2.817
8.640 -34.920 -30.180 46.956 -2.859
7.080 -35.160 -29.760 46.605 -2.859
7.080 -35.160 -29.760 46.605 -3.008
5.760 -35.940 -28.980 46.526 -3.008
5.760 -35.940 -28.980 46.526 -3.004
5.100 -36.780 -27.060 45.946 -2.950
5.100 -36.780 -27.060 45.946 -2.950
4.680 -36.840 -25.980 45.322 -2.953
4.680 -36.840 -25.980 45.322 -2.953
3.720 -37.200 -23.640 44.233 -3.029
3.720 -37.200 -23.640 44.233 -3.029
2.700 -37.080 -21.900 43.149 -3.019
2.700 -37.080 -21.900 43.149 -3.019
.720 -36.540 -20.460 41.884 -3.056
.720 -36.540 -20.460 41.884 -3.054
-.300 -35.160 -18.480 39.722 -3.054
-.300 -35.160 -18.480 39.722 -3.114
-.240 -32.340 -17.760 36.896 -3.114
-.240 -32.340 -17.760 36.896 3.124
-.120 -29.700 -16.320 33.889 3.124
-.120 -29.700 -16.320 33.889 3.093
.360 -26.220 -15.720 30.573 -3.104
.360 -26.220 -15.720 30.573 -3.104
.240 -23.400 -15.660 28.158 -3.105
.240 -23.400 -15.660 28.158 -3.105
-.120 -21.060 -15.300 26.031 -2.915
-.120 -21.060 -15.300 26.031 -2.915
-.480 -18.960 -15.540 24.519 -3.118
-.480 -18.960 -15.540 24.519 -3.118
-.600 -18.120 -15.720 23.996 3.095
-.600 -18.120 -15.720 23.996 3.044
-.360 -17.880 -16.140 24.090 3.044
-.360 -17.880 -16.140 24.090 3.058
.060 -18.480 -15.960 24.418 3.058
.060 -18.480 -15.960 24.418 3.102
.660 -19.680 -15.840 25.271 3.102
.660 -19.680 -15.840 25.271 -3.023
1.140 -21.240 -16.020 26.629 -3.023
1.140 -21.240 -16.020 26.629 -3.060
1.140 -23.280 -15.240 27.848 -3.032
1.140 -23.280 -15.240 27.848 -3.032
1.080 -25.860 -15.300 30.067 -3.113
1.080 -25.860 -15.300 30.067 -3.113
.960 -28.320 -15.720 32.405 -3.124
.960 -28.320 -15.720 32.405 -3.124
.780 -30.600 -15.360 34.248 -3.092
.780 -30.600 -15.360 34.248 -3.092
.420 -32.580 -15.720 36.177 -3.119
.420 -32.580 -15.720 36.177 -2.955
.420 -34.320 -16.200 37.954 -2.955
.420 -34.320 -16.200 37.954 -3.093
.540 -36.180 -16.260 39.670 -3.093
.540 -36.180 -16.260 39.670 -3.121
1.620 -37.440 -17.280 41.267 -3.121
3.420 -38.160 -18.000 42.331 -3.132
3.420 -38.160 -18.000 42.331 -3.040
3.420 -38.160 -18.000 42.331 -3.040
4.980 -38.580 -18.900 43.248 -3.007
4.980 -38.580 -18.900 43.248 -3.007
6.900 -37.740 -20.580 43.537 -2.978
6.900 -37.740 -20.580 43.537 -2.978
8.820 -36.960 -21.360 43.590 -2.918
8.820 -36.960 -21.360 43.590 -2.918
11.580 -35.340 -22.680 43.559 -2.759
11.580 -35.340 -22.680 43.559 -2.846
14.400 -33.540 -23.760 43.553 -2.846
16.800 -32.820 -23.520 43.733 -2.754
16.800 -32.820 -23.520 43.733 -2.754
16.800 -32.820 -23.520 43.733 -2.643
19.080 -31.860 -23.280 43.830 -2.643
19.080 -31.860 -23.280 43.830 -2.501
20.100 -31.740 -21.960 43.516 -2.501
20.100 -31.740 -21.960 43.516 -2.605
21.600 -31.200 -19.920 42.858 -2.485
23.880 -30.000 -18.240 42.461 -2.485
23.880 -30.000 -18.240 42.461 -2.433
25.740 -28.800 -16.620 42.050 -2.433
25.740 -28.800 -16.620 42.050 -2.439
27.720 -27.540 -15.180 41.920 -2.439
27.720 -27.540 -15.180 41.920 -2.304
28.560 -26.820 -14.760 41.867 -2.304
28.560 -26.820 -14.760 41.867 -2.283
29.220 -26.160 -14.520 41.821 -2.299
29.220 -26.160 -14.520 41.821 -2.299
29.220 -25.860 -14.340 41.571 -2.222
29.220 -25.860 -14.340 41.571 -2.222
28.980 -25.620 -15.600 41.708 -2.215
28.980 -25.620 -15.600 41.708 -2.215
28.620 -25.500 -16.620 41.780 -2.347
28.620 -25.500 -16.620 41.780 -2.347
27.780 -25.800 -17.940 41.943 -2.262
27.780 -25.800 -17.940 41.943 -2.253
26.040 -26.100 -20.220 42.049 -2.253
26.040 -26.100 -20.220 42.049 -2.347
24.540 -26.400 -21.360 41.898 -2.347
24.540 -26.400 -21.360 41.898 -2.396
23.280 -26.340 -22.500 41.737 -2.396
23.280 -26.340 -22.500 41.737 -2.300
21.780 -26.220 -23.940 41.653 -2.334
21.780 -26.220 -23.940 41.653 -2.334
20.940 -26.100 -24.240 41.319 -2.419
20.940 -26.100 -24.240 41.319 -2.419
19.920 -26.220 -24.840 41.247 -2.367
19.920 -26.220 -24.840 41.247 -2.367
18.840 -26.460 -25.560 41.333 -2.400
18.840 -26.460 -25.560 41.333 -2.400
17.640 -26.400 -26.040 41.063 -2.350
17.640 -26.400 -26.040 41.063 -2.365
17.400 -26.640 -26.640 41.499 -2.365
17.400 -26.640 -26.640 41.499 -2.473
17.040 -26.820 -27.120 41.775 -2.473
17.040 -26.820 -27.120 41.775 -2.695
16.320 -26.940 -28.020 42.157 -2.695
16.320 -26.940 -28.020 42.157 -2.437
15.780 -28.020 -28.920 43.249 -2.437
15.780 -28.020 -28.920 43.249 -2.547
14.160 -28.140 -31.020 44.211 -2.675
14.160 -28.140 -31.020 44.211 -2.675
12.480 -27.900 -32.880 44.892 -2.602
12.480 -27.900 -32.880 44.892 -2.602
11.520 -28.080 -34.200 45.726 -2.546
11.520 -28.080 -34.200 45.726 -2.546
10.260 -27.360 -35.580 46.041 -2.830
10.260 -27.360 -35.580 46.041 -2.830
9.360 -27.900 -35.760 46.312 -2.783
9.360 -27.900 -35.760 46.312 -2.827
8.460 -27.900 -36.180 46.465 -2.827
8.460 -27.900 -36.180 46.465 -2.861
6.720 -28.020 -37.020 46.912 -2.861
6.720 -28.020 -37.020 46.912 -2.951
4.980 -28.200 -37.140 46.898 -2.951
4.980 -28.200 -37.140 46.898 -2.838
3.840 -26.940 -37.200 46.091 -2.881
3.840 -26.940 -37.200 46.091 -2.881
2.520 -25.980 -37.440 45.641 -3.113
2.520 -25.980 -37.440 45.641 -3.113
1.500 -25.080 -36.900 44.642 -3.015
1.500 -25.080 -36.900 44.642 -3.015
.720 -23.940 -36.780 43.891 -2.897
.720 -23.940 -36.780 43.891 -2.897
-.660 -23.040 -36.600 43.253 -3.031
-.660 -23.040 -36.600 43.253 -3.025
-1.440 -23.400 -36.180 43.112 -3.025
-1.440 -23.400 -36.180 43.112 3.060
-1.500 -23.100 -36.720 43.408 3.060
-1.500 -23.100 -36.720 43.408 3.059
-1.740 -23.280 -36.900 43.665 3.059
-1.740 -23.280 -36.900 43.665 3.104
-1.620 -24.540 -37.140 44.545 3.104
-1.620 -24.540 -37.140 44.545 3.075
-1.560 -25.260 -37.020 44.844 3.133
-1.560 -25.260 -37.020 44.844 3.133
-1.860 -26.460 -35.580 44.379 3.062
-1.860 -26.460 -35.580 44.379 3.062
-1.260 -27.000 -34.140 43.545 -3.130
-1.260 -27.000 -34.140 43.545 -3.130
-.840 -27.900 -32.340 42.720 3.060
-.840 -27.900 -32.340 42.720 3.117
-.180 -28.440 -30.300 41.557 3.117
-.180 -28.440 -30.300 41.557 3.129
.600 -28.380 -28.020 39.886 3.129
.600 -28.380 -28.020 39.886 3.118
1.380 -28.620 -25.740 38.517 3.118
1.380 -28.620 -25.740 38.517 -3.068
2.280 -28.140 -23.100 36.478 -3.068
2.280 -28.140 -23.100 36.478 -3.016
3.840 -27.780 -20.460 34.714 -2.983
3.840 -27.780 -20.460 34.714 -2.983
5.040 -28.800 -17.820 34.240 -2.994
5.040 -28.800 -17.820 34.240 -2.994
6.060 -30.360 -15.240 34.507 -2.930
6.060 -30.360 -15.240 34.507 -2.930
6.960 -31.800 -13.260 35.150 -2.869
6.960 -31.800 -13.260 35.150 -2.869
7.200 -34.260 -10.860 36.654 -2.904
7.200 -34.260 -10.860 36.654 -2.902
8.340 -36.420 -9.900 38.652 -2.902
8.340 -36.420 -9.900 38.652 -2.892
9.600 -38.700 -9.840 41.069 -2.892
9.600 -38.700 -9.840 41.069 -2.902
10.380 -41.340 -10.800 43.970 -2.902
10.380 -41.340 -10.800 43.970 -2.877
10.980 -43.200 -12.960 46.419 -2.869
10.980 -43.200 -12.960 46.419 -2.869
11.280 -44.520 -15.180 48.370 -2.798
11.280 -44.520 -15.180 48.370 -2.798
11.280 -45.360 -17.520 49.917 -2.833
11.280 -45.360 -17.520 49.917 -2.833
12.300 -45.480 -18.900 50.763 -2.866
12.300 -45.480 -18.900 50.763 -2.866
13.680 -45.600 -20.820 51.961 -2.881
13.680 -45.600 -20.820 51.961 -2.881
13.680 -45.780 -21.840 52.535 -2.824
13.680 -45.780 -21.840 52.535 -2.845
13.500 -45.660 -23.640 53.160 -2.845
13.500 -45.660 -23.640 53.160 -2.843
12.780 -45.000 -25.860 53.452 -2.843
12.780 -45.000 -25.860 53.452 -2.832
11.820 -43.500 -27.840 52.981 -2.832
11.820 -43.500 -27.840 52.981 -2.817
12.180 -41.280 -29.940 52.429 -2.875
12.180 -41.280 -29.940 52.429 -2.875
12.540 -38.700 -30.300 50.725 -2.826
12.540 -38.700 -30.300 50.725 -2.826
12.600 -36.060 -31.260 49.359 -2.763
12.600 -36.060 -31.260 49.359 -2.763
12.120 -33.300 -32.100 47.814 -2.785
12.120 -33.300 -32.100 47.814 -2.832
10.920 -31.620 -32.880 46.906 -2.832
10.920 -31.620 -32.880 46.906 -2.716
10.620 -30.840 -34.200 47.260 -2.716
10.620 -30.840 -34.200 47.260 -2.752
10.800 -31.080 -34.440 47.631 -2.752
10.800 -31.080 -34.440 47.631 -2.843
10.920 -32.940 -34.200 48.723 -2.843
10.920 -32.940 -34.200 48.723 -2.706
11.100 -35.580 -33.780 50.301 -2.690
11.100 -35.580 -33.780 50.301 -2.690
10.260 -38.280 -33.480 51.880 -2.844
10.260 -41.040 -33.120 53.726 -2.844
10.260 -41.040 -33.120 53.726 -2.803
10.260 -41.040 -33.120 53.726 -2.803
12.180 -42.960 -33.540 55.847 -2.735
12.180 -42.960 -33.540 55.847 -2.735
14.880 -44.220 -34.020 57.742 -2.771
14.880 -44.220 -34.020 57.742 -2.746
19.500 -45.000 -34.800 60.136 -2.746
19.500 -45.000 -34.800 60.136 -2.684
24.240 -44.520 -36.480 62.453 -2.684
29.640 -42.300 -38.160 64.218 -2.442
29.640 -42.300 -38.160 64.218 -2.442
36.000 -36.060 -39.960 64.754 -2.382
36.000 -36.060 -39.960 64.754 -2.382
41.520 -27.000 -41.100 64.359 -2.222
41.520 -27.000 -41.100 64.359 -2.037
46.260 -16.800 -41.160 64.159 -2.037
46.260 -16.800 -41.160 64.159 -1.782
48.240 -5.400 -40.140 62.988 -1.782
48.240 -5.400 -40.140 62.988 -1.484
47.700 3.900 -37.980 61.098 -1.484
47.700 3.900 -37.980 61.098 -1.592
46.200 10.980 -35.160 59.087 -1.592
46.200 10.980 -35.160 59.087 -1.325
44.100 17.400 -31.380 56.853 -1.239
44.100 17.400 -31.380 56.853 -1.239
42.120 21.180 -27.120 54.389 -1.167
42.120 21.180 -27.120 54.389 -1.167
41.100 22.800 -22.920 52.291 -1.092
41.100 22.800 -22.920 52.291 -1.092
39.900 23.100 -19.260 49.966 -.978
39.900 23.100 -19.260 49.966 -1.000
39.180 21.540 -17.040 47.848 -1.000
39.180 21.540 -17.040 47.848 -1.080
38.400 18.780 -15.720 45.545 -1.080
38.400 18.780 -15.720 45.545 -1.084
37.620 16.320 -15.300 43.769 -1.084
37.620 16.320 -15.300 43.769 -1.107
37.020 13.560 -15.660 42.422 -1.239
37.020 13.560 -15.660 42.422 -1.239
36.300 10.260 -15.600 40.821 -1.236
36.300 10.260 -15.600 40.821 -1.236
35.760 7.140 -16.500 40.025 -1.223
35.760 7.140 -16.500 40.025 -1.223
34.860 3.480 -17.820 39.305 -1.407
34.860 3.480 -17.820 39.305 -1.407
34.380 .360 -19.620 39.586 -1.417
34.380 .360 -19.620 39.586 -1.473
33.480 -.900 -22.080 40.115 -1.473
33.480 -.900 -22.080 40.115 -1.658
32.760 -.540 -23.820 40.508 -1.658
32.760 -.540 -23.820 40.508 -1.618
32.640 .600 -25.560 41.461 -1.618
32.640 .600 -25.560 41.461 -1.429
31.740 2.640 -26.760 41.599 -1.429
31.740 2.640 -26.760 41.599 -1.426
31.380 4.200 -27.180 41.726 -1.527
31.380 4.200 -27.180 41.726 -1.527
30.960 5.520 -27.600 41.842 -1.303
30.960 5.520 -27.600 41.842 -1.303
30.360 7.500 -27.480 41.631 -1.278
30.360 7.500 -27.480 41.631 -1.278
30.300 9.240 -27.240 41.779 -1.403
30.300 9.240 -27.240 41.779 -1.403
30.120 9.840 -26.820 41.513 -1.221
30.120 9.840 -26.820 41.513 -1.110
30.000 10.140 -25.740 40.809 -1.110
30.000 10.140 -25.740 40.809 -1.138
30.060 9.360 -24.600 39.955 -1.138
30.060 9.360 -24.600 39.955 -1.311
29.760 7.440 -23.040 38.365 -1.311
29.760 7.440 -23.040 38.365 -1.233
29.820 6.540 -21.360 37.259 -1.283
29.820 6.540 -21.360 37.259 -1.283
30.000 5.100 -20.280 36.569 -1.438
30.000 5.100 -20.280 36.569 -1.438
29.760 3.540 -19.440 35.723 -1.394
29.760 3.540 -19.440 35.723 -1.394
30.060 2.520 -18.120 35.189 -1.413
30.060 2.520 -18.120 35.189 -1.413
29.760 .360 -17.760 34.658 -1.527
29.760 .360 -17.760 34.658 -1.527
29.460 -1.740 -17.100 34.108 -1.504
29.460 -1.740 -17.100 34.108 -1.570
29.100 -3.240 -16.740 33.727 -1.570
29.100 -3.240 -16.740 33.727 -1.744
28.860 -4.920 -16.860 33.784 -1.744
28.860 -4.920 -16.860 33.784 -1.739
28.800 -6.120 -16.740 33.869 -1.739
28.800 -6.120 -16.740 33.869 -1.681
28.440 -7.260 -16.920 33.880 -1.688
28.440 -7.260 -16.920 33.880 -1.688
28.440 -7.980 -16.980 34.071 -1.865
28.440 -7.980 -16.980 34.071 -1.865
28.080 -8.220 -17.760 34.227 -1.755
28.080 -8.220 -17.760 34.227 -1.755
28.200 -7.500 -18.240 34.412 -1.795
28.200 -7.500 -18.240 34.412 -1.795
28.440 -6.120 -18.660 34.561 -1.796
28.440 -6.120 -18.660 34.561 -1.769
28.620 -4.500 -19.140 34.723 -1.769
28.620 -4.500 -19.140 34.723 -1.674
28.440 -2.580 -18.720 34.146 -1.674
28.440 -2.580 -18.720 34.146 -1.768
28.140 -.660 -19.020 33.971 -1.768
28.140 -.660 -19.020 33.971 -1.578
28.320 2.100 -18.780 34.046 -1.578
28.320 2.100 -18.780 34.046 -1.408
28.320 4.560 -18.480 34.122 -1.494
28.320 4.560 -18.480 34.122 -1.494
29.220 7.140 -18.420 35.272 -1.361
29.220 7.140 -18.420 35.272 -1.361
29.880 9.420 -17.940 36.103 -1.202
29.880 9.420 -17.940 36.103 -1.202
30.540 10.080 -17.700 36.710 -1.170
30.540 10.080 -17.700 36.710 -1.286
31.140 10.080 -16.800 36.791 -1.286
31.140 10.080 -16.800 36.791 -1.203
31.440 9.240 -15.780 36.371 -1.203
31.440 9.240 -15.780 36.371 -1.238
31.440 8.220 -14.580 35.618 -1.238
31.440 8.220 -14.580 35.618 -1.380
31.140 7.140 -13.680 34.754 -1.380
31.140 7.140 -13.680 34.754 -1.326
31.260 5.580 -12.780 34.229 -1.314
31.260 5.580 -12.780 34.229 -1.314
30.420 3.240 -12.300 32.972 -1.426
30.420 3.240 -12.300 32.972 -1.426
30.060 .660 -12.900 32.718 -1.548
30.060 .660 -12.900 32.718 -1.548
29.340 -1.740 -14.400 32.730 -1.513
29.340 -1.740 -14.400 32.730 -1.513
28.080 -2.880 -16.980 32.941 -1.588
27.360 -3.480 -20.160 34.163 -1.644
27.360 -3.480 -20.160 34.163 -1.644
26.580 -3.720 -22.620 35.100 -1.589
26.580 -3.720 -22.620 35.100 -1.589
26.580 -3.720 -22.620 35.100 -1.570
25.860 -4.140 -24.600 35.931 -1.570
24.960 -4.500 -27.240 37.219 -1.742
24.960 -4.500 -27.240 37.219 -1.554
24.960 -4.500 -27.240 37.219 -1.554
23.700 -4.140 -29.700 38.222 -1.555
22.560 -3.120 -31.560 38.919 -1.555
22.560 -3.120 -31.560 38.919 -1.801
21.000 -1.860 -33.420 39.514 -1.801
21.000 -1.860 -33.420 39.514 -1.367
19.620 .360 -34.380 39.586 -1.367
19.620 .360 -34.380 39.586 -1.297
18.420 3.420 -34.320 39.101 -1.707
18.420 3.420 -34.320 39.101 -1.707
15.840 6.420 -34.020 38.072 -1.318
15.840 6.420 -34.020 38.072 -1.318
13.380 10.500 -33.240 37.339 -.986
13.380 10.500 -33.240 37.339 -.986
10.500 14.100 -31.140 35.760 -.769
10.500 14.100 -31.140 35.760 -.769
7.320 16.560 -29.280 34.426 -.735
7.320 16.560 -29.280 34.426 -.421
5.340 18.360 -28.080 33.972 -.421
5.340 18.360 -28.080 33.972 -.241
3.720 19.980 -27.240 33.986 -.241
3.720 19.980 -27.240 33.986 -.621
2.280 20.760 -26.880 34.040 -.621
2.280 20.760 -26.880 34.040 -.150
1.080 20.940 -27.300 34.423 -.150
1.080 20.940 -27.300 34.423 -.080
.240 21.660 -27.780 35.227 -.026
.240 21.660 -27.780 35.227 -.026
-.540 20.940 -28.500 35.370 -.006
-.540 20.940 -28.500 35.370 -.006
-.300 20.100 -29.280 35.516 .063
-.300 20.100 -29.280 35.516 .063
-.180 19.080 -29.880 35.453 .015
-.180 19.080 -29.880 35.453 .015
.180 17.520 -30.180 34.897 .012
.180 17.520 -30.180 34.897 -.173
.120 16.560 -29.940 34.215 -.173
.120 16.560 -29.940 34.215 -.031
-.480 16.080 -30.180 34.200 -.031
-.480 16.080 -30.180 34.200 .025
-.780 15.780 -29.940 33.853 .025
-.780 15.780 -29.940 33.853 .136
-1.860 16.800 -29.700 34.173 .067
-1.860 16.800 -29.700 34.173 .067
-2.220 18.180 -29.580 34.791 -.257
-2.220 18.180 -29.580 34.791 -.257
-3.060 19.920 -29.520 35.744 .033
-3.060 19.920 -29.520 35.744 .033
-4.080 22.740 -29.880 37.770 .091
-4.080 22.740 -29.880 37.770 .091
-4.500 24.660 -30.360 39.371 .522
-4.500 24.660 -30.360 39.371 .138
-5.280 26.520 -31.200 41.287 .138
-5.280 26.520 -31.200 41.287 .211
-5.280 28.200 -31.680 42.740 .211
-5.280 28.200 -31.680 42.740 .190
-5.280 28.740 -33.060 44.123 .190
-5.280 28.740 -33.060 44.123 .169
-6.120 28.680 -34.860 45.555 .169
-6.120 28.680 -34.860 45.555 .163
-6.480 28.380 -37.200 47.236 .239
-6.480 28.380 -37.200 47.236 .239
-7.200 27.780 -40.440 49.588 .274
-7.200 27.780 -40.440 49.588 .274
-7.440 27.180 -43.200 51.579 .244
-7.440 27.180 -43.200 51.579 .244
-7.140 27.540 -46.560 54.564 .100
-7.140 27.540 -46.560 54.564 .100
-7.200 27.960 -49.620 57.409 .258
-7.200 27.960 -49.620 57.409 .061
-7.380 28.620 -52.260 60.039 .061
-7.380 28.620 -52.260 60.039 .133
-7.800 30.360 -54.120 62.542 .133
-7.800 30.360 -54.120 62.542 .265
-7.680 32.040 -54.600 63.771 .265
-7.680 32.040 -54.600 63.771 .148
-7.440 33.900 -54.240 64.394 .136
-7.440 33.900 -54.240 64.394 .136
-6.300 35.460 -52.800 63.914 -.001
-6.300 35.460 -52.800 63.914 -.001
-5.100 36.060 -50.880 62.571 .062
-5.100 36.060 -50.880 62.571 .062
-4.140 35.880 -48.240 60.263 .091
-4.140 35.880 -48.240 60.263 .091
-2.400 35.520 -45.480 57.757 .149
-2.400 35.520 -45.480 57.757 .124
-.840 34.380 -43.080 55.123 .124
-.840 34.380 -43.080 55.123 .034
1.320 33.540 -40.560 52.648 .034
1.320 33.540 -40.560 52.648 -.118
4.020 31.980 -38.280 50.042 -.118
4.020 31.980 -38.280 50.042 -.133
6.120 29.580 -36.120 47.086 -.287
6.120 29.580 -36.120 47.086 -.287
8.640 28.440 -33.780 44.995 -.317
8.640 28.440 -33.780 44.995 -.317
11.040 26.460 -31.320 42.461 -.420
11.040 26.460 -31.320 42.461 -.420
13.320 25.380 -29.340 41.017 -.370
13.320 25.380 -29.340 41.017 -.370
15.780 25.080 -26.760 39.926 -.462
15.780 25.080 -26.760 39.926 -.763
18.240 24.300 -24.120 38.794 -.763
18.240 24.300 -24.120 38.794 -.635
19.980 24.240 -22.560 38.675 -.635
19.980 24.240 -22.560 38.675 -.688
21.180 24.600 -20.760 38.532 -.688
21.180 24.600 -20.760 38.532 -.750
22.140 24.420 -19.980 38.545 -.750
22.140 24.420 -19.980 38.545 -.711
21.840 24.660 -20.100 38.589 -.719
21.840 24.660 -20.100 38.589 -.719
21.720 25.140 -19.440 38.493 -.771
21.720 25.140 -19.440 38.493 -.771
21.240 24.720 -19.260 37.857 -.765
21.240 24.720 -19.260 37.857 -.765
20.160 25.440 -18.900 37.561 -.732
20.160 25.440 -18.900 37.561 -.732
18.960 25.860 -17.340 36.454 -.655
18.960 25.860 -17.340 36.454 -.657
17.460 26.040 -16.140 35.262 -.657
17.460 26.040 -16.140 35.262 -.565
15.480 27.480 -14.640 34.772 -.565
15.480 27.480 -14.640 34.772 -.519
13.800 28.380 -12.720 34.024 -.519
13.800 28.380 -12.720 34.024 -.540
11.940 29.760 -11.340 34.012 -.540
11.940 29.760 -11.340 34.012 -.381
9.660 31.320 -10.260 34.344 -.305
9.660 31.320 -10.260 34.344 -.305
7.500 32.520 -9.300 34.645 -.212
7.500 32.520 -9.300 34.645 -.212
5.340 33.300 -8.520 34.785 -.141
5.340 33.300 -8.520 34.785 -.141
3.660 32.880 -8.340 34.118 -.157
3.660 32.880 -8.340 34.118 -.116
2.520 32.220 -8.400 33.392 -.116
2.520 32.220 -8.400 33.392 -.074
1.920 30.600 -9.180 32.005 -.074
1.920 30.600 -9.180 32.005 -.082
1.020 29.100 -10.440 30.933 -.082
1.020 29.100 -10.440 30.933 -.027
-.420 27.840 -11.880 30.272 -.027
-.420 27.840 -11.880 30.272 .025
-1.920 26.820 -13.380 30.034 .062
-1.920 26.820 -13.380 30.034 .062
-3.360 25.860 -14.340 29.760 .128
-3.360 25.860 -14.340 29.760 .128
-5.100 24.660 -15.360 29.497 .110
-5.100 24.660 -15.360 29.497 .110
-6.540 23.700 -15.660 29.150 .222
-6.540 23.700 -15.660 29.150 .222
-7.680 23.100 -16.080 29.175 .228
-7.680 23.100 -16.080 29.175 .385
-8.880 23.100 -15.660 29.287 .385
-8.880 23.100 -15.660 29.287 .342
-9.900 23.460 -14.880 29.492 .342
-9.900 23.460 -14.880 29.492 .383
-10.440 24.540 -14.400 30.308 .383
-10.440 24.540 -14.400 30.308 .446
-11.640 25.140 -12.600 30.435 .446
-11.640 25.140 -12.600 30.435 .460
-12.720 26.280 -11.880 31.521 .412
-12.720 26.280 -11.880 31.521 .412
-13.620 28.200 -10.800 33.127 .427
-13.620 28.200 -10.800 33.127 .427
-14.100 30.360 -9.360 34.758 .461
-14.100 30.360 -9.360 34.758 .461
-14.160 32.640 -8.880 36.671 .411
-14.400 34.860 -8.340 38.628 .401
-14.400 34.860 -8.340 38.628 .401
-14.400 34.860 -8.340 38.628 .294
-14.940 36.660 -8.160 40.420 .294
-14.940 36.660 -8.160 40.420 .374
-16.260 37.500 -8.460 41.740 .374
-16.260 37.500 -8.460 41.740 .405
-17.640 38.520 -9.300 43.376 .405
-17.640 38.520 -9.300 43.376 .432
-19.080 38.880 -10.380 44.536 .455
-19.080 38.880 -10.380 44.536 .455
-19.680 38.700 -11.880 45.013 .465
-19.380 38.760 -13.500 45.389 .465
-19.380 38.760 -13.500 45.389 .457
-19.560 37.740 -15.420 45.218 .457
-19.560 37.740 -15.420 45.218 .456
-19.380 36.480 -16.800 44.594 .456
-19.380 36.480 -16.800 44.594 .458
-18.780 35.040 -19.140 44.123 .522
-18.780 35.040 -19.140 44.123 .522
-18.300 33.240 -22.320 44.022 .482
-18.300 33.240 -22.320 44.022 .482
-16.620 31.740 -25.380 43.907 .498
-16.620 31.740 -25.380 43.907 .498
-14.640 31.140 -29.520 45.337 .548
-14.640 31.140 -29.520 45.337 .548
-13.140 30.660 -33.960 47.602 .426
-13.140 30.660 -33.960 47.602 .304
-11.940 31.620 -37.500 50.484 .304
-11.940 31.620 -37.500 50.484 .280
-10.800 33.840 -40.620 53.961 .280
-10.800 33.840 -40.620 53.961 .307
-9.180 35.940 -43.980 57.534 .307
-9.180 35.940 -43.980 57.534 .230
-7.380 39.660 -45.000 60.435 .173
-7.380 39.660 -45.000 60.435 .173
-5.100 42.180 -45.900 62.546 -.033
-5.100 42.180 -45.900 62.546 -.033
-3.900 44.400 -46.200 64.195 .092
-3.900 44.400 -46.200 64.195 .092
-3.600 46.560 -44.580 64.561 .058
-3.600 46.560 -44.580 64.561 .058
-3.540 47.100 -42.720 63.686 .163
-3.540 47.100 -42.720 63.686 .107
-4.860 47.040 -40.920 62.537 .107
-4.860 47.040 -40.920 62.537 .118
-6.240 46.260 -38.640 60.597 .118
-6.240 46.260 -38.640 60.597 .134
-8.400 44.040 -37.620 58.526 .134
-8.400 44.040 -37.620 58.526 .170
-10.800 41.760 -37.080 56.881 .170
-10.800 41.760 -37.080 56.881 .216
-12.600 39.660 -36.240 55.182 .323
-12.600 39.660 -36.240 55.182 .323
-13.800 37.260 -35.340 53.176 .275
-13.800 37.260 -35.340 53.176 .275
-13.980 35.220 -33.840 50.804 .349
-13.980 35.220 -33.840 50.804 .349
-14.220 33.300 -32.280 48.509 .303
-14.220 33.300 -32.280 48.509 .303
-14.040 31.560 -30.060 45.790 .380
-14.040 31.560 -30.060 45.790 .391
-13.980 29.940 -28.500 43.636 .391
-13.980 29.940 -28.500 43.636 .423
-14.160 28.800 -26.400 41.556 .423
-14.160 28.800 -26.400 41.556 .513
-14.040 27.960 -23.940 39.396 .513
-14.040 27.960 -23.940 39.396 .418
-13.800 27.360 -22.260 37.875 .446
-13.800 27.360 -22.260 37.875 .446
-13.560 27.480 -20.040 36.615 .215
-13.560 27.480 -20.040 36.615 .215
-13.500 27.300 -18.240 35.500 .416
-13.500 27.300 -18.240 35.500 .416
-13.800 27.480 -16.620 34.954 .385
-13.800 27.480 -16.620 34.954 .385
-13.860 27.840 -15.240 34.633 .531
-13.860 27.840 -15.240 34.633 .452
-14.580 28.140 -14.400 34.811 .452
-14.580 28.140 -14.400 34.811 .462
-14.880 28.860 -13.740 35.258 .462
-14.880 28.860 -13.740 35.258 .515
-15.360 29.460 -13.980 36.045 .515
-15.360 29.460 -13.980 36.045 .491
-16.860 29.580 -14.820 37.133 .472
-16.860 29.580 -14.820 37.133 .472
-18.000 29.400 -15.720 37.888 .528
-18.000 29.400 -15.720 37.888 .528
-19.080 29.040 -17.460 38.887 .622
-19.080 29.040 -17.460 38.887 .622
-20.280 28.140 -19.020 39.559 .544
-20.280 28.140 -19.020 39.559 .544
-20.520 27.660 -19.620 39.637 .583
-20.520 27.660 -19.620 39.637 .589
-21.120 26.760 -20.040 39.544 .589
-21.120 26.760 -20.040 39.544 .619
-22.020 25.380 -19.620 38.910 .619
-22.020 25.380 -19.620 38.910 .724
-22.500 24.600 -17.940 37.858 .724
-22.500 24.600 -17.940 37.858 .774
-23.280 23.580 -15.720 36.676 .774
-23.280 23.580 -15.720 36.676 .756
-23.580 23.220 -13.500 35.741 .765
-23.580 23.220 -13.500 35.741 .765
-23.700 23.340 -11.400 35.163 .823
-23.700 23.340 -11.400 35.163 .823
-24.360 23.280 -9.840 35.103 .773
-24.360 23.280 -9.840 35.103 .773
-24.600 23.700 -8.940 35.310 .775
-24.600 23.700 -8.940 35.310 .775
-24.960 24.240 -8.520 35.821 .839
-24.960 24.240 -8.520 35.821 .807
-24.540 25.380 -8.400 36.289 .807
-24.540 25.380 -8.400 36.289 .756
-23.700 26.580 -9.360 36.821 .756
-23.700 26.580 -9.360 36.821 .694
-23.220 27.240 -11.100 37.475 .694
-23.220 27.240 -11.100 37.475 .711
-22.200 27.840 -12.600 37.771 .711
-22.200 27.840 -12.600 37.771 .637
-21.660 27.480 -14.040 37.702 .632
-21.660 27.480 -14.040 37.702 .632
-20.640 27.300 -15.360 37.513 .648
-20.640 27.300 -15.360 37.513 .648
-19.320 26.940 -16.680 37.111 .569
-19.320 26.940 -16.680 37.111 .569
-17.880 26.760 -16.860 36.333 .606
-17.880 26.760 -16.860 36.333 .493
-15.960 27.000 -16.980 35.666 .493
-15.960 27.000 -16.980 35.666 .447
-14.220 27.420 -16.680 35.104 .447
-14.220 27.420 -16.680 35.104 .443
-12.660 28.080 -15.540 34.500 .443
-12.660 28.080 -15.540 34.500 .485
-11.400 29.040 -14.640 34.462 .485
-11.400 29.040 -14.640 34.462 .376
-10.200 30.180 -13.920 34.765 .327
-10.200 30.180 -13.920 34.765 .327
-8.820 31.620 -12.900 35.271 .278
-8.820 31.620 -12.900 35.271 .278
-7.200 33.540 -12.540 36.524 .212
-7.200 33.540 -12.540 36.524 .212
-5.640 34.800 -13.620 37.794 .138
-5.640 34.800 -13.620 37.794 .138
-4.560 36.540 -14.760 39.671 .162
-4.560 36.540 -14.760 39.671 .109
-3.660 37.620 -17.220 41.535 .109
-3.660 37.620 -17.220 41.535 .108
-3.240 37.920 -20.220 43.096 .108
-3.240 37.920 -20.220 43.096 .092
-3.000 38.220 -22.920 44.666 .092
-3.000 38.220 -22.920 44.666 -.059
-2.880 37.740 -26.040 45.942 .016
-4.140 36.240 -28.980 46.587 .016
-4.140 36.240 -28.980 46.587 .067
-4.140 36.240 -28.980 46.587 .067
-5.700 34.800 -31.560 47.324 .234
-5.700 34.800 -31.560 47.324 .234
-7.200 33.360 -33.840 48.061 .168
-7.200 33.360 -33.840 48.061 .168
-8.580 30.960 -35.520 47.894 .217
-9.300 29.700 -35.940 47.542 .335
-9.300 29.700 -35.940 47.542 .335
-9.900 28.200 -36.120 46.882 .307
-9.900 28.200 -36.120 46.882 .307
-10.680 26.400 -36.480 46.280 .230
-10.680 26.400 -36.480 46.280 .230
-11.040 25.800 -36.240 45.835 .219
-11.040 25.800 -36.240 45.835 .219
-10.680 25.500 -36.660 45.916 .469
-10.680 25.500 -36.660 45.916 .334
-9.720 25.680 -37.140 46.188 .334
-9.720 25.680 -37.140 46.188 .354
-8.700 26.160 -37.860 46.834 .354
-8.700 26.160 -37.860 46.834 .032
-8.520 25.920 -39.840 48.287 .032
-8.520 25.920 -39.840 48.287 .326
-8.340 25.140 -41.880 49.553 .219
-8.340 25.140 -41.880 49.553 .219
-8.280 24.060 -44.400 51.174 .576
-8.280 24.060 -44.400 51.174 .576
-7.260 21.660 -46.740 52.024 .222
-7.260 21.660 -46.740 52.024 .222
-6.540 19.620 -48.120 52.376 .277
-6.540 19.620 -48.120 52.376 .277
-6.300 17.160 -48.960 52.261 .679
-6.300 17.160 -48.960 52.261 .326
-6.300 13.860 -48.060 50.414 .326
-6.300 13.860 -48.060 50.414 .143
-7.260 12.540 -45.780 48.018 .143
-7.260 12.540 -45.780 48.018 .115
-7.680 12.060 -43.140 45.448 .115
-7.680 12.060 -43.140 45.448 .845
-7.800 12.840 -40.080 42.803 .845
-7.800 12.840 -40.080 42.803 .401
-7.560 15.600 -37.500 41.313 .339
-7.560 15.600 -37.500 41.313 .339
-7.020 18.720 -35.820 41.022 .478
-7.020 18.720 -35.820 41.022 .478
-6.420 22.080 -34.800 41.711 .262
-6.420 22.080 -34.800 41.711 .262
-5.880 25.680 -34.320 43.265 .184
-5.880 25.680 -34.320 43.265 .436
-5.100 28.500 -34.620 45.131 .436
-5.100 28.500 -34.620 45.131 .152
-3.900 30.600 -35.940 47.363 .152
-3.900 30.600 -35.940 47.363 .133
-3.120 32.160 -37.440 49.455 .133
-3.120 32.160 -37.440 49.455 .122
-1.980 32.700 -39.780 51.533 .122
-1.980 32.700 -39.780 51.533 .037
-1.620 32.460 -42.300 53.344 -.016
-1.620 32.460 -42.300 53.344 -.016
-1.380 32.160 -43.980 54.501 .002
-1.380 32.160 -43.980 54.501 .002
-1.080 30.780 -45.780 55.176 .133
-1.080 30.780 -45.780 55.176 .133
-1.560 28.680 -46.860 54.962 .032
-1.560 28.680 -46.860 54.962 .032
-2.100 26.820 -47.460 54.554 -.060
-2.100 26.820 -47.460 54.554 .037
-3.720 24.420 -47.040 53.131 .037
-3.720 24.420 -47.040 53.131 -.011
-5.640 22.260 -46.080 51.485 -.011
-5.640 22.260 -46.080 51.485 .198
-7.200 20.580 -43.800 48.927 .198
-7.200 20.580 -43.800 48.927 .301
-9.060 19.980 -40.800 46.324 .292
-9.060 19.980 -40.800 46.324 .378
-9.840 19.800 -38.640 44.519 .378
-9.840 19.800 -38.640 44.519 .369
-10.620 20.820 -35.520 42.520 .369
-10.620 20.820 -35.520 42.520 .436
-12.120 22.740 -33.180 42.011 .436
-12.120 22.740 -33.180 42.011 .320
-13.020 24.720 -31.980 42.466 .320
-13.020 24.720 -31.980 42.466 .445
-15.000 26.700 -30.000 42.871 .445
-15.000 26.700 -30.000 42.871 .528
-16.680 28.560 -29.640 44.412 .433
-16.680 28.560 -29.640 44.412 .433
-17.700 29.700 -29.520 45.462 .478
-17.700 29.700 -29.520 45.462 .478
-18.720 30.720 -28.140 45.673 .421
-18.720 30.720 -28.140 45.673 .421
-18.960 31.860 -27.840 46.364 .488
-18.960 31.860 -27.840 46.364 .502
-18.960 32.580 -26.340 45.986 .502
-18.960 32.580 -26.340 45.986 .592
-18.600 33.420 -24.300 45.314 .592
-18.600 33.420 -24.300 45.314 .509
-17.880 33.840 -22.560 44.427 .509
-17.880 33.840 -22.560 44.427 .464
-16.440 34.260 -19.620 42.766 .464
-16.440 34.260 -19.620 42.766 .425
-15.240 35.220 -16.980 41.965 .426
-15.240 35.220 -16.980 41.965 .426
-13.500 36.540 -14.760 41.657 .332
-13.500 36.540 -14.760 41.657 .332
-11.640 38.220 -12.780 41.947 .269
-11.640 38.220 -12.780 41.947 .269
-9.660 40.320 -12.120 43.196 .322
-9.660 40.320 -12.120 43.196 .244
-6.900 41.820 -12.360 44.151 .244
-6.900 41.820 -12.360 44.151 .152
-3.900 43.080 -14.040 45.478 .152
-3.900 43.080 -14.040 45.478 .050
-1.260 43.380 -17.280 46.712 .050
-1.260 43.380 -17.280 46.712 .002
1.020 43.260 -21.060 48.125 .002
1.020 43.260 -21.060 48.125 -.017
2.640 43.140 -25.860 50.366 .103
2.640 43.140 -25.860 50.366 .103
4.260 42.480 -30.600 52.527 -.094
4.260 42.480 -30.600 52.527 -.094
6.120 41.040 -35.160 54.387 -.127
6.120 41.040 -35.160 54.387 -.127
7.920 38.640 -39.600 55.892 -.229
7.920 38.640 -39.600 55.892 -.229
10.140 34.980 -43.200 56.504 -.168
10.140 34.980 -43.200 56.504 -.272
11.100 30.600 -45.780 56.173 -.272
11.100 30.600 -45.780 56.173 -.544
11.940 27.660 -47.940 56.621 -.544
11.940 27.660 -47.940 56.621 -.384
13.080 24.840 -49.200 56.646 -.384
13.080 24.840 -49.200 56.646 -.389
13.980 23.520 -49.980 56.979 -.389
13.980 23.520 -49.980 56.979 -.540
15.240 22.980 -50.520 57.555 -.589
15.240 22.980 -50.520 57.555 -.589
16.320 22.920 -50.160 57.513 -.587
16.320 22.920 -50.160 57.513 -.587
16.320 24.720 -49.740 57.892 -.496
16.320 24.720 -49.740 57.892 -.496
16.620 26.820 -49.260 58.499 -.498
16.620 26.820 -49.260 58.499 -.498
17.280 29.040 -48.900 59.440 -.458
17.280 29.040 -48.900 59.440 -.535
17.520 30.720 -48.360 59.911 -.535
17.520 30.720 -48.360 59.911 -.634
18.180 30.660 -47.940 59.739 -.634
18.180 30.660 -47.940 59.739 -.539
18.120 29.760 -47.040 58.538 -.539
18.120 29.760 -47.040 58.538 -.468
17.640 29.700 -45.780 57.350 -.385
17.640 29.700 -45.780 57.350 -.385
17.280 29.160 -43.740 55.336 -.414
17.280 29.160 -43.740 55.336 -.414
16.980 29.520 -41.040 53.329 -.426
16.980 29.520 -41.040 53.329 -.426
16.860 30.840 -37.920 51.704 -.592
16.860 30.840 -37.920 51.704 -.592
16.740 31.380 -35.040 49.927 -.422
16.260 33.660 -33.420 50.143 -.455
16.260 33.660 -33.420 50.143 -.455
15.540 36.240 -32.340 50.997 -.567
15.540 36.240 -32.340 50.997 -.567
14.160 39.240 -31.860 52.491 -.355
14.160 39.240 -31.860 52.491 -.355
12.360 42.480 -32.640 54.979 -.317
12.360 42.480 -32.640 54.979 -.317
10.980 44.760 -33.480 56.964 -.255
10.980 44.760 -33.480 56.964 -.434
8.940 45.900 -35.460 58.687 -.434
8.940 45.900 -35.460 58.687 -.230
6.600 45.600 -39.120 60.442 -.230
6.600 45.600 -39.120 60.442 -.174
4.200 44.700 -42.060 61.521 -.174
4.200 44.700 -42.060 61.521 -.113
1.140 42.780 -45.480 62.449 -.113
1.140 42.780 -45.480 62.449 -.047
-1.080 39.660 -47.940 62.228 -.052
-1.080 39.660 -47.940 62.228 -.052
-2.460 35.880 -49.140 60.895 .004
-2.460 35.880 -49.140 60.895 .004
-3.840 31.320 -49.500 58.702 .062
-3.840 31.320 -49.500 58.702 .062
-4.920 26.640 -48.420 55.483 .021
-4.920 26.640 -48.420 55.483 .114
-5.220 23.640 -46.560 52.478 .114
-5.220 23.640 -46.560 52.478 .239
-5.760 20.520 -44.100 48.980 .239
-5.760 20.520 -44.100 48.980 .324
-5.700 19.140 -41.340 45.911 .324
-5.700 19.140 -41.340 45.911 .099
-4.680 18.840 -38.220 42.867 .099
-4.680 18.840 -38.220 42.867 .083
-4.200 18.540 -36.060 40.764 .144
-4.200 18.540 -36.060 40.764 .144
-3.360 20.100 -33.960 39.605 .236
-3.360 20.100 -33.960 39.605 .236
-2.340 21.720 -32.460 39.127 .287
-2.340 21.720 -32.460 39.127 .287
-1.680 23.160 -32.820 40.204 .043
-1.680 23.160 -32.820 40.204 .043
-.900 24.960 -33.480 41.770 .040
-.900 24.960 -33.480 41.770 -.232
.360 25.740 -34.800 43.286 -.232
.360 25.740 -34.800 43.286 -.027
.960 25.680 -36.240 44.427 -.027
.960 25.680 -36.240 44.427 -.038
1.620 25.440 -36.960 44.898 -.038
1.620 25.440 -36.960 44.898 .095
2.760 24.240 -37.260 44.537 -.037
2.760 24.240 -37.260 44.537 -.037
3.840 22.680 -37.140 43.686 -.132
3.840 22.680 -37.140 43.686 -.132
5.520 21.360 -37.140 43.198 -.250
5.520 21.360 -37.140 43.198 -.250
7.200 20.220 -36.660 42.481 -.216
7.200 20.220 -36.660 42.481 -.216
7.920 18.900 -35.940 41.372 -.341
7.920 18.900 -35.940 41.372 -.235
8.220 18.060 -34.920 40.164 -.235
8.220 18.060 -34.920 40.164 -.424
8.280 16.560 -33.600 38.363 -.424
8.280 16.560 -33.600 38.363 -.347
8.760 14.940 -33.060 37.322 -.347
8.760 14.940 -33.060 37.322 -.454
8.880 13.920 -32.280 36.258 -.454
8.880 13.920 -32.280 36.258 -.695
8.580 12.480 -31.500 34.952 -.523
8.580 12.480 -31.500 34.952 -.523
8.040 12.240 -30.060 33.437 -.494
8.040 12.240 -30.060 33.437 -.494
6.840 12.120 -27.720 31.017 -.545
6.840 12.120 -27.720 31.017 -.545
6.480 12.660 -25.260 28.989 -.458
6.480 12.660 -25.260 28.989 -.458
6.180 14.100 -22.380 27.164 -.347
6.180 14.100 -22.380 27.164 -.633
5.820 15.780 -20.100 26.209 -.633
5.820 15.780 -20.100 26.209 -.304
5.100 18.180 -18.480 26.420 -.304
5.100 18.180 -18.480 26.420 -.255
4.080 21.060 -16.920 27.321 -.255
4.080 21.060 -16.920 27.321 -.191
2.760 24.180 -16.140 29.203 -.096
2.760 24.180 -16.140 29.203 -.096
1.560 27.540 -16.320 32.050 -.037
1.560 27.540 -16.320 32.050 -.037
.840 30.600 -16.680 34.861 -.076
.840 30.600 -16.680 34.861 -.076
.060 33.000 -18.420 37.793 -.045
.060 33.000 -18.420 37.793 -.045
-.960 34.800 -20.940 40.626 -.059
-.960 34.800 -20.940 40.626 .022
-2.040 36.300 -23.580 43.334 .022
-2.040 36.300 -23.580 43.334 .051
-3.660 36.420 -26.880 45.413 .051
-3.660 36.420 -26.880 45.413 .089
-5.280 36.000 -30.420 47.426 .089
-5.280 36.000 -30.420 47.426 .121
-6.840 35.160 -33.600 49.112 .121
-6.840 35.160 -33.600 49.112 -.146
-9.000 33.180 -36.060 49.822 .195
-9.000 33.180 -36.060 49.822 .195
-10.860 31.320 -37.500 50.051 .231
-10.860 31.320 -37.500 50.051 .231
-12.600 29.520 -37.680 49.497 .569
-12.600 29.520 -37.680 49.497 .569
-13.860 27.540 -36.900 48.085 .339
-13.860 27.540 -36.900 48.085 .339
-13.740 26.280 -36.180 46.781 .395
-13.740 26.280 -36.180 46.781 .597
-13.380 25.320 -34.380 44.745 .597
-13.380 25.320 -34.380 44.745 .540
-12.840 24.660 -32.580 42.830 .540
-12.840 24.660 -32.580 42.830 .316
-11.940 24.600 -31.020 41.352 .316
-11.940 24.600 -31.020 41.352 .360
-11.280 24.480 -29.880 40.241 .526
-11.280 24.480 -29.880 40.241 .526
-9.900 25.080 -30.000 40.336 .329
-9.900 25.080 -30.000 40.336 .329
-7.920 25.680 -30.840 40.906 .280
-7.920 25.680 -30.840 40.906 .280
-6.240 25.740 -32.220 41.709 -.254
-6.240 25.740 -32.220 41.709 -.254
-4.680 25.080 -34.080 42.572 .127
-4.680 25.080 -34.080 42.572 .060
-3.420 24.300 -36.180 43.717 .060
-3.420 24.300 -36.180 43.717 .328
-2.460 23.580 -38.220 44.976 .328
-2.460 23.580 -38.220 44.976 .071
-1.080 22.980 -40.740 46.787 .071
-1.080 22.980 -40.740 46.787 .089
.240 23.700 -42.240 48.435 .089
.240 23.700 -42.240 48.435 .109
1.140 23.520 -43.440 49.412 -.041
1.140 23.520 -43.440 49.412 -.041
1.740 23.820 -44.100 50.152 -.093
1.740 23.820 -44.100 50.152 -.093
1.800 24.840 -43.260 49.917 -.203
1.800 24.840 -43.260 49.917 -.203
1.620 25.200 -42.240 49.213 .014
1.620 25.200 -42.240 49.213 -.020
1.800 26.160 -40.140 47.946 -.020
1.800 26.160 -40.140 47.946 -.079
2.040 27.300 -37.920 46.769 -.079
2.040 27.300 -37.920 46.769 -.274
1.920 27.900 -36.540 46.014 -.274
1.920 27.900 -36.540 46.014 -.105
1.020 28.860 -35.340 45.638 -.105
1.020 28.860 -35.340 45.638 .014
-.060 30.120 -35.460 46.526 .133
-.060 30.120 -35.460 46.526 .133
-.900 31.140 -36.300 47.835 .024
-.900 31.140 -36.300 47.835 .024
-1.440 31.620 -37.620 49.165 .020
-1.440 31.620 -37.620 49.165 .020
-.900 31.740 -39.600 50.758 -.009
-.900 31.740 -39.600 50.758 -.009
-.780 31.200 -41.580 51.990 .003
-.780 31.200 -41.580 51.990 .039
-1.260 29.640 -43.380 52.554 .039
-1.260 29.640 -43.380 52.554 .015
-1.620 28.560 -45.660 53.881 .015
-1.620 28.560 -45.660 53.881 .098
-2.400 27.480 -47.700 55.102 .098
-2.400 27.480 -47.700 55.102 .076
-3.240 26.400 -49.140 55.877 .076
-3.600 26.700 -50.160 56.937 -.007
-3.600 26.700 -50.160 56.937 .163
-4.980 26.040 -51.240 57.692 .163
-4.980 26.040 -51.240 57.692 .076
-6.420 25.680 -51.240 57.673 .076
-6.420 25.680 -51.240 57.673 .282
-7.800 25.860 -51.420 58.083 .282
-7.800 25.860 -51.420 58.083 .329
-9.720 24.480 -52.020 58.308 .329
-9.720 24.480 -52.020 58.308 .285
-10.680 24.660 -51.720 58.285 .399
-10.680 24.660 -51.720 58.285 .399
-12.240 23.880 -51.540 58.107 -.148
-12.240 23.880 -51.540 58.107 -.148
-13.800 22.680 -51.600 58.029 .314
-13.800 22.680 -51.600 58.029 .314
-15.420 22.140 -50.580 57.326 .405
-15.420 22.140 -50.580 57.326 .918
-17.520 21.480 -49.260 56.523 .918
-17.520 21.480 -49.260 56.523 .632
-19.200 21.660 -47.160 55.334 .632
-19.200 21.660 -47.160 55.334 .631
-20.940 22.440 -44.220 53.828 .631
-20.940 22.440 -44.220 53.828 .885
-23.040 23.700 -41.340 52.929 .885
-23.040 23.700 -41.340 52.929 .749
-24.480 24.960 -37.740 51.445 .674
-24.480 24.960 -37.740 51.445 .674
-25.800 26.700 -34.500 50.683 .759
-25.800 26.700 -34.500 50.683 .759
-27.240 28.680 -31.260 50.416 .878
-27.240 28.680 -31.260 50.416 .878
-28.080 30.300 -28.440 50.154 .739
-28.080 30.300 -28.440 50.154 .739
-29.100 31.920 -25.560 50.190 .679
-29.100 31.920 -25.560 50.190 .724
-30.420 32.160 -23.160 49.960 .724
-30.420 32.160 -23.160 49.960 .668
-31.020 31.920 -20.820 49.139 .668
-31.020 31.920 -20.820 49.139 .771
-31.800 31.380 -18.360 48.301 .771
-31.800 31.380 -18.360 48.301 .837
-32.340 30.480 -16.500 47.404 .837
-32.340 30.480 -16.500 47.404 .768
-32.040 30.540 -13.860 46.383 .779
-32.040 30.540 -13.860 46.383 .779
-31.200 30.300 -10.980 44.856 .815
-31.200 30.300 -10.980 44.856 .815
-29.340 30.960 -8.820 43.556 .780
-29.340 30.960 -8.820 43.556 .780
-27.480 31.500 -6.180 42.256 .737
-27.480 31.500 -6.180 42.256 .735
-25.560 32.340 -4.380 41.453 .735
-25.560 32.340 -4.380 41.453 .664
-22.860 33.720 -4.440 40.980 .664
-22.860 33.720 -4.440 40.980 .592
-19.920 35.400 -4.080 40.824 .592
-19.920 35.400 -4.080 40.824 .517
-16.200 37.320 -5.640 41.073 .517
-16.200 37.320 -5.640 41.073 .417
-12.120 37.440 -8.940 40.356 .281
-12.120 37.440 -8.940 40.356 .281
-8.940 36.960 -11.520 39.733 .218
-8.940 36.960 -11.520 39.733 .218
-6.360 35.220 -16.440 39.385 .234
-6.360 35.220 -16.440 39.385 .234
-4.080 32.880 -21.180 39.323 .187
-4.080 32.880 -21.180 39.323 .187
-2.580 31.080 -25.620 40.361 .105
-2.580 31.080 -25.620 40.361 -.163
-1.680 28.980 -30.900 42.397 -.163
-1.680 28.980 -30.900 42.397 .029
-1.260 26.760 -34.560 43.727 .029
-1.260 26.760 -34.560 43.727 .049
-1.440 24.900 -38.100 45.538 .049
-1.440 24.900 -38.100 45.538 .194
-1.800 22.620 -41.160 47.001 .194
-1.800 22.620 -41.160 47.001 -.035
-1.920 20.700 -43.200 47.942 .168
-1.920 20.700 -43.200 47.942 .168
-2.040 19.440 -44.640 48.732 .091
-2.040 19.440 -44.640 48.732 .091
-2.400 18.300 -45.480 49.082 .307
-2.400 18.300 -45.480 49.082 .307
-2.820 18.300 -45.060 48.716 .003
-2.820 18.300 -45.060 48.716 .196
-2.940 18.720 -44.820 48.661 .196
-2.940 18.720 -44.820 48.661 .270
-2.940 19.680 -44.700 48.929 .270
-2.940 19.680 -44.700 48.929 .075
-2.460 21.180 -44.400 49.254 .075
-2.460 21.180 -44.400 49.254 -.084
