X Y Z F A
-10.740 9.360 35.940 38.661 .000
-11.040 9.360 36.180 38.968 .927
-11.040 9.360 36.180 38.968 .962
-11.280 9.660 36.300 39.220 .962
-11.280 9.660 36.300 39.220 1.013
-11.280 9.600 36.060 38.984 1.013
-11.280 9.600 36.060 38.984 1.069
-11.520 9.720 36.600 39.582 1.069
-11.520 9.720 36.600 39.582 1.250
-11.340 9.900 36.180 39.187 1.250
-11.340 9.900 36.180 39.187 1.454
-11.100 10.020 36.120 39.093 1.410
-11.100 10.020 36.120 39.093 1.410
-11.160 10.620 35.940 39.103 1.112
-11.160 10.620 35.940 39.103 1.112
-10.980 10.860 34.680 37.963 .751
-10.980 10.860 34.680 37.963 .751
-10.200 10.500 33.420 36.485 1.060
-10.200 10.500 33.420 36.485 1.060
-9.360 9.720 31.860 34.600 1.249
-9.360 9.720 31.860 34.600 .620
-7.800 8.400 30.060 32.171 .620
-7.800 8.400 30.060 32.171 1.308
-6.300 6.660 28.260 29.710 1.308
-6.300 6.660 28.260 29.710 1.291
-5.580 5.100 26.460 27.519 1.291
-5.580 5.100 26.460 27.519 1.606
-5.040 3.600 24.240 25.019 1.281
-5.040 3.600 24.240 25.019 1.281
-4.920 2.580 22.020 22.710 1.858
-4.920 2.580 22.020 22.710 1.858
-4.500 2.880 19.560 20.277 1.773
-4.500 2.880 19.560 20.277 1.773
-3.960 4.140 17.040 17.977 .622
-3.960 4.140 17.040 17.977 .622
-3.600 6.180 14.040 15.757 1.360
-3.600 6.180 14.040 15.757 .692
-3.960 9.600 11.220 15.288 .616
-3.960 9.600 11.220 15.288 .577
-4.980 12.000 9.240 15.943 .577
-4.980 12.000 9.240 15.943 .527
-7.140 13.860 8.040 17.542 .527
-7.140 13.860 8.040 17.542 .485
-8.820 14.880 8.520 19.282 .485
-8.820 14.880 8.520 19.282 .524
-10.680 13.620 9.780 19.880 .755
-10.680 13.620 9.780 19.880 .755
-12.960 12.120 11.400 21.091 .875
-12.960 12.120 11.400 21.091 .875
-14.580 9.960 13.080 21.974 1.108
-14.580 9.960 13.080 21.974 1.108
-16.560 7.200 14.820 23.360 1.172
-16.560 7.200 14.820 23.360 1.172
-18.420 4.860 16.620 25.281 1.309
-18.420 4.860 16.620 25.281 1.302
-19.740 2.640 19.020 27.539 1.302
-19.740 2.640 19.020 27.539 1.593
-21.540 1.380 22.260 31.006 1.593
-21.540 1.380 22.260 31.006 1.807
-24.240 1.140 25.320 35.071 1.807
-24.240 1.140 25.320 35.071 1.533
-26.280 1.380 28.200 38.572 1.533
-26.280 1.380 28.200 38.572 1.625
-28.260 1.740 30.660 41.734 1.642
-28.260 1.740 30.660 41.734 1.642
-29.580 1.680 31.740 43.419 1.451
-29.580 1.680 31.740 43.419 1.451
-29.580 1.380 31.740 43.409 1.732
-29.580 1.380 31.740 43.409 1.732
-29.820 .840 31.260 43.210 1.725
-29.820 .840 31.260 43.210 1.725
-29.880 .180 28.560 41.334 1.481
-29.880 .180 28.560 41.334 1.649
-28.320 -.360 25.980 38.433 1.649
-28.320 -.360 25.980 38.433 1.666
-26.280 -.840 23.880 35.519 1.666
-26.280 -.840 23.880 35.519 1.613
-23.400 -.540 21.540 31.809 1.746
-23.400 -.540 21.540 31.809 1.746
-20.400 -.120 21.180 29.407 1.788
-20.400 -.120 21.180 29.407 1.788
-18.300 .600 20.880 27.771 1.475
-18.300 .600 20.880 27.771 1.475
-16.200 1.680 20.760 26.386 1.597
-16.200 1.680 20.760 26.386 1.597
-14.640 2.460 20.940 25.668 1.598
-14.640 2.460 20.940 25.668 1.598
-12.240 4.020 20.160 23.925 1.426
-12.240 4.020 20.160 23.925 1.568
-10.080 5.520 19.620 22.738 1.423
-10.080 5.520 19.620 22.738 1.344
-8.940 6.600 18.600 21.667 1.344
-8.940 6.600 18.600 21.667 1.449
-7.440 8.100 17.400 20.585 1.449
-7.440 8.100 17.400 20.585 .841
-6.720 8.820 16.740 20.079 .841
-6.720 8.820 16.740 20.079 .947
-6.240 9.420 16.320 19.850 .903
-6.240 9.420 16.320 19.850 .903
-4.380 10.680 15.960 19.697 .313
-4.380 10.680 15.960 19.697 .313
-2.580 10.980 16.140 19.691 .396
-2.580 10.980 16.140 19.691 .396
-.780 11.700 15.660 19.564 .176
-.780 11.700 15.660 19.564 .176
1.920 12.060 14.340 18.835 .296
1.920 12.060 14.340 18.835 -.043
3.900 12.000 12.780 17.959 -.043
3.900 12.000 12.780 17.959 -.356
6.060 12.840 10.260 17.517 -.356
6.060 12.840 10.260 17.517 -.559
9.780 12.660 7.140 17.519 -.559
9.780 12.660 7.140 17.519 -.682
12.480 12.180 3.960 17.883 -.682
12.480 12.180 3.960 17.883 -.811
15.240 11.640 .120 19.177 -.925
15.240 11.640 .120 19.177 -.925
18.240 10.440 -4.140 21.420 -1.044
18.240 10.440 -4.140 21.420 -1.044
20.040 9.540 -7.740 23.506 -1.100
20.040 9.540 -7.740 23.506 -1.100
22.560 7.920 -11.880 26.699 -1.188
22.560 7.920 -11.880 26.699 -1.188
24.660 4.980 -14.520 29.047 -1.203
24.660 4.980 -14.520 29.047 -1.329
25.140 1.380 -16.500 30.103 -1.329
25.140 1.380 -16.500 30.103 -1.496
25.140 -3.420 -17.280 30.697 -1.496
25.140 -3.420 -17.280 30.697 -1.584
24.000 -7.740 -15.120 29.403 -1.584
24.000 -7.740 -15.120 29.403 -1.815
22.260 -11.100 -13.380 28.244 -2.064
22.260 -11.100 -13.380 28.244 -2.092
20.340 -14.340 -9.540 26.653 -2.133
20.340 -14.340 -9.540 26.653 -2.133
16.920 -16.620 -5.460 24.338 -2.350
16.920 -16.620 -5.460 24.338 -2.350
14.580 -17.400 -1.980 22.787 -2.441
14.580 -17.400 -1.980 22.787 -2.441
12.360 -18.000 2.460 21.973 -2.554
12.360 -18.000 2.460 21.973 -2.547
10.560 -17.460 5.520 21.138 -2.547
10.560 -17.460 5.520 21.138 -2.566
9.240 -15.960 8.160 20.166 -2.566
9.240 -15.960 8.160 20.166 -2.665
14.280 -14.820 19.800 28.559 -2.665
14.280 -14.820 19.800 28.559 -2.353
12.060 -12.420 20.400 26.756 -2.353
12.060 -12.420 20.400 26.756 -2.655
12.360 -10.260 24.300 29.129 -2.430
12.360 -10.260 24.300 29.129 -2.430
12.480 -8.460 23.160 27.635 -2.130
12.480 -8.460 23.160 27.635 -2.130
12.960 -6.120 22.500 26.677 -1.940
12.960 -6.120 22.500 26.677 -1.940
13.680 -4.620 22.260 26.533 -2.072
13.680 -4.620 22.260 26.533 -2.072
14.040 -3.480 21.960 26.296 -1.838
14.040 -3.480 21.960 26.296 -1.900
14.040 -1.800 23.220 27.194 -1.900
14.040 -1.800 23.220 27.194 -1.910
13.860 -1.020 25.020 28.621 -1.910
13.860 -1.020 25.020 28.621 -1.698
13.680 -.120 26.700 30.001 -1.698
13.680 -.120 26.700 30.001 -1.634
14.400 .780 29.220 32.585 -1.634
14.400 .780 29.220 32.585 -1.779
14.640 .780 31.980 35.180 -1.735
14.640 .780 31.980 35.180 -1.735
14.760 1.500 33.480 36.620 -1.096
14.760 1.500 33.480 36.620 -1.096
15.240 1.740 35.520 38.691 -1.871
15.240 1.740 35.520 38.691 -1.871
15.000 2.100 37.260 40.221 -1.582
15.000 2.100 37.260 40.221 -1.582
15.060 3.120 38.820 41.756 -1.237
15.060 3.120 38.820 41.756 -1.774
15.420 3.480 40.620 43.588 -1.774
15.420 3.480 40.620 43.588 -1.655
14.580 4.560 42.120 44.805 -1.655
14.580 4.560 42.120 44.805 -1.153
14.700 5.460 43.260 46.014 -1.153
14.820 6.480 43.860 46.747 -1.576
14.820 6.480 43.860 46.747 -1.326
14.820 6.480 43.860 46.747 -1.326
14.820 7.080 44.040 47.003 -1.047
16.260 6.960 43.860 47.292 -1.047
16.260 6.960 43.860 47.292 -1.473
16.620 6.720 42.600 46.218 -1.473
16.620 6.720 42.600 46.218 -1.570
17.040 6.240 41.160 44.983 -1.570
17.040 6.240 41.160 44.983 -.948
17.340 5.580 40.140 44.080 -1.469
17.340 5.580 40.140 44.080 -1.469
17.160 4.560 39.120 42.961 -1.455
17.160 4.560 39.120 42.961 -1.455
17.520 3.480 38.700 42.623 -1.122
17.520 3.480 38.700 42.623 -1.122
18.120 1.620 38.760 42.817 -1.616
18.120 1.620 38.760 42.817 -1.616
18.120 .180 38.220 42.298 -1.696
18.120 .180 38.220 42.298 -1.292
18.600 -.960 37.140 41.548 -1.292
18.600 -.960 37.140 41.548 -1.941
18.480 -2.580 36.420 40.922 -1.941
18.480 -2.580 36.420 40.922 -1.781
18.840 -2.940 35.100 39.945 -1.781
18.840 -2.940 35.100 39.945 -1.376
19.860 -3.480 34.740 40.167 -1.376
19.860 -3.480 34.740 40.167 -2.051
19.440 -3.780 34.680 39.936 -1.939
19.440 -3.780 34.680 39.936 -1.939
19.200 -3.720 34.380 39.553 -1.669
19.200 -3.720 34.380 39.553 -1.669
17.940 -4.320 34.560 39.178 -2.159
17.940 -4.320 34.560 39.178 -2.159
17.040 -4.500 34.920 39.115 -1.998
17.040 -4.500 34.920 39.115 -1.998
16.680 -5.100 35.880 39.895 -1.495
16.680 -5.100 35.880 39.895 -2.242
16.080 -5.640 36.960 40.699 -2.242
16.080 -5.640 36.960 40.699 -2.158
15.600 -5.760 37.980 41.461 -2.158
15.600 -5.760 37.980 41.461 -1.531
14.640 -6.240 39.660 42.734 -1.531
14.640 -6.240 39.660 42.734 -2.526
13.620 -6.420 40.980 43.659 -2.526
13.620 -6.420 40.980 43.659 -2.397
12.720 -6.300 42.480 44.789 -1.382
12.720 -6.300 42.480 44.789 -1.382
11.700 -5.460 44.580 46.412 -2.429
11.700 -5.460 44.580 46.412 -2.429
9.960 -4.080 45.840 47.087 -2.221
9.960 -4.080 45.840 47.087 -2.221
9.420 -1.620 47.340 48.295 -1.013
9.420 -1.620 47.340 48.295 -1.013
8.820 1.380 48.780 49.590 -2.909
8.820 1.380 48.780 49.590 -2.424
8.460 4.500 49.500 50.419 -2.424
8.460 4.500 49.500 50.419 -.495
8.880 7.620 49.860 51.215 -.495
8.880 7.620 49.860 51.215 -.943
8.340 10.260 49.980 51.699 -.943
8.340 10.260 49.980 51.699 -1.104
7.620 12.240 49.860 51.903 -.214
7.620 12.240 49.860 51.903 -.214
7.320 13.020 49.140 51.360 -.364
7.320 13.020 49.140 51.360 -.364
7.440 13.200 49.440 51.710 -.461
7.440 13.200 49.440 51.710 -.461
7.740 12.300 49.680 51.762 -.340
7.740 12.300 49.680 51.762 -.340
8.580 10.740 49.800 51.662 -.588
8.580 10.740 49.800 51.662 -1.107
8.580 9.060 51.000 52.504 -1.107
8.580 9.060 51.000 52.504 -.150
8.460 6.600 51.180 52.293 -.150
8.460 6.600 51.180 52.293 -2.703
7.800 3.960 51.600 52.336 -2.703
7.800 3.960 51.600 52.336 -1.745
7.980 1.620 51.600 52.239 -1.745
7.980 1.620 51.600 52.239 -.812
8.520 -1.140 51.540 52.252 -2.533
8.520 -1.140 51.540 52.252 -2.533
8.940 -3.420 51.420 52.303 -2.143
8.940 -3.420 51.420 52.303 -2.143
10.320 -4.920 49.740 51.037 -.827
10.320 -4.920 49.740 51.037 -.827
11.700 -5.880 48.540 50.275 -2.612
11.700 -5.880 48.540 50.275 -2.612
13.560 -6.180 46.920 49.230 -2.517
13.560 -6.180 46.920 49.230 -1.699
15.960 -6.060 45.180 48.298 -1.699
15.960 -6.060 45.180 48.298 -2.422
18.240 -5.580 45.060 48.931 -2.422
18.240 -5.580 45.060 48.931 -2.134
19.320 -5.100 44.580 48.853 -2.134
19.320 -5.100 44.580 48.853 -1.549
21.060 -4.320 44.100 49.061 -2.116
21.060 -4.320 44.100 49.061 -2.116
22.920 -3.240 44.400 50.072 -2.065
22.920 -3.240 44.400 50.072 -2.065
24.540 -2.100 44.400 50.774 -1.732
24.540 -2.100 44.400 50.774 -1.732
27.600 -.960 45.420 53.157 -2.236
27.600 -.960 45.420 53.157 -2.236
29.820 .360 46.980 55.646 -1.795
29.820 .360 46.980 55.646 -1.848
31.620 1.500 48.120 57.599 -1.848
31.620 1.500 48.120 57.599 -1.578
33.540 2.940 49.680 60.014 -1.578
33.540 2.940 49.680 60.014 -1.592
35.100 4.560 50.040 61.293 -1.592
35.100 4.560 50.040 61.293 -1.470
36.480 6.180 50.280 62.426 -1.470
36.480 6.180 50.280 62.426 -1.396
37.140 7.020 50.100 62.759 -1.551
37.140 7.020 50.100 62.759 -1.551
36.960 7.500 49.200 61.991 -1.450
36.960 7.500 49.200 61.991 -1.450
35.820 7.440 48.180 60.496 -1.095
35.820 7.440 48.180 60.496 -1.095
34.740 7.260 46.440 58.449 -1.469
34.740 7.260 46.440 58.449 -1.469
33.420 7.680 44.580 56.243 -1.587
33.420 7.680 44.580 56.243 -1.472
32.340 7.560 42.900 54.253 -1.472
32.340 7.560 42.900 54.253 -1.397
31.500 7.740 42.000 53.067 -1.397
31.500 7.740 42.000 53.067 -1.528
30.240 8.220 41.040 51.636 -1.528
30.240 8.220 41.040 51.636 -1.186
29.100 8.160 40.560 50.582 -1.186
29.100 8.160 40.560 50.582 -1.403
28.320 8.220 39.540 49.325 -1.496
28.320 8.220 39.540 49.325 -1.496
27.360 7.620 38.460 47.810 -1.454
27.360 7.620 38.460 47.810 -1.454
26.520 6.540 38.040 46.831 -1.433
26.520 6.540 38.040 46.831 -1.433
25.680 6.300 36.840 45.347 -1.602
25.680 6.300 36.840 45.347 -1.602
24.720 5.580 36.300 44.271 -1.276
24.720 5.580 36.300 44.271 -1.511
23.880 5.580 35.460 43.114 -1.511
23.880 5.580 35.460 43.114 -1.606
22.800 5.520 33.720 41.077 -1.606
22.800 5.520 33.720 41.077 -1.514
22.260 4.800 32.640 39.798 -1.514
22.260 4.800 32.640 39.798 -1.540
20.580 4.260 31.800 38.117 -1.701
20.580 4.260 31.800 38.117 -1.701
19.440 3.840 30.540 36.405 -1.355
19.440 3.840 30.540 36.405 -1.355
18.180 3.540 29.700 35.002 -1.507
18.180 3.540 29.700 35.002 -1.507
16.680 3.900 28.800 33.509 -1.705
16.680 3.900 28.800 33.509 -1.705
15.780 4.140 28.260 32.631 -1.581
15.780 4.140 28.260 32.631 -1.479
13.620 4.200 28.320 31.704 -1.479
13.620 4.200 28.320 31.704 -1.525
11.760 4.860 28.140 30.883 -1.525
11.760 4.860 28.140 30.883 -1.066
9.840 5.520 28.620 30.764 -1.066
9.840 5.520 28.620 30.764 -.949
8.340 6.540 29.160 31.026 -.949
8.340 6.540 29.160 31.026 -1.104
7.740 7.740 29.460 31.428 -1.086
7.740 7.740 29.460 31.428 -1.086
7.260 8.160 29.880 31.814 -.569
7.260 8.160 29.880 31.814 -.569
6.480 7.920 29.880 31.584 -.624
6.480 7.920 29.880 31.584 -.624
6.060 7.620 29.160 30.742 -.588
6.060 7.620 29.160 30.742 -.588
5.640 6.120 29.100 30.267 -.773
5.640 6.120 29.100 30.267 -.788
5.520 4.920 29.580 30.490 -.788
5.520 4.920 29.580 30.490 -1.102
6.120 3.660 30.180 31.011 -1.102
6.120 3.660 30.180 31.011 -1.399
6.360 2.940 31.800 32.563 -1.399
6.360 2.940 31.800 32.563 -1.232
6.600 3.120 32.820 33.622 -1.232
6.600 3.120 32.820 33.622 -.709
7.380 3.180 34.560 35.482 -1.980
7.380 3.180 34.560 35.482 -1.980
8.520 3.720 37.200 38.344 -1.342
8.520 3.720 37.200 38.344 -1.342
9.840 4.260 39.720 41.142 -1.206
9.840 4.260 39.720 41.142 -1.206
11.760 4.260 42.660 44.456 -1.401
11.760 4.260 42.660 44.456 -1.401
12.600 4.080 45.360 47.254 -1.400
12.600 4.080 45.360 47.254 -1.123
13.620 3.780 47.820 49.865 -1.123
13.620 3.780 47.820 49.865 -1.675
15.180 2.340 51.000 53.263 -1.675
15.180 2.340 51.000 53.263 -1.451
16.740 .720 53.700 56.253 -1.451
16.740 .720 53.700 56.253 -1.459
18.780 -2.220 55.920 59.031 -1.712
18.780 -2.220 55.920 59.031 -2.413
20.040 -5.880 57.180 60.875 -2.016
20.040 -5.880 57.180 60.875 -2.016
21.060 -8.820 55.500 60.013 -2.142
21.060 -8.820 55.500 60.013 -2.142
21.600 -11.640 53.580 58.931 -2.370
21.600 -11.640 53.580 58.931 -2.370
22.620 -13.080 51.420 57.678 -2.251
22.620 -13.080 51.420 57.678 -1.894
23.820 -13.380 48.360 55.544 -1.894
23.820 -13.380 48.360 55.544 -2.354
24.240 -13.860 46.320 54.085 -2.354
24.240 -13.860 46.320 54.085 -2.164
23.820 -13.920 43.800 51.765 -2.164
23.820 -13.920 43.800 51.765 -2.106
23.520 -13.320 41.160 49.242 -2.106
23.520 -13.320 41.160 49.242 -2.346
23.460 -12.840 38.820 47.141 -2.229
23.460 -12.840 38.820 47.141 -2.229
23.460 -11.340 36.660 44.977 -1.736
23.460 -11.340 36.660 44.977 -1.736
24.120 -9.660 35.400 43.912 -2.127
24.120 -9.660 35.400 43.912 -2.127
23.820 -7.920 33.600 41.941 -1.978
23.820 -7.920 33.600 41.941 -1.978
22.500 -5.100 32.280 39.677 -1.502
22.500 -5.100 32.280 39.677 -2.000
21.420 -2.640 31.740 38.382 -2.000
21.420 -2.640 31.740 38.382 -1.817
20.460 -.240 30.780 36.960 -1.817
20.460 -.240 30.780 36.960 -1.380
19.860 1.620 30.720 36.616 -1.380
19.860 1.620 30.720 36.616 -1.592
19.680 1.260 31.140 36.859 -1.592
19.680 1.260 31.140 36.859 -1.649
19.320 .060 30.780 36.341 -1.644
19.320 .060 30.780 36.341 -1.644
19.260 -1.980 31.140 36.668 -1.803
18.840 -5.040 31.380 36.947 -1.803
18.840 -5.040 31.380 36.947 -2.099
19.020 -7.680 31.020 37.188 -2.099
19.020 -7.680 31.020 37.188 -2.008
19.500 -10.560 30.900 38.034 -2.008
19.500 -10.560 30.900 38.034 -2.140
19.500 -10.560 30.900 38.034 -2.132
20.040 -13.140 29.880 38.302 -2.132
21.120 -14.700 27.900 37.955 -2.411
21.120 -14.700 27.900 37.955 -2.411
23.700 -15.480 25.500 38.099 -2.174
23.700 -15.480 25.500 38.099 -2.174
28.260 -14.280 22.740 38.983 -2.301
28.260 -14.280 22.740 38.983 -2.052
34.080 -11.040 20.520 41.284 -2.052
34.080 -11.040 20.520 41.284 -1.752
41.280 -5.760 19.620 46.067 -1.752
41.280 -5.760 19.620 46.067 -1.606
47.760 2.520 19.740 51.740 -1.606
47.760 2.520 19.740 51.740 -1.506
52.560 14.940 20.760 58.453 -1.297
52.560 14.940 20.760 58.453 -1.320
54.480 29.340 22.800 65.945 -1.365
54.480 29.340 22.800 65.945 -1.365
53.760 42.480 24.720 72.841 -1.010
53.760 42.480 24.720 72.841 -1.010
51.240 52.680 27.180 78.355 -.930
51.240 52.680 27.180 78.355 -.930
48.180 57.840 30.360 81.170 -.766
48.180 57.840 30.360 81.170 -.695
46.680 58.920 33.360 82.240 -.695
46.680 58.920 33.360 82.240 -.636
46.200 58.500 36.840 83.150 -.636
46.200 58.500 36.840 83.150 -.718
46.080 57.180 40.380 83.806 -.718
46.080 57.180 40.380 83.806 -.627
45.720 55.260 43.080 83.665 -.627
45.720 55.260 43.080 83.665 -.693
45.000 53.460 45.660 83.473 -.756
45.000 53.460 45.660 83.473 -.756
44.100 51.780 47.580 83.005 -.701
44.100 51.780 47.580 83.005 -.701
43.560 49.620 49.200 82.342 -.837
43.560 49.620 49.200 82.342 -.837
43.080 46.380 50.100 80.728 -.868
43.080 46.380 50.100 80.728 -.868
42.420 42.540 49.980 78.148 -.847
42.420 42.540 49.980 78.148 -.681
41.820 38.460 48.540 74.728 -.681
41.820 38.460 48.540 74.728 -.819
41.040 35.220 46.440 71.284 -.819
41.040 35.220 46.440 71.284 -.920
40.020 33.360 43.800 68.066 -.920
40.020 33.360 43.800 68.066 -.882
39.720 32.040 41.340 65.675 -.882
39.720 32.040 41.340 65.675 -.974
39.120 31.500 39.420 63.848 -1.016
39.120 31.500 39.420 63.848 -1.016
38.760 31.620 37.680 62.625 -.818
38.760 31.620 37.680 62.625 -.818
38.520 32.280 36.480 62.101 -.836
38.520 32.280 36.480 62.101 -.836
37.620 33.900 35.220 61.684 -.939
37.620 33.900 35.220 61.684 -.939
37.200 36.180 34.740 62.448 -.895
37.200 36.180 34.740 62.448 -.805
37.080 38.220 34.800 63.614 -.805
37.080 38.220 34.800 63.614 -.859
37.380 39.360 35.760 65.002 -.859
37.380 39.360 35.760 65.002 -.862
37.800 40.200 37.560 66.751 -.862
37.800 40.200 37.560 66.751 -.707
37.680 40.380 39.600 67.959 -.795
37.680 40.380 39.600 67.959 -.795
37.800 40.020 40.800 68.521 -.750
37.800 40.020 40.800 68.521 -.750
37.680 39.720 42.360 69.223 -.815
37.680 39.720 42.360 69.223 -.815
37.560 38.460 43.560 69.191 -.817
37.560 38.460 43.560 69.191 -.817
37.560 36.540 44.520 68.760 -.892
37.560 36.540 44.520 68.760 -.759
37.140 34.800 45.780 68.456 -.759
37.140 34.800 45.780 68.456 -.743
36.780 33.600 47.040 68.516 -.743
36.780 33.600 47.040 68.516 -.927
36.420 32.520 47.460 68.091 -.927
36.420 32.520 47.460 68.091 -.859
36.300 32.160 48.360 68.488 -.859
36.300 32.160 48.360 68.488 -.838
35.880 31.080 49.200 68.367 -.988
35.880 31.080 49.200 68.367 -.988
35.580 29.160 49.140 67.313 -.999
35.580 29.160 49.140 67.313 -.999
35.220 27.420 48.960 66.252 -.772
35.220 27.420 48.960 66.252 -.772
34.500 25.440 47.700 64.131 -.926
34.500 25.440 47.700 64.131 -.926
34.080 24.540 46.140 62.390 -1.033
34.080 24.540 46.140 62.390 -.975
34.320 24.960 45.300 62.072 -.975
34.320 24.960 45.300 62.072 -1.098
34.560 25.380 45.120 62.244 -1.098
34.560 25.380 45.120 62.244 -.991
35.100 26.520 45.540 63.318 -.991
35.100 26.520 45.540 63.318 -.728
35.160 28.260 45.420 64.014 -.728
35.160 28.260 45.420 64.014 -.973
34.740 29.460 44.520 63.693 -.850
34.740 29.460 44.520 63.693 -.850
34.140 31.800 43.980 64.117 -.797
34.140 31.800 43.980 64.117 -.797
33.900 33.900 44.100 65.140 -.878
33.900 33.900 44.100 65.140 -.878
34.140 35.460 44.940 66.652 -.924
34.140 35.460 44.940 66.652 -.687
34.560 37.320 45.780 68.432 -.687
34.560 37.320 45.780 68.432 -.643
35.040 38.700 46.500 69.912 -.643
35.040 38.700 46.500 69.912 -.848
35.280 40.080 46.860 71.042 -.848
35.280 40.080 46.860 71.042 -.823
35.640 40.920 47.520 72.130 -.823
35.640 40.920 47.520 72.130 -.809
36.180 40.920 49.020 73.392 -.835
36.180 40.920 49.020 73.392 -.835
37.020 39.900 50.880 74.507 -.819
37.020 39.900 50.880 74.507 -.819
38.040 38.340 52.740 75.488 -.642
38.040 38.340 52.740 75.488 -.642
38.100 36.360 53.880 75.344 -.705
38.100 36.360 53.880 75.344 -.705
37.680 34.800 53.880 74.390 -.738
37.680 34.800 53.880 74.390 -.667
36.960 33.600 52.260 72.292 -.667
36.960 33.600 52.260 72.292 -.768
35.760 32.220 50.160 69.519 -.768
35.760 32.220 50.160 69.519 -.883
35.040 31.260 48.060 67.192 -.883
35.040 31.260 48.060 67.192 -.806
34.500 30.780 45.660 64.981 -.806
34.500 30.780 45.660 64.981 -.793
33.540 30.180 43.680 62.799 -.848
33.540 30.180 43.680 62.799 -.848
33.120 30.000 41.040 60.673 -.866
33.120 30.000 41.040 60.673 -.866
32.280 29.340 38.220 57.997 -.869
32.280 29.340 38.220 57.997 -.869
31.140 27.840 36.060 55.182 -.849
31.140 27.840 36.060 55.182 -.849
30.600 26.940 33.840 52.984 -.831
30.600 26.940 33.840 52.984 -.776
29.640 26.520 32.400 51.299 -.776
29.640 26.520 32.400 51.299 -.834
29.280 26.580 31.620 50.632 -.834
29.280 26.580 31.620 50.632 -.727
29.280 28.020 30.720 50.854 -.727
29.280 28.020 30.720 50.854 -.699
28.740 29.520 30.120 51.036 -.544
28.740 29.520 30.120 51.036 -.544
28.140 32.100 29.820 52.072 -.756
28.140 32.100 29.820 52.072 -.756
26.760 36.060 30.180 54.104 -.724
26.760 36.060 30.180 54.104 -.724
23.880 40.440 31.020 56.284 -.617
23.880 40.440 31.020 56.284 -.617
20.700 44.520 32.460 58.857 -.529
20.700 44.520 32.460 58.857 -.440
17.280 47.340 33.780 60.669 -.440
17.280 47.340 33.780 60.669 -.338
14.160 49.260 34.980 62.054 -.338
14.160 49.260 34.980 62.054 -.274
12.300 50.280 36.540 63.360 -.274
12.300 50.280 36.540 63.360 -.159
11.400 50.880 37.500 64.226 -.159
11.400 50.880 37.500 64.226 -.246
10.380 51.840 38.580 65.449 -.249
10.380 51.840 38.580 65.449 -.249
9.240 52.560 38.940 66.063 -.156
9.240 52.560 38.940 66.063 -.156
7.800 52.440 38.580 65.568 -.079
7.800 52.440 38.580 65.568 -.079
6.540 52.680 38.220 65.412 -.184
6.540 52.680 38.220 65.412 -.184
5.880 52.140 37.680 64.598 -.206
5.880 52.140 37.680 64.598 -.109
6.480 50.700 36.900 63.040 -.109
6.480 50.700 36.900 63.040 -.045
7.320 49.560 36.360 61.902 -.045
7.320 49.560 36.360 61.902 -.197
7.860 48.120 35.880 60.537 -.197
7.860 48.120 35.880 60.537 -.175
8.100 46.920 35.220 59.225 -.175
8.100 46.920 35.220 59.225 -.185
7.920 46.740 34.980 58.915 -.261
7.920 46.740 34.980 58.915 -.261
7.620 47.220 34.980 59.257 -.180
7.620 47.220 34.980 59.257 -.180
6.720 48.660 35.100 60.374 -.134
6.720 48.660 35.100 60.374 -.134
5.760 50.640 35.280 61.986 .015
5.760 50.640 35.280 61.986 -.072
4.320 52.620 34.860 63.267 -.072
4.320 52.620 34.860 63.267 -.053
2.700 54.660 34.200 64.534 -.053
2.700 54.660 34.200 64.534 -.050
1.620 56.160 33.480 65.402 -.050
1.620 56.160 33.480 65.402 .003
1.200 57.600 32.760 66.275 .003
1.200 57.600 32.760 66.275 -.051
.960 58.800 31.920 66.912 .074
.960 58.800 31.920 66.912 .074
.180 58.680 29.940 65.877 .021
.180 58.680 29.940 65.877 .021
-.360 58.200 27.420 64.337 .027
-.360 58.200 27.420 64.337 .027
-1.260 57.480 23.820 62.233 .017
-1.260 57.480 23.820 62.233 .017
-1.620 56.580 19.980 60.026 .068
-1.620 56.580 19.980 60.026 .014
-1.020 57.120 16.020 59.333 .014
-1.020 57.120 16.020 59.333 .062
-.900 57.960 12.660 59.333 .062
-.900 57.960 12.660 59.333 .023
-.480 59.460 10.200 60.330 .023
-.480 59.460 10.200 60.330 .016
-.300 61.920 9.000 62.571 .016
-.300 61.920 9.000 62.571 .007
.420 64.080 9.120 64.727 .002
.420 64.080 9.120 64.727 .002
1.860 66.300 10.800 67.200 -.034
1.860 66.300 10.800 67.200 -.034
3.360 68.100 13.920 69.589 -.018
3.360 68.100 13.920 69.589 -.018
4.680 67.980 17.280 70.298 -.054
4.680 67.980 17.280 70.298 -.054
5.700 67.320 21.120 70.785 -.058
5.700 67.320 21.120 70.785 -.081
7.380 65.880 24.300 70.605 -.081
7.380 65.880 24.300 70.605 -.082
9.600 63.480 26.520 69.464 -.082
9.600 63.480 26.520 69.464 -.156
12.060 61.800 29.040 69.340 -.156
12.060 61.800 29.040 69.340 -.150
14.700 60.300 31.560 69.629 -.150
14.700 60.300 31.560 69.629 -.260
17.220 58.800 33.900 70.023 -.253
17.220 58.800 33.900 70.023 -.253
18.900 58.260 36.840 71.475 -.312
21.600 58.080 39.480 73.475 -.312
21.600 58.080 39.480 73.475 -.324
24.060 57.660 41.220 74.851 -.324
24.060 57.660 41.220 74.851 -.402
26.280 57.780 43.140 76.748 -.380
26.280 57.780 43.140 76.748 -.380
27.600 57.480 44.400 77.699 -.440
27.600 57.480 44.400 77.699 -.440
27.900 57.300 45.120 78.087 -.442
27.900 57.300 45.120 78.087 -.442
27.720 57.420 46.320 78.810 -.496
27.720 57.420 46.320 78.810 -.496
26.940 57.540 46.860 78.946 -.555
26.940 57.540 46.860 78.946 -.458
26.400 58.020 47.700 79.615 -.458
26.400 58.020 47.700 79.615 -.463
25.320 58.080 48.480 79.779 -.463
25.320 58.080 48.480 79.779 -.324
23.640 58.980 49.440 80.510 -.324
23.640 58.980 49.440 80.510 -.375
21.600 60.060 50.340 81.289 -.375
21.600 60.060 50.340 81.289 -.355
19.440 61.200 50.940 81.965 -.456
19.440 61.200 50.940 81.965 -.456
17.220 62.940 52.560 83.789 -.287
17.220 62.940 52.560 83.789 -.287
15.420 63.960 53.820 85.001 -.274
15.420 63.960 53.820 85.001 -.274
13.860 64.380 54.240 85.316 -.019
13.860 64.380 54.240 85.316 -.019
12.300 64.500 54.900 85.589 -.227
12.300 64.500 54.900 85.589 -.174
10.800 63.300 54.540 84.250 -.174
10.800 63.300 54.540 84.250 -.283
9.480 61.620 53.520 82.166 -.283
9.480 61.620 53.520 82.166 -.137
7.980 59.880 52.560 80.074 -.137
7.980 59.880 52.560 80.074 -.198
6.840 58.140 51.180 77.759 -.198
6.840 58.140 51.180 77.759 .025
5.100 56.580 49.560 75.389 -.094
5.100 56.580 49.560 75.389 -.094
2.940 55.500 48.240 73.593 -.045
2.940 55.500 48.240 73.593 -.045
1.260 54.540 47.640 72.428 -.029
1.260 54.540 47.640 72.428 -.029
-.600 53.640 47.040 71.347 .063
-.600 53.640 47.040 71.347 -.039
-1.080 53.640 46.740 71.155 -.039
-1.080 53.640 46.740 71.155 .097
-2.100 53.220 47.640 71.459 .097
-2.100 53.220 47.640 71.459 .176
-3.180 53.700 48.780 72.617 .176
-3.180 53.700 48.780 72.617 .058
-4.140 54.840 49.980 74.314 .058
-4.140 54.840 49.980 74.314 .041
-5.520 56.520 51.420 76.609 .025
-5.520 56.520 51.420 76.609 .025
-5.640 58.860 51.900 78.676 .093
-5.640 58.860 51.900 78.676 .093
-5.940 61.140 52.740 80.962 .051
-5.940 61.140 52.740 80.962 .051
-6.060 63.780 53.640 83.558 .168
-6.060 63.780 53.640 83.558 .168
-6.480 65.700 53.940 85.253 .133
-6.480 65.700 53.940 85.253 .150
-7.200 67.500 54.600 87.116 .150
-7.200 67.500 54.600 87.116 .015
-7.920 69.060 53.940 87.986 .015
-7.920 69.060 53.940 87.986 .151
-8.520 69.600 52.740 87.740 .151
-8.520 69.600 52.740 87.740 .075
-9.480 70.020 52.020 87.743 .075
-9.480 70.020 52.020 87.743 .242
-10.320 70.200 50.400 87.033 .182
-10.320 70.200 50.400 87.033 .182
-11.160 69.120 49.320 85.642 .215
-11.160 69.120 49.320 85.642 .215
-12.240 68.100 48.000 84.211 .096
-12.240 68.100 48.000 84.211 .096
-11.880 66.420 45.780 81.539 .265
-11.880 66.420 45.780 81.539 .265
-11.220 64.800 43.620 78.915 .134
-11.220 64.800 43.620 78.915 .272
-10.500 63.360 40.380 75.864 .272
-10.500 63.360 40.380 75.864 .217
-9.300 61.200 35.700 71.459 .217
-9.300 61.200 35.700 71.459 .180
-8.460 60.360 31.260 68.499 .180
-8.460 60.360 31.260 68.499 .087
-6.660 60.480 25.920 66.136 .155
-6.660 60.480 25.920 66.136 .176
-4.440 61.740 20.760 65.288 .113
-4.440 61.740 20.760 65.288 .113
-2.640 64.500 17.700 66.937 .062
-2.640 64.500 17.700 66.937 .062
-1.140 67.740 15.000 69.390 .054
-1.140 67.740 15.000 69.390 .054
-1.020 70.440 14.340 71.892 .022
-1.020 70.440 14.340 71.892 -.019
-.780 73.320 15.720 74.990 -.019
-.780 73.320 15.720 74.990 .032
-.900 75.480 17.520 77.492 .032
-.900 75.480 17.520 77.492 .047
-1.140 76.440 19.980 79.016 .047
-1.140 76.440 19.980 79.016 .034
-2.160 76.080 22.440 79.350 .034
-2.160 76.080 22.440 79.350 .046
-3.720 74.580 24.060 78.453 .068
-3.720 74.580 24.060 78.453 .068
-5.100 72.240 25.680 76.838 .045
-5.100 72.240 25.680 76.838 .045
-6.000 69.300 26.760 74.529 .112
-6.000 69.300 26.760 74.529 .112
-5.940 67.260 28.140 73.151 .097
-5.940 67.260 28.140 73.151 .097
-6.300 64.920 29.700 71.669 .194
-6.300 64.920 29.700 71.669 .151
-6.360 63.000 31.200 70.590 .151
-6.360 63.000 31.200 70.590 .106
-6.720 61.500 33.240 70.230 .106
-6.720 61.500 33.240 70.230 .068
-6.720 59.940 35.040 69.755 .068
-6.720 59.940 35.040 69.755 .185
-6.060 59.280 36.960 70.120 .185
-6.060 59.280 36.960 70.120 .042
-5.640 59.460 39.540 71.629 .259
-5.640 59.460 39.540 71.629 .259
-5.460 59.520 42.120 73.120 .214
-5.460 59.520 42.120 73.120 .214
-5.820 59.580 44.280 74.461 .128
-5.820 59.580 44.280 74.461 .128
-6.240 59.820 46.320 75.914 .084
-6.240 59.820 46.320 75.914 .192
-6.540 59.820 47.580 76.714 .192
-6.540 59.820 47.580 76.714 .028
-6.720 60.000 48.480 77.430 .028
-6.720 60.000 48.480 77.430 .179
-7.260 60.420 49.260 78.293 .179
-7.260 60.420 49.260 78.293 .190
-8.220 60.120 49.140 78.082 .190
-8.220 60.120 49.140 78.082 .191
-9.540 59.700 48.540 77.532 .181
-9.540 59.700 48.540 77.532 .181
-10.980 59.280 46.680 76.248 .265
-10.980 59.280 46.680 76.248 .265
-12.120 58.500 45.240 74.939 .205
-12.120 58.500 45.240 74.939 .205
-13.140 58.620 44.580 74.809 .258
-13.140 58.620 44.580 74.809 .258
-14.280 58.140 44.280 74.464 .298
-14.280 58.140 44.280 74.464 .357
-15.060 57.540 44.940 74.547 .357
-15.060 57.540 44.940 74.547 .222
-15.660 57.000 45.960 74.877 .222
-15.660 57.000 45.960 74.877 .299
-16.320 55.920 46.860 74.761 .299
-16.320 55.920 46.860 74.761 .298
-16.080 55.620 48.540 75.553 .298
-16.080 55.620 48.540 75.553 .281
-16.680 54.960 50.640 76.572 .394
-16.680 54.960 50.640 76.572 .394
-16.860 54.960 52.140 77.611 .482
-16.860 54.960 52.140 77.611 .482
-16.860 55.200 54.120 79.122 .290
-16.860 55.200 54.120 79.122 .290
-17.220 55.560 54.360 79.614 .373
-17.220 55.560 54.360 79.614 .373
-16.440 56.400 54.120 79.876 .329
-16.440 56.400 54.120 79.876 .313
-16.020 57.600 53.160 80.002 .313
-16.020 57.600 53.160 80.002 .316
-15.480 58.140 51.720 79.340 .316
-15.480 58.140 51.720 79.340 .326
-14.640 58.320 50.460 78.497 .326
-14.640 58.320 50.460 78.497 .241
-13.860 58.500 48.900 77.496 .113
-13.860 58.500 48.900 77.496 .224
-12.660 57.720 48.240 76.282 .239
-12.660 57.720 48.240 76.282 .239
-11.160 57.720 47.580 75.631 .164
-11.160 57.720 47.580 75.631 .164
-9.840 57.660 47.340 75.250 .182
-9.840 57.660 47.340 75.250 .182
-8.580 58.380 47.940 76.027 .194
-8.580 58.380 47.940 76.027 .167
-6.900 59.460 48.960 77.332 .167
-6.900 59.460 48.960 77.332 .049
-5.460 60.480 49.860 78.573 .049
-5.460 60.480 49.860 78.573 .128
-3.960 62.220 50.820 80.434 .128
-3.960 62.220 50.820 80.434 .155
-2.580 63.840 51.780 82.240 .155
-2.580 63.840 51.780 82.240 .083
-1.800 65.460 51.540 83.334 .059
-1.800 65.460 51.540 83.334 .059
-1.260 67.020 50.100 83.686 .039
-1.260 67.020 50.100 83.686 .039
-.840 68.100 48.300 83.494 -.045
-.840 68.100 48.300 83.494 -.045
-.180 68.340 44.520 81.562 .019
-.180 68.340 44.520 81.562 .019
.300 67.980 41.160 79.470 -.003
.300 67.980 41.160 79.470 .065
.660 67.380 38.460 77.587 .065
.660 67.380 38.460 77.587 .011
.660 65.580 35.340 74.499 .011
.660 65.580 35.340 74.499 .010
-.240 63.960 33.480 72.193 .010
-.240 63.960 33.480 72.193 -.052
-.900 61.680 31.140 69.101 -.052
-1.680 59.580 30.060 66.755 .060
-1.680 59.580 30.060 66.755 -.006
-1.680 59.580 30.060 66.755 -.006
-2.220 59.160 29.640 66.207 .095
-2.220 59.160 29.640 66.207 .095
-2.460 58.320 29.520 65.412 .077
-2.460 58.320 29.520 65.412 .077
-3.060 58.140 29.580 65.304 .086
-2.880 58.440 29.220 65.401 .057
-2.880 58.440 29.220 65.401 .041
-2.700 58.200 28.020 64.650 .105
-2.700 58.200 28.020 64.650 .105
-1.680 58.080 26.760 63.970 .048
-1.680 58.080 26.760 63.970 .048
-.360 58.200 24.780 63.257 .000
-.360 58.200 24.780 63.257 .000
.540 56.820 22.020 60.940 .009
.540 56.820 22.020 60.940 .013
.780 54.780 19.920 58.295 .013
.780 54.780 19.920 58.295 -.059
.780 52.380 17.640 55.276 -.059
.780 52.380 17.640 55.276 -.051
1.200 48.720 16.620 51.491 -.051
1.200 48.720 16.620 51.491 -.028
1.200 45.960 16.200 48.746 -.028
1.200 45.960 16.200 48.746 -.028
1.380 43.200 17.280 46.548 .010
1.380 43.200 17.280 46.548 .010
1.260 41.760 18.960 45.880 -.024
1.260 41.760 18.960 45.880 -.024
.480 42.720 21.480 47.819 -.038
.480 42.720 21.480 47.819 -.038
.180 44.580 24.180 50.716 -.071
.180 44.580 24.180 50.716 -.071
.420 47.940 26.400 54.730 .003
.420 47.940 26.400 54.730 -.030
.720 52.200 28.560 59.507 -.030
.720 52.200 28.560 59.507 .042
1.560 56.040 29.100 63.164 .042
1.560 56.040 29.100 63.164 -.026
2.040 59.460 28.980 66.178 -.026
2.040 59.460 28.980 66.178 -.054
2.520 62.100 27.900 68.126 -.065
2.520 62.100 27.900 68.126 -.079
4.020 63.360 25.800 68.529 -.051
4.020 63.360 25.800 68.529 -.051
4.980 63.900 23.700 68.335 -.113
4.980 63.900 23.700 68.335 -.113
6.000 63.540 21.600 67.379 -.050
6.000 63.540 21.600 67.379 -.050
6.720 62.220 19.620 65.585 -.102
6.720 62.220 19.620 65.585 -.123
6.480 60.480 18.300 63.519 -.123
6.480 60.480 18.300 63.519 -.130
5.880 57.600 17.820 60.580 -.130
5.880 57.600 17.820 60.580 -.083
5.340 55.380 18.000 58.476 -.083
5.340 55.380 18.000 58.476 -.136
4.860 54.000 19.560 57.639 -.136
4.860 54.000 19.560 57.639 -.028
2.940 52.260 21.360 56.533 -.033
2.940 52.260 21.360 56.533 -.033
1.140 52.320 24.120 57.623 -.022
1.140 52.320 24.120 57.623 -.022
-.780 52.980 27.540 59.715 -.040
-.780 52.980 27.540 59.715 -.040
-2.520 54.060 30.240 61.994 .018
-2.520 54.060 30.240 61.994 .018
-3.360 56.520 32.460 65.264 .041
-3.360 56.520 32.460 65.264 .016
-4.320 58.860 34.080 68.151 .016
-4.320 58.860 34.080 68.151 .081
-5.880 60.540 34.560 69.958 .081
-5.880 60.540 34.560 69.958 .103
-7.800 62.100 35.100 71.758 .103
-7.800 62.100 35.100 71.758 .089
-9.240 63.540 35.700 73.466 .089
-9.240 63.540 35.700 73.466 .063
-10.200 64.260 36.060 74.389 .168
-10.200 64.260 36.060 74.389 .168
-10.320 65.340 37.740 76.159 .183
-10.320 65.340 37.740 76.159 .183
-10.500 65.940 39.420 77.539 .184
-10.500 65.940 39.420 77.539 .184
-9.900 66.300 41.820 79.010 .171
-9.900 66.300 41.820 79.010 .171
-9.180 66.960 44.820 81.097 .150
-9.180 66.960 44.820 81.097 .065
-7.500 67.680 47.340 82.933 .065
-7.500 67.680 47.340 82.933 .183
-4.320 69.000 49.320 84.924 .183
-4.320 69.000 49.320 84.924 .116
-1.560 70.680 50.760 87.033 .116
-1.560 70.680 50.760 87.033 .058
1.620 72.360 51.180 88.645 -.001
1.620 72.360 51.180 88.645 -.001
3.660 73.380 49.680 88.691 -.023
3.660 73.380 49.680 88.691 -.023
5.340 73.980 47.280 87.960 -.153
5.340 73.980 47.280 87.960 -.153
6.840 74.340 43.560 86.433 .010
6.840 74.340 43.560 86.433 .010
8.460 73.920 39.000 84.004 -.081
8.460 73.920 39.000 84.004 -.034
10.140 72.840 33.720 80.904 -.034
10.140 72.840 33.720 80.904 -.121
10.980 70.860 28.440 77.140 -.121
10.980 70.860 28.440 77.140 -.126
12.120 67.920 23.760 72.970 -.126
12.120 67.920 23.760 72.970 -.217
13.260 64.980 19.320 69.076 -.217
13.260 64.980 19.320 69.076 -.171
14.580 61.860 16.860 65.753 -.239
14.580 61.860 16.860 65.753 -.239
16.500 58.920 14.880 62.970 -.233
16.500 58.920 14.880 62.970 -.233
18.180 56.220 13.680 60.649 -.301
18.180 56.220 13.680 60.649 -.301
18.900 54.840 13.380 59.529 -.296
18.900 54.840 13.380 59.529 -.296
20.100 54.660 13.200 59.716 -.343
20.100 54.660 13.200 59.716 -.348
21.000 55.320 13.440 60.679 -.348
21.000 55.320 13.440 60.679 -.387
21.900 57.180 13.320 62.662 -.387
21.900 57.180 13.320 62.662 -.330
22.440 58.560 13.020 64.050 -.330
22.440 58.560 13.020 64.050 -.355
21.960 60.180 13.620 65.493 -.355
21.960 60.180 13.620 65.493 -.345
21.900 61.260 14.040 66.555 -.331
21.900 61.260 14.040 66.555 -.331
21.840 61.500 15.180 67.005 -.336
21.840 61.500 15.180 67.005 -.336
22.260 61.440 17.100 67.548 -.359
22.260 61.440 17.100 67.548 -.359
23.100 61.320 18.960 68.215 -.304
23.100 61.320 18.960 68.215 -.341
22.560 61.140 21.780 68.713 -.341
22.560 61.140 21.780 68.713 -.339
22.020 62.340 25.200 70.754 -.339
22.020 62.340 25.200 70.754 -.285
21.660 63.840 28.500 73.191 -.285
21.660 63.840 28.500 73.191 -.288
20.940 65.940 30.900 75.772 -.288
20.940 65.940 30.900 75.772 -.322
20.880 68.880 32.700 79.055 -.251
20.880 68.880 32.700 79.055 -.251
19.380 71.220 32.940 80.826 -.244
19.380 71.220 32.940 80.826 -.244
17.400 73.800 31.920 82.268 -.202
17.400 73.800 31.920 82.268 -.202
15.300 75.060 30.300 82.378 -.190
15.300 75.060 30.300 82.378 -.190
12.660 75.420 27.660 81.324 -.164
12.660 75.420 27.660 81.324 -.164
11.280 74.760 24.540 79.489 -.140
11.280 74.760 24.540 79.489 -.140
10.140 73.380 22.140 77.315 -.181
10.140 73.380 22.140 77.315 -.181
8.580 70.320 18.780 73.289 -.132
8.580 70.320 18.780 73.289 -.132
6.900 66.540 16.200 68.830 -.120
6.900 66.540 16.200 68.830 -.117
4.980 62.520 15.180 64.529 -.117
4.980 62.520 15.180 64.529 -.070
3.120 58.260 14.940 60.226 -.070
3.120 58.260 14.940 60.226 -.064
1.920 55.140 16.320 57.536 -.064
1.920 55.140 16.320 57.536 -.061
1.440 52.680 18.840 55.966 -.061
1.440 52.680 18.840 55.966 -.014
1.140 50.880 21.540 55.263 .006
1.140 50.880 21.540 55.263 .006
1.260 49.920 24.540 55.640 -.001
1.260 49.920 24.540 55.640 -.001
1.860 49.800 27.300 56.822 -.119
1.860 49.800 27.300 56.822 -.119
2.580 50.580 29.520 58.621 -.047
2.580 50.580 29.520 58.621 -.076
3.660 52.200 30.780 60.710 -.071
3.660 52.200 30.780 60.710 -.066
4.320 53.700 30.780 62.046 -.066
4.320 53.700 30.780 62.046 -.040
5.340 55.680 30.600 63.758 -.040
5.340 55.680 30.600 63.758 -.087
6.180 57.000 29.640 64.542 -.087
6.180 57.000 29.640 64.542 -.197
7.320 57.900 28.620 65.001 -.122
7.320 57.900 28.620 65.001 -.122
8.820 57.840 27.900 64.820 -.142
8.820 57.840 27.900 64.820 -.142
9.780 56.700 27.660 63.841 -.159
9.780 56.700 27.660 63.841 -.159
11.100 55.440 27.720 62.970 -.222
11.100 55.440 27.720 62.970 -.222
11.880 53.700 28.200 61.807 -.181
11.880 53.700 28.200 61.807 -.313
12.780 51.960 29.160 60.938 -.313
12.780 51.960 29.160 60.938 -.244
13.680 50.460 29.400 59.981 -.244
13.680 50.460 29.400 59.981 -.227
14.940 49.200 30.300 59.682 -.227
14.940 49.200 30.300 59.682 -.237
15.360 47.820 31.380 59.223 -.237
15.360 47.820 31.380 59.223 -.316
15.240 46.620 32.100 58.618 -.219
15.240 46.620 32.100 58.618 -.219
15.060 46.080 33.540 58.950 -.387
15.060 46.080 33.540 58.950 -.387
14.400 45.720 35.100 59.411 -.234
14.400 45.720 35.100 59.411 -.234
14.340 45.720 36.240 60.077 -.376
14.340 45.720 36.240 60.077 -.376
13.980 46.680 38.400 62.040 -.114
12.960 47.700 40.440 63.864 -.180
12.960 47.700 40.440 63.864 -.180
11.760 49.440 42.300 66.120 -.225
11.760 49.440 42.300 66.120 -.225
10.440 51.720 44.460 68.997 -.244
10.440 51.720 44.460 68.997 -.244
9.240 54.780 45.960 72.101 -.100
9.240 54.780 45.960 72.101 -.214
8.580 57.900 47.340 75.280 -.214
8.580 57.900 47.340 75.280 -.011
7.620 61.080 47.820 77.946 -.011
7.620 61.080 47.820 77.946 -.137
6.000 64.080 46.800 79.577 -.137
6.000 64.080 46.800 79.577 -.057
4.740 66.060 45.540 80.376 -.057
4.740 66.060 45.540 80.376 -.068
3.420 67.440 42.900 80.002 .014
3.420 67.440 42.900 80.002 .014
2.220 67.920 40.320 79.017 -.089
2.220 67.920 40.320 79.017 -.089
1.080 67.800 37.920 77.691 .063
1.080 67.800 37.920 77.691 .063
-.720 66.420 34.560 74.877 .016
-.720 66.420 34.560 74.877 .016
-2.880 64.800 32.340 72.479 .076
-2.880 64.800 32.340 72.479 .056
-4.980 62.280 29.820 69.230 .056
-4.980 62.280 29.820 69.230 .157
-6.480 59.940 28.500 66.686 .157
-6.480 59.940 28.500 66.686 .113
-7.260 58.740 29.100 65.954 .113
-7.260 58.740 29.100 65.954 .128
-7.800 57.480 29.760 65.195 .128
-7.800 57.480 29.760 65.195 .126
-7.860 57.060 31.140 65.478 .214
-7.860 57.060 31.140 65.478 .214
-7.260 56.820 33.000 66.108 .128
-7.260 56.820 33.000 66.108 .128
-6.180 56.580 34.020 66.309 .111
-6.180 56.580 34.020 66.309 .111
-4.920 56.820 34.980 66.905 .184
-4.920 56.820 34.980 66.905 .138
-3.720 56.880 35.460 67.131 .096
-3.720 56.880 35.460 67.131 .059
-2.940 57.000 34.860 66.879 .059
-2.940 57.000 34.860 66.879 .073
-2.400 57.060 33.420 66.170 .073
-2.400 57.060 33.420 66.170 .066
-1.020 56.820 31.500 64.975 .066
-1.020 56.820 31.500 64.975 -.016
.660 56.940 29.160 63.976 -.001
.660 56.940 29.160 63.976 -.001
2.340 57.360 26.880 63.389 -.024
2.340 57.360 26.880 63.389 -.024
4.200 57.060 24.540 62.255 -.022
4.200 57.060 24.540 62.255 -.022
4.860 57.120 22.380 61.540 -.074
4.860 57.120 22.380 61.540 -.074
5.400 57.480 21.480 61.600 -.094
5.400 57.480 21.480 61.600 -.143
6.300 57.480 21.300 61.622 -.143
6.300 57.480 21.300 61.622 -.096
5.940 58.260 22.200 62.629 -.096
5.940 58.260 22.200 62.629 -.092
6.480 58.500 23.820 63.495 -.092
6.480 58.500 23.820 63.495 -.033
6.180 58.740 25.440 64.310 -.033
6.180 58.740 25.440 64.310 -.082
5.460 59.040 26.820 65.076 -.084
5.460 59.040 26.820 65.076 -.084
5.460 59.340 27.900 65.799 -.152
5.460 59.340 27.900 65.799 -.152
5.040 59.640 27.780 65.985 -.056
5.040 59.640 27.780 65.985 -.056
5.400 60.120 27.300 66.249 -.085
5.400 60.120 27.300 66.249 -.085
5.520 59.880 25.200 65.201 .020
5.520 59.880 25.200 65.201 -.065
5.520 58.860 22.500 63.255 -.065
5.520 58.860 22.500 63.255 -.095
5.100 58.200 20.400 61.882 -.095
5.100 58.200 20.400 61.882 -.141
4.080 56.880 17.820 59.746 -.141
4.080 56.880 17.820 59.746 -.036
3.060 56.040 16.380 58.465 -.031
3.060 56.040 16.380 58.465 -.063
2.700 56.160 15.120 58.222 .003
2.700 56.160 15.120 58.222 .003
1.560 56.100 14.100 57.866 -.033
1.560 56.100 14.100 57.866 -.033
.180 56.460 13.800 58.122 -.029
.180 56.460 13.800 58.122 -.029
-.780 56.580 13.260 58.118 -.029
-.780 56.580 13.260 58.118 .050
-2.640 56.760 12.960 58.281 .050
-2.640 56.760 12.960 58.281 .047
-3.660 57.120 13.080 58.713 .047
-3.660 57.120 13.080 58.713 .125
-5.040 57.240 13.620 59.054 .125
-5.040 57.240 13.620 59.054 .106
-7.260 56.640 14.400 58.891 .106
-7.260 56.640 14.400 58.891 .143
-9.480 55.260 15.480 58.165 .137
-9.480 55.260 15.480 58.165 .137
-11.640 54.000 16.980 57.791 .259
-11.640 54.000 16.980 57.791 .259
-13.560 53.220 18.720 58.023 .254
-13.560 53.220 18.720 58.023 .254
-15.360 53.760 21.420 59.874 .336
-15.360 53.760 21.420 59.874 .336
-17.040 55.020 24.660 62.655 .325
-17.040 55.020 24.660 62.655 .290
-18.900 56.760 28.320 66.189 .290
-18.900 56.760 28.320 66.189 .283
-20.100 58.140 31.260 69.003 .283
-20.100 58.140 31.260 69.003 .404
-20.520 60.180 34.320 72.253 .404
-20.520 60.180 34.320 72.253 .308
-20.940 62.220 37.680 75.694 .308
-20.940 62.220 37.680 75.694 .416
-22.080 63.420 40.680 78.514 .407
-22.080 63.420 40.680 78.514 .407
-22.740 64.320 44.520 81.463 .420
-22.740 64.320 44.520 81.463 .420
-24.000 63.900 47.880 83.377 .286
-24.000 63.900 47.880 83.377 .286
-24.420 63.240 50.760 84.689 .520
-24.420 63.240 50.760 84.689 .369
-22.980 63.360 53.460 86.026 .369
-22.980 63.360 53.460 86.026 .420
-22.140 63.420 56.220 87.595 .420
-22.140 63.420 56.220 87.595 .503
-19.680 64.140 58.080 88.739 .503
-19.680 64.140 58.080 88.739 .413
-17.640 64.860 60.060 90.140 .413
-17.640 64.860 60.060 90.140 .301
-15.840 65.640 61.380 91.253 .335
-15.840 65.640 61.380 91.253 .335
-12.600 66.840 61.980 92.021 .216
-12.600 66.840 61.980 92.021 .216
-9.840 68.400 63.000 93.511 .214
-9.840 68.400 63.000 93.511 .214
-6.180 69.780 62.400 93.815 .168
-6.180 69.780 62.400 93.815 .168
-2.940 69.840 60.660 92.552 .191
-2.940 69.840 60.660 92.552 .102
-.540 69.300 57.960 90.345 .102
-.540 69.300 57.960 90.345 .041
1.980 67.860 54.060 86.784 .041
1.980 67.860 54.060 86.784 .033
3.540 65.220 49.440 81.918 .033
3.540 65.220 49.440 81.918 -.120
4.620 62.940 44.400 77.163 -.120
4.620 62.940 44.400 77.163 -.020
5.220 60.420 38.880 72.038 -.094
5.220 60.420 38.880 72.038 -.094
4.860 57.600 33.360 66.740 -.113
4.860 57.600 33.360 66.740 -.113
4.740 55.560 28.500 62.623 -.153
4.740 55.560 28.500 62.623 -.153
5.220 53.700 24.600 59.297 -.086
5.220 53.700 24.600 59.297 -.096
6.060 52.680 22.020 57.418 -.108
6.060 52.680 22.020 57.418 -.111
6.420 51.180 19.260 55.060 -.111
6.420 51.180 19.260 55.060 -.142
6.300 50.280 17.760 53.695 -.142
6.300 50.280 17.760 53.695 -.082
6.060 49.740 16.800 52.849 -.082
6.060 49.740 16.800 52.849 -.168
5.100 48.720 15.600 51.410 -.081
5.100 48.720 15.600 51.410 -.081
4.200 48.660 15.540 51.254 -.109
4.200 48.660 15.540 51.254 -.109
3.000 49.260 15.180 51.633 -.015
3.000 49.260 15.180 51.633 -.015
1.320 48.900 14.400 50.993 -.011
1.320 48.900 14.400 50.993 -.011
.300 49.680 14.100 51.643 .012
.300 49.680 14.100 51.643 .026
-.480 51.240 14.160 53.163 .026
-.480 51.240 14.160 53.163 -.016
-.420 52.260 14.100 54.130 -.016
-.420 52.260 14.100 54.130 .015
.120 54.000 14.520 55.918 .015
.120 54.000 14.520 55.918 -.001
.420 55.500 14.760 57.431 -.001
.420 55.500 14.760 57.431 .002
