X Y Z F A
4.980 -46.740 12.480 48.633 -.586
5.340 -46.620 12.180 48.480 -3.032
5.340 -46.620 12.180 48.480 -3.014
5.400 -46.800 12.180 48.660 -3.014
5.400 -46.800 12.180 48.660 -3.041
5.220 -46.980 12.300 48.843 -3.041
5.220 -46.980 12.300 48.843 -3.019
5.400 -47.280 12.300 49.151 -3.019
5.400 -47.280 12.300 49.151 -3.030
5.160 -47.160 12.660 49.102 -3.030
5.160 -47.160 12.660 49.102 -3.031
5.160 -46.500 12.600 48.452 -3.032
5.160 -46.500 12.600 48.452 -3.032
5.040 -45.840 12.000 47.652 -3.036
5.040 -45.840 12.000 47.652 -3.036
5.040 -44.760 11.340 46.448 -3.026
5.040 -44.760 11.340 46.448 -3.026
5.220 -44.220 10.440 45.735 -3.049
5.220 -44.220 10.440 45.735 -3.049
5.040 -43.800 9.060 45.010 -3.025
5.040 -43.800 9.060 45.010 -3.013
5.700 -43.440 7.740 44.491 -3.013
5.700 -43.440 7.740 44.491 -2.999
6.060 -43.440 6.300 44.311 -2.999
6.060 -43.440 6.300 44.311 -3.008
6.480 -43.440 4.320 44.133 -3.008
6.480 -43.440 4.320 44.133 -2.991
7.560 -43.920 2.520 44.637 -2.972
7.560 -43.920 2.520 44.637 -2.972
8.280 -44.760 .960 45.530 -2.954
8.280 -44.760 .960 45.530 -2.954
9.840 -46.260 -.660 47.300 -2.950
9.840 -46.260 -.660 47.300 -2.950
11.160 -47.520 -1.860 48.848 -2.925
11.160 -47.520 -1.860 48.848 -2.925
12.540 -48.900 -3.120 50.579 -2.911
12.540 -48.900 -3.120 50.579 -2.911
13.500 -49.980 -4.620 51.977 -2.878
13.500 -49.980 -4.620 51.977 -2.860
13.440 -50.520 -6.660 52.700 -2.860
13.440 -50.520 -6.660 52.700 -2.877
13.500 -51.000 -8.940 53.509 -2.877
13.500 -51.000 -8.940 53.509 -2.869
12.900 -51.300 -11.340 54.099 -2.882
12.900 -51.300 -11.340 54.099 -2.866
12.960 -50.940 -13.980 54.390 -2.867
12.960 -50.940 -13.980 54.390 -2.867
13.200 -49.860 -16.200 54.062 -2.923
13.200 -49.860 -16.200 54.062 -2.923
13.320 -48.720 -18.720 53.866 -2.859
13.320 -48.720 -18.720 53.866 -2.859
12.960 -46.320 -20.940 52.459 -2.839
12.960 -46.320 -20.940 52.459 -2.839
12.120 -43.920 -22.620 50.868 -2.847
12.120 -43.920 -22.620 50.868 -2.832
11.520 -42.600 -24.300 50.378 -2.832
11.520 -42.600 -24.300 50.378 -2.827
10.140 -41.160 -24.900 49.163 -2.827
10.140 -41.160 -24.900 49.163 -2.793
9.360 -40.680 -25.320 48.822 -2.793
9.360 -40.680 -25.320 48.822 -2.939
8.100 -41.400 -25.500 49.293 -2.939
8.100 -41.400 -25.500 49.293 -2.869
6.120 -42.060 -24.660 49.139 -2.969
6.120 -42.060 -24.660 49.139 -2.969
4.380 -43.440 -23.940 49.793 -3.026
4.380 -43.440 -23.940 49.793 -3.026
2.280 -45.300 -22.740 50.739 -3.011
2.280 -45.300 -22.740 50.739 -3.011
.660 -46.980 -20.760 51.367 -3.081
.660 -46.980 -20.760 51.367 -3.119
-.240 -48.960 -19.200 52.591 -3.119
-.240 -48.960 -19.200 52.591 3.113
-1.680 -50.640 -17.340 53.553 3.113
-1.680 -50.640 -17.340 53.553 3.101
-3.360 -51.600 -15.480 53.977 3.101
-3.360 -51.600 -15.480 53.977 3.057
-5.460 -52.260 -13.800 54.326 3.057
-5.460 -52.260 -13.800 54.326 3.019
-8.100 -51.480 -11.820 53.437 3.019
-8.100 -51.480 -11.820 53.437 2.976
-9.840 -50.940 -9.960 52.829 2.929
-9.840 -50.940 -9.960 52.829 2.929
-10.860 -51.000 -8.160 52.778 2.913
-10.860 -51.000 -8.160 52.778 2.913
-12.060 -50.820 -6.720 52.662 2.913
-12.060 -50.820 -6.720 52.662 2.913
-12.900 -51.540 -5.580 53.422 2.916
-12.900 -51.540 -5.580 53.422 2.916
-13.800 -52.020 -4.800 54.033 2.880
-13.800 -52.020 -4.800 54.033 2.876
-14.100 -52.260 -4.680 54.331 2.876
-14.100 -52.260 -4.680 54.331 2.869
-13.320 -53.400 -5.460 55.306 2.869
-13.320 -53.400 -5.460 55.306 2.878
-11.520 -55.140 -6.600 56.716 2.878
-11.520 -55.140 -6.600 56.716 2.919
-9.360 -56.820 -8.100 58.153 2.919
-9.360 -56.820 -8.100 58.153 2.960
-7.200 -58.260 -9.660 59.493 2.985
-7.200 -58.260 -9.660 59.493 2.985
-5.580 -58.560 -10.200 59.703 3.024
-5.580 -58.560 -10.200 59.703 3.024
-3.720 -58.020 -11.040 59.178 3.042
-3.720 -58.020 -11.040 59.178 3.042
-1.980 -57.000 -12.000 58.283 3.089
-1.980 -57.000 -12.000 58.283 3.089
-.120 -55.920 -12.000 57.193 3.119
-.120 -55.920 -12.000 57.193 3.133
2.280 -54.960 -12.480 56.405 3.133
2.280 -54.960 -12.480 56.405 -3.132
3.480 -53.820 -12.600 55.385 -3.132
3.480 -53.820 -12.600 55.385 -3.079
4.440 -52.680 -12.480 54.320 -3.079
4.440 -52.680 -12.480 54.320 -3.053
4.980 -51.480 -13.500 53.453 -3.033
4.980 -51.480 -13.500 53.453 -3.033
5.880 -49.980 -14.100 52.263 -3.013
5.880 -49.980 -14.100 52.263 -3.013
7.020 -49.200 -14.700 51.827 -2.974
7.020 -49.200 -14.700 51.827 -2.974
9.060 -48.360 -15.000 51.437 -2.983
9.060 -48.360 -15.000 51.437 -2.983
11.100 -47.280 -15.060 50.847 -3.003
11.100 -47.280 -15.060 50.847 -2.898
12.660 -46.500 -15.060 50.491 -2.898
12.660 -46.500 -15.060 50.491 -2.854
13.800 -45.540 -15.300 49.984 -2.854
13.800 -45.540 -15.300 49.984 -2.847
14.880 -44.400 -15.420 49.301 -2.847
14.880 -44.400 -15.420 49.301 -2.784
16.200 -44.220 -14.940 49.407 -2.784
16.200 -44.220 -14.940 49.407 -2.728
17.820 -44.100 -14.880 49.838 -2.722
17.820 -44.100 -14.880 49.838 -2.722
20.400 -43.860 -15.480 50.789 -2.697
20.400 -43.860 -15.480 50.789 -2.697
22.140 -44.280 -16.320 52.127 -2.627
22.140 -44.280 -16.320 52.127 -2.627
23.760 -44.400 -18.180 53.539 -2.629
23.760 -44.400 -18.180 53.539 -2.629
25.260 -44.640 -20.760 55.333 -2.634
25.260 -44.640 -20.760 55.333 -2.563
26.820 -44.940 -22.500 56.966 -2.563
26.820 -44.940 -22.500 56.966 -2.477
29.100 -45.420 -25.080 59.488 -2.477
29.100 -45.420 -25.080 59.488 -2.449
32.040 -45.600 -27.600 62.191 -2.449
32.040 -45.600 -27.600 62.191 -2.494
34.560 -46.500 -29.880 65.188 -2.494
34.560 -46.500 -29.880 65.188 -2.393
36.900 -47.520 -32.820 68.534 -2.391
36.900 -47.520 -32.820 68.534 -2.391
38.520 -48.660 -36.540 72.019 -2.404
38.520 -48.660 -36.540 72.019 -2.404
40.500 -50.280 -39.300 75.583 -2.309
40.500 -50.280 -39.300 75.583 -2.309
42.300 -51.960 -41.700 78.918 -2.297
42.300 -51.960 -41.700 78.918 -2.297
44.400 -53.880 -44.280 82.675 -2.360
44.400 -53.880 -44.280 82.675 -2.459
45.900 -56.340 -45.540 85.761 -2.459
45.900 -56.340 -45.540 85.761 -2.372
45.540 -59.220 -46.800 88.154 -2.372
45.540 -59.220 -46.800 88.154 -2.391
45.240 -62.160 -47.340 90.286 -2.391
45.240 -62.160 -47.340 90.286 -2.501
44.220 -65.640 -46.020 91.552 -2.501
44.220 -65.640 -46.020 91.552 -2.449
42.840 -68.640 -43.440 91.835 -2.453
42.840 -68.640 -43.440 91.835 -2.453
41.820 -71.460 -40.500 92.172 -2.622
41.820 -71.460 -40.500 92.172 -2.622
40.140 -73.320 -37.560 91.639 -2.617
40.140 -73.320 -37.560 91.639 -2.617
37.320 -74.340 -34.500 90.053 -2.587
37.320 -74.340 -34.500 90.053 -2.631
34.140 -74.880 -31.620 88.161 -2.631
34.140 -74.880 -31.620 88.161 -2.673
31.560 -74.760 -29.220 86.249 -2.673
31.560 -74.760 -29.220 86.249 -2.684
29.760 -74.520 -26.280 84.437 -2.684
29.760 -74.520 -26.280 84.437 -2.707
28.500 -73.620 -23.940 82.494 -2.707
28.500 -73.620 -23.940 82.494 -2.775
28.080 -72.240 -22.440 80.689 -2.773
28.080 -72.240 -22.440 80.689 -2.773
27.060 -70.440 -20.640 78.231 -2.760
27.060 -70.440 -20.640 78.231 -2.760
25.320 -68.640 -19.680 75.762 -2.773
25.320 -68.640 -19.680 75.762 -2.773
24.180 -66.840 -19.260 73.642 -2.814
24.180 -66.840 -19.260 73.642 -2.814
23.940 -65.100 -18.780 71.860 -2.765
23.940 -65.100 -18.780 71.860 -2.743
24.120 -63.780 -18.360 70.617 -2.743
24.120 -63.780 -18.360 70.617 -2.750
24.840 -62.160 -17.280 69.134 -2.750
24.840 -62.160 -17.280 69.134 -2.782
25.800 -60.600 -16.320 67.855 -2.782
25.800 -60.600 -16.320 67.855 -2.711
25.620 -59.340 -15.480 66.462 -2.711
25.620 -59.340 -15.480 66.462 -2.705
24.780 -57.660 -15.120 64.555 -2.716
24.780 -57.660 -15.120 64.555 -2.716
24.360 -55.980 -14.940 62.852 -2.709
24.360 -55.980 -14.940 62.852 -2.709
23.580 -54.660 -14.280 61.218 -2.702
23.580 -54.660 -14.280 61.218 -2.702
23.580 -53.280 -13.500 59.808 -2.692
23.580 -53.280 -13.500 59.808 -2.692
24.180 -52.380 -12.180 58.963 -2.732
24.180 -52.380 -12.180 58.963 -2.693
24.240 -51.960 -10.740 58.333 -2.693
24.240 -51.960 -10.740 58.333 -2.675
23.700 -51.360 -9.240 57.314 -2.675
23.700 -51.360 -9.240 57.314 -2.639
23.340 -50.820 -7.620 56.440 -2.639
23.340 -50.820 -7.620 56.440 -2.702
22.680 -50.340 -5.880 55.525 -2.702
22.680 -50.340 -5.880 55.525 -2.695
22.980 -49.740 -4.080 54.944 -2.693
22.980 -49.740 -4.080 54.944 -2.693
23.520 -49.260 -2.280 54.635 -2.696
23.520 -49.260 -2.280 54.635 -2.696
23.760 -48.540 -.240 54.044 -2.681
23.760 -48.540 -.240 54.044 -2.681
23.460 -47.400 1.500 52.909 -2.674
23.460 -47.400 1.500 52.909 -2.674
22.860 -46.560 2.820 51.946 -2.646
22.860 -46.560 2.820 51.946 -2.686
23.040 -45.900 3.720 51.493 -2.686
23.040 -45.900 3.720 51.493 -2.662
22.740 -45.120 3.900 50.677 -2.662
22.740 -45.120 3.900 50.677 -2.682
23.580 -44.880 3.240 50.801 -2.682
23.580 -44.880 3.240 50.801 -2.658
23.640 -44.700 2.340 50.620 -2.661
23.640 -44.700 2.340 50.620 -2.661
23.580 -45.180 .660 50.967 -2.646
23.580 -45.180 .660 50.967 -2.646
23.700 -46.500 -1.260 52.207 -2.657
23.700 -46.500 -1.260 52.207 -2.657
24.000 -47.400 -2.640 53.195 -2.670
24.000 -47.400 -2.640 53.195 -2.670
25.020 -48.000 -3.960 54.274 -2.649
25.020 -48.000 -3.960 54.274 -2.641
25.980 -48.480 -5.040 55.233 -2.641
25.980 -48.480 -5.040 55.233 -2.655
27.000 -48.840 -5.340 56.061 -2.655
27.000 -48.840 -5.340 56.061 -2.614
27.300 -49.740 -5.880 57.043 -2.614
27.300 -49.740 -5.880 57.043 -2.618
26.820 -50.820 -6.360 57.814 -2.618
26.820 -50.820 -6.360 57.814 -2.651
26.640 -51.720 -6.720 58.565 -2.654
26.640 -51.720 -6.720 58.565 -2.654
26.400 -53.160 -7.140 59.782 -2.661
26.400 -53.160 -7.140 59.782 -2.661
26.520 -54.000 -7.800 60.664 -2.664
26.520 -54.000 -7.800 60.664 -2.664
27.600 -55.200 -8.340 62.276 -2.681
27.600 -55.200 -8.340 62.276 -2.681
27.960 -56.040 -8.940 63.263 -2.663
27.960 -56.040 -8.940 63.263 -2.667
28.380 -56.100 -9.840 63.635 -2.667
28.380 -56.100 -9.840 63.635 -2.668
28.380 -56.520 -10.440 64.101 -2.668
28.380 -56.520 -10.440 64.101 -2.649
28.380 -56.880 -11.040 64.519 -2.649
28.380 -56.880 -11.040 64.519 -2.641
28.380 -57.540 -10.620 65.031 -2.641
28.380 -57.540 -10.620 65.031 -2.680
28.140 -58.200 -10.380 65.474 -2.676
28.140 -58.200 -10.380 65.474 -2.676
27.840 -58.560 -9.420 65.522 -2.676
27.840 -58.560 -9.420 65.522 -2.676
26.340 -58.920 -8.460 65.092 -2.690
26.340 -58.920 -8.460 65.092 -2.690
25.320 -59.160 -7.620 64.800 -2.723
25.320 -59.160 -7.620 64.800 -2.723
24.060 -59.580 -6.360 64.569 -2.742
23.760 -60.180 -5.400 64.926 -2.739
23.760 -60.180 -5.400 64.926 -2.739
23.400 -60.360 -4.020 64.862 -2.771
23.400 -60.360 -4.020 64.862 -2.771
22.320 -60.720 -2.760 64.751 -2.759
22.320 -60.720 -2.760 64.751 -2.759
21.420 -60.480 -1.500 64.179 -2.775
21.420 -60.480 -1.500 64.179 -2.795
19.680 -60.180 -.180 63.316 -2.795
19.680 -60.180 -.180 63.316 -2.825
18.840 -59.520 1.440 62.447 -2.825
18.840 -59.520 1.440 62.447 -2.830
18.600 -58.200 2.460 61.149 -2.830
18.600 -58.200 2.460 61.149 -2.831
18.660 -56.580 3.540 59.683 -2.831
18.660 -56.580 3.540 59.683 -2.818
18.120 -54.060 4.560 57.198 -2.808
18.120 -54.060 4.560 57.198 -2.808
17.520 -51.600 4.980 54.720 -2.816
17.520 -51.600 4.980 54.720 -2.816
16.440 -48.240 5.280 51.237 -2.815
16.440 -48.240 5.280 51.237 -2.815
15.840 -44.880 5.340 47.892 -2.814
15.840 -44.880 5.340 47.892 -2.814
16.020 -42.180 4.920 45.387 -2.809
16.020 -42.180 4.920 45.387 -2.784
16.380 -39.840 4.620 43.323 -2.784
16.380 -39.840 4.620 43.323 -2.742
16.620 -38.760 4.380 42.400 -2.742
16.620 -38.760 4.380 42.400 -2.733
16.500 -38.760 4.200 42.335 -2.733
16.500 -38.760 4.200 42.335 -2.734
16.320 -39.240 4.260 42.711 -2.734
16.320 -39.240 4.260 42.711 -2.749
16.140 -40.140 4.260 43.473 -2.767
16.140 -40.140 4.260 43.473 -2.767
16.200 -41.640 4.560 44.912 -2.764
16.200 -41.640 4.560 44.912 -2.764
16.620 -43.260 4.680 46.578 -2.762
16.620 -43.260 4.680 46.578 -2.762
17.280 -45.300 4.740 48.715 -2.774
17.280 -45.300 4.740 48.715 -2.785
17.040 -47.700 5.220 50.921 -2.774
17.040 -47.700 5.220 50.921 -2.793
16.560 -49.680 5.400 52.645 -2.793
16.560 -49.680 5.400 52.645 -2.822
16.080 -51.840 5.580 54.563 -2.822
16.080 -51.840 5.580 54.563 -2.839
15.780 -53.880 6.060 56.469 -2.839
15.780 -53.880 6.060 56.469 -2.857
16.380 -55.680 5.220 58.274 -2.846
16.380 -55.680 5.220 58.274 -2.846
17.520 -57.300 5.160 60.140 -2.851
17.520 -57.300 5.160 60.140 -2.851
18.240 -58.260 4.860 61.242 -2.842
18.240 -58.260 4.860 61.242 -2.842
18.960 -58.920 4.020 62.026 -2.836
18.960 -58.920 4.020 62.026 -2.836
19.740 -58.860 3.240 62.166 -2.838
19.740 -58.860 3.240 62.166 -2.816
21.480 -58.980 1.620 62.791 -2.816
21.480 -58.980 1.620 62.791 -2.789
24.000 -58.560 .360 63.288 -2.789
24.000 -58.560 .360 63.288 -2.753
26.700 -57.900 -.660 63.763 -2.753
26.700 -57.900 -.660 63.763 -2.696
28.920 -57.300 -1.020 64.193 -2.696
28.920 -57.300 -1.020 64.193 -2.664
30.300 -56.100 -.840 63.765 -2.646
30.300 -56.100 -.840 63.765 -2.646
31.860 -55.560 -.780 64.051 -2.612
31.860 -55.560 -.780 64.051 -2.612
33.780 -54.360 .060 64.001 -2.612
33.780 -54.360 .060 64.001 -2.612
36.540 -53.100 1.200 64.469 -2.569
36.540 -53.100 1.200 64.469 -2.569
39.420 -51.900 2.340 65.215 -2.537
39.420 -51.900 2.340 65.215 -2.475
41.220 -50.580 3.540 65.345 -2.475
41.220 -50.580 3.540 65.345 -2.462
42.660 -49.500 4.440 65.497 -2.462
42.660 -49.500 4.440 65.497 -2.441
43.200 -48.660 4.560 65.229 -2.441
43.200 -48.660 4.560 65.229 -2.419
43.860 -47.520 4.500 64.824 -2.419
43.860 -47.520 4.500 64.824 -2.412
44.820 -46.080 4.620 64.448 -2.366
44.820 -46.080 4.620 64.448 -2.366
45.540 -45.120 4.320 64.252 -2.361
45.540 -45.120 4.320 64.252 -2.361
45.420 -44.400 3.780 63.629 -2.346
45.420 -44.400 3.780 63.629 -2.346
44.580 -44.640 2.880 63.154 -2.334
44.580 -44.640 2.880 63.154 -2.370
43.620 -45.300 1.620 62.908 -2.370
43.620 -45.300 1.620 62.908 -2.363
42.240 -45.720 .180 62.246 -2.363
42.240 -45.720 .180 62.246 -2.388
41.520 -46.020 -.960 61.989 -2.388
41.520 -46.020 -.960 61.989 -2.412
40.380 -46.080 -2.400 61.316 -2.412
40.380 -46.080 -2.400 61.316 -2.393
39.000 -46.320 -3.900 60.677 -2.431
39.000 -46.320 -3.900 60.677 -2.431
37.080 -46.860 -5.040 59.968 -2.469
37.080 -46.860 -5.040 59.968 -2.469
35.280 -47.520 -6.000 59.488 -2.483
35.280 -47.520 -6.000 59.488 -2.483
33.780 -47.700 -6.540 58.815 -2.474
33.780 -47.700 -6.540 58.815 -2.474
32.940 -48.060 -6.780 58.658 -2.523
32.940 -48.060 -6.780 58.658 -2.529
32.280 -47.760 -7.560 58.139 -2.529
32.280 -47.760 -7.560 58.139 -2.521
31.380 -48.300 -8.700 58.252 -2.521
31.380 -48.300 -8.700 58.252 -2.518
30.540 -49.020 -9.960 58.608 -2.518
30.540 -49.020 -9.960 58.608 -2.571
29.820 -49.680 -10.800 58.940 -2.571
29.820 -49.680 -10.800 58.940 -2.555
29.460 -50.820 -11.640 59.884 -2.572
29.460 -50.820 -11.640 59.884 -2.572
29.040 -50.940 -12.180 59.888 -2.639
29.040 -50.940 -12.180 59.888 -2.639
29.040 -51.360 -12.660 60.344 -2.583
29.040 -51.360 -12.660 60.344 -2.583
28.200 -51.540 -13.680 60.322 -2.586
28.200 -51.540 -13.680 60.322 -2.586
27.240 -51.120 -14.520 59.717 -2.647
27.240 -51.120 -14.520 59.717 -2.608
26.460 -51.240 -15.060 59.603 -2.608
26.460 -51.240 -15.060 59.603 -2.610
25.500 -50.940 -15.600 59.063 -2.610
25.500 -50.940 -15.600 59.063 -2.638
24.480 -50.700 -16.500 58.669 -2.638
24.480 -50.700 -16.500 58.669 -2.669
23.040 -51.000 -16.980 58.482 -2.683
23.040 -51.000 -16.980 58.482 -2.679
21.060 -50.820 -17.280 57.661 -2.699
21.060 -50.820 -17.280 57.661 -2.699
19.320 -50.400 -17.700 56.804 -2.730
19.320 -50.400 -17.700 56.804 -2.730
17.640 -49.620 -17.160 55.388 -2.752
17.640 -49.620 -17.160 55.388 -2.752
17.220 -48.480 -16.860 54.140 -2.763
17.220 -48.480 -16.860 54.140 -2.839
17.040 -47.160 -16.860 52.903 -2.839
17.040 -47.160 -16.860 52.903 -2.732
16.440 -46.920 -16.140 52.271 -2.732
16.440 -46.920 -16.140 52.271 -2.767
15.540 -46.560 -15.960 51.614 -2.767
15.540 -46.560 -15.960 51.614 -2.797
14.340 -46.860 -16.260 51.632 -2.797
14.340 -46.860 -16.260 51.632 -2.813
13.140 -48.180 -16.200 52.502 -2.845
13.140 -48.180 -16.200 52.502 -2.845
13.020 -49.200 -16.620 53.539 -2.852
13.020 -49.200 -16.620 53.539 -2.852
13.320 -50.640 -16.800 54.992 -2.885
13.320 -50.640 -16.800 54.992 -2.885
13.080 -51.900 -15.660 55.767 -2.876
13.080 -51.900 -15.660 55.767 -2.876
13.380 -52.200 -13.440 55.538 -2.855
13.380 -52.200 -13.440 55.538 -2.857
13.080 -52.080 -11.460 54.907 -2.857
13.080 -52.080 -11.460 54.907 -2.867
13.680 -51.660 -9.060 54.203 -2.867
13.680 -51.660 -9.060 54.203 -2.847
15.060 -51.180 -6.600 53.756 -2.847
15.060 -51.180 -6.600 53.756 -2.862
16.320 -51.120 -4.740 53.871 -2.862
16.320 -51.120 -4.740 53.871 -2.804
17.460 -51.120 -2.640 54.084 -2.798
17.460 -51.120 -2.640 54.084 -2.798
18.540 -51.240 -.420 54.493 -2.794
18.540 -51.240 -.420 54.493 -2.794
19.620 -51.240 1.860 54.899 -2.771
19.620 -51.240 1.860 54.899 -2.771
21.720 -51.420 4.260 55.981 -2.747
21.720 -51.420 4.260 55.981 -2.725
23.760 -52.440 7.020 57.998 -2.725
23.760 -52.440 7.020 57.998 -2.718
25.920 -54.120 9.360 60.732 -2.718
25.920 -54.120 9.360 60.732 -2.698
27.720 -56.460 10.920 63.839 -2.698
27.720 -56.460 10.920 63.839 -2.696
28.080 -59.280 11.820 66.651 -2.696
28.080 -59.280 11.820 66.651 -2.745
28.860 -62.160 11.700 69.524 -2.714
28.860 -62.160 11.700 69.524 -2.714
29.640 -64.440 11.040 71.784 -2.721
29.640 -64.440 11.040 71.784 -2.721
30.660 -65.940 9.600 73.350 -2.700
30.660 -65.940 9.600 73.350 -2.700
32.160 -67.080 7.560 74.774 -2.701
32.160 -67.080 7.560 74.774 -2.701
32.460 -67.680 5.880 75.291 -2.698
32.460 -67.680 5.880 75.291 -2.698
32.340 -68.100 3.360 75.464 -2.698
32.340 -68.100 3.360 75.464 -2.691
31.920 -68.400 1.740 75.501 -2.691
31.920 -68.400 1.740 75.501 -2.700
31.500 -68.220 .000 75.141 -2.700
31.500 -68.220 .000 75.141 -2.667
31.740 -67.620 -2.100 74.728 -2.667
31.740 -67.620 -2.100 74.728 -2.697
31.920 -66.540 -3.720 73.894 -2.674
31.920 -66.540 -3.720 73.894 -2.674
30.900 -65.520 -5.940 72.684 -2.682
30.900 -65.520 -5.940 72.684 -2.682
29.820 -64.080 -7.740 71.101 -2.690
29.820 -64.080 -7.740 71.101 -2.690
29.160 -62.280 -9.420 69.411 -2.658
29.160 -62.280 -9.420 69.411 -2.658
28.620 -60.300 -10.740 67.606 -2.656
29.100 -57.540 -11.640 65.522 -2.700
29.100 -57.540 -11.640 65.522 -2.700
29.160 -55.320 -12.240 63.721 -2.633
29.160 -55.320 -12.240 63.721 -2.633
28.380 -54.360 -12.960 62.677 -2.613
28.380 -54.360 -12.960 62.677 -2.613
27.840 -53.880 -13.320 62.093 -2.611
27.840 -53.880 -13.320 62.093 -2.638
27.540 -54.600 -13.320 62.586 -2.638
27.540 -54.600 -13.320 62.586 -2.635
28.320 -56.100 -13.260 64.227 -2.635
28.320 -56.100 -13.260 64.227 -2.619
29.760 -57.300 -12.720 65.808 -2.619
29.760 -57.300 -12.720 65.808 -2.663
31.500 -58.980 -12.660 68.053 -2.663
31.500 -58.980 -12.660 68.053 -2.610
34.020 -60.840 -12.900 70.889 -2.595
34.020 -60.840 -12.900 70.889 -2.595
37.320 -61.200 -13.560 72.953 -2.615
37.320 -61.200 -13.560 72.953 -2.615
42.600 -59.940 -13.980 74.853 -2.545
42.600 -59.940 -13.980 74.853 -2.545
48.660 -56.940 -14.880 76.363 -2.486
48.660 -56.940 -14.880 76.363 -2.486
54.660 -51.120 -16.080 76.548 -2.423
54.660 -51.120 -16.080 76.548 -2.298
59.520 -44.580 -17.160 76.318 -2.298
59.520 -44.580 -17.160 76.318 -2.172
62.280 -37.860 -18.720 75.250 -2.172
62.280 -37.860 -18.720 75.250 -2.058
63.480 -30.540 -18.840 72.920 -2.058
63.480 -30.540 -18.840 72.920 -2.008
63.360 -23.760 -18.000 70.022 -2.008
63.360 -23.760 -18.000 70.022 -1.881
62.760 -16.380 -16.440 66.913 -1.766
62.760 -16.380 -16.440 66.913 -1.766
61.140 -10.200 -14.040 63.555 -1.821
61.140 -10.200 -14.040 63.555 -1.821
59.160 -5.640 -11.520 60.535 -1.697
59.160 -5.640 -11.520 60.535 -1.697
57.420 -2.880 -9.180 58.220 -1.627
57.420 -2.880 -9.180 58.220 -1.627
55.860 -2.040 -6.960 56.329 -1.594
55.860 -2.040 -6.960 56.329 -1.599
54.780 -1.800 -5.160 55.052 -1.599
54.780 -1.800 -5.160 55.052 -1.589
53.760 -1.860 -3.480 53.905 -1.589
53.760 -1.860 -3.480 53.905 -1.600
52.560 -2.640 -2.100 52.668 -1.600
52.560 -2.640 -2.100 52.668 -1.618
51.420 -4.620 -1.140 51.640 -1.640
51.420 -4.620 -1.140 51.640 -1.640
50.520 -7.740 -.780 51.115 -1.723
50.520 -7.740 -.780 51.115 -1.723
49.800 -11.400 -1.500 51.110 -1.721
49.800 -11.400 -1.500 51.110 -1.721
49.440 -14.940 -2.820 51.725 -1.807
49.440 -14.940 -2.820 51.725 -1.807
48.660 -17.520 -4.620 51.924 -1.857
48.660 -17.520 -4.620 51.924 -1.885
47.700 -18.360 -6.600 51.536 -1.885
47.700 -18.360 -6.600 51.536 -1.933
46.980 -19.080 -8.940 51.489 -1.933
46.980 -19.080 -8.940 51.489 -1.906
46.320 -18.720 -10.980 51.152 -1.906
46.320 -18.720 -10.980 51.152 -1.896
46.080 -18.240 -12.600 51.135 -1.896
46.080 -18.240 -12.600 51.135 -1.938
45.660 -17.760 -14.220 51.014 -1.896
45.660 -17.760 -14.220 51.014 -1.896
45.360 -15.840 -14.520 50.192 -1.843
45.360 -15.840 -14.520 50.192 -1.843
44.760 -13.860 -14.940 49.181 -1.906
44.760 -13.860 -14.940 49.181 -1.906
44.280 -12.060 -14.940 48.264 -1.809
44.280 -12.060 -14.940 48.264 -1.809
43.920 -10.500 -14.160 47.326 -1.783
43.920 -10.500 -14.160 47.326 -1.779
44.160 -10.680 -13.860 47.500 -1.779
44.160 -10.680 -13.860 47.500 -1.787
44.100 -11.040 -12.720 47.207 -1.787
44.100 -11.040 -12.720 47.207 -1.766
44.340 -11.400 -11.160 47.123 -1.766
44.340 -11.400 -11.160 47.123 -1.780
44.460 -12.000 -9.840 47.091 -1.780
44.460 -12.000 -9.840 47.091 -1.854
43.620 -12.300 -7.800 45.987 -1.802
43.620 -12.300 -7.800 45.987 -1.802
43.440 -13.140 -6.240 45.811 -1.832
43.440 -13.140 -6.240 45.811 -1.832
43.140 -15.300 -5.280 46.076 -1.855
43.140 -15.300 -5.280 46.076 -1.855
43.140 -17.220 -4.080 46.629 -1.904
43.140 -17.220 -4.080 46.629 -1.904
42.960 -19.080 -3.480 47.135 -1.926
42.960 -19.080 -3.480 47.135 -1.966
42.780 -20.460 -3.000 47.516 -1.966
42.780 -20.460 -3.000 47.516 -2.024
43.020 -21.360 -2.460 48.094 -2.024
43.020 -21.360 -2.460 48.094 -2.002
42.720 -22.680 -1.920 48.405 -2.002
42.720 -22.680 -1.920 48.405 -2.046
42.780 -24.540 -1.500 49.342 -2.074
42.780 -24.540 -1.500 49.342 -2.096
42.840 -26.700 -1.620 50.505 -2.126
42.840 -26.700 -1.620 50.505 -2.126
42.120 -28.080 -1.560 50.646 -2.161
42.120 -28.080 -1.560 50.646 -2.161
42.060 -28.440 -2.220 50.821 -2.154
42.060 -28.440 -2.220 50.821 -2.154
42.000 -27.720 -2.700 50.395 -2.166
42.000 -27.720 -2.700 50.395 -2.141
42.120 -26.520 -2.640 49.843 -2.141
42.120 -26.520 -2.640 49.843 -2.116
42.180 -25.440 -3.180 49.360 -2.116
42.180 -25.440 -3.180 49.360 -2.114
41.940 -24.780 -3.720 48.855 -2.114
41.940 -24.780 -3.720 48.855 -2.106
42.000 -23.280 -4.320 48.214 -2.106
42.000 -23.280 -4.320 48.214 -2.057
41.880 -21.300 -5.220 47.274 -1.996
41.880 -21.300 -5.220 47.274 -1.996
41.760 -18.420 -5.760 46.004 -1.991
41.760 -18.420 -5.760 46.004 -1.991
42.300 -15.180 -5.460 45.272 -1.886
42.300 -15.180 -5.460 45.272 -1.886
42.900 -13.380 -5.460 45.269 -1.903
42.900 -13.380 -5.460 45.269 -1.903
43.560 -12.360 -5.340 45.593 -1.866
43.560 -12.360 -5.340 45.593 -1.848
44.640 -11.640 -4.320 46.334 -1.848
44.640 -11.640 -4.320 46.334 -1.815
44.880 -11.100 -3.960 46.402 -1.815
44.880 -11.100 -3.960 46.402 -1.799
44.940 -10.020 -2.700 46.123 -1.799
44.940 -10.020 -2.700 46.123 -1.790
44.820 -9.600 -1.680 45.867 -1.790
44.820 -9.600 -1.680 45.867 -1.748
44.400 -10.560 -.540 45.642 -1.813
44.400 -10.560 -.540 45.642 -1.813
44.100 -12.660 .300 45.882 -1.864
44.100 -12.660 .300 45.882 -1.864
44.040 -15.420 .420 46.663 -1.945
44.040 -15.420 .420 46.663 -1.945
43.920 -18.120 1.380 47.531 -1.915
43.920 -18.120 1.380 47.531 -1.915
43.320 -20.220 .540 47.810 -1.975
43.320 -20.220 .540 47.810 -2.008
43.020 -21.480 -.780 48.091 -2.008
43.020 -21.480 -.780 48.091 -2.020
42.060 -22.980 -1.920 47.967 -2.020
42.060 -22.980 -1.920 47.967 -2.057
40.920 -24.240 -4.560 47.779 -2.057
40.920 -24.240 -4.560 47.779 -2.103
40.140 -24.840 -7.020 47.723 -2.103
40.140 -24.840 -7.020 47.723 -2.108
38.760 -25.560 -9.180 47.328 -2.110
38.760 -25.560 -9.180 47.328 -2.110
37.680 -25.980 -11.400 47.167 -2.113
37.680 -25.980 -11.400 47.167 -2.113
36.960 -26.040 -13.200 47.100 -2.181
36.960 -26.040 -13.200 47.100 -2.181
36.000 -27.000 -14.400 47.248 -2.132
36.000 -27.000 -14.400 47.248 -2.144
35.820 -27.180 -15.720 47.633 -2.144
35.820 -27.180 -15.720 47.633 -2.193
35.580 -25.920 -16.980 47.182 -2.193
35.580 -25.920 -16.980 47.182 -2.175
34.980 -23.940 -17.640 45.912 -2.175
34.980 -23.940 -17.640 45.912 -2.101
34.380 -19.800 -18.300 43.691 -2.101
34.380 -19.800 -18.300 43.691 -1.958
32.280 -15.060 -18.000 39.910 -1.992
32.280 -15.060 -18.000 39.910 -1.992
29.640 -11.040 -17.520 36.157 -1.781
29.640 -11.040 -17.520 36.157 -1.781
26.400 -7.320 -17.100 32.295 -1.669
26.400 -7.320 -17.100 32.295 -1.669
22.980 -4.980 -16.080 28.486 -1.681
22.980 -4.980 -16.080 28.486 -1.681
20.340 -3.540 -15.480 25.805 -1.657
20.340 -3.540 -15.480 25.805 -1.578
17.760 -2.100 -14.580 23.074 -1.578
17.760 -2.100 -14.580 23.074 -1.548
15.960 -1.140 -13.980 21.248 -1.548
15.960 -1.140 -13.980 21.248 -1.624
14.580 -.180 -13.800 20.076 -1.624
14.580 -.180 -13.800 20.076 -1.356
13.860 .240 -13.920 19.645 -1.356
13.860 .240 -13.920 19.645 -1.320
13.860 .300 -14.580 20.119 -1.477
13.860 .300 -14.580 20.119 -1.477
13.500 .060 -15.060 20.225 -1.170
13.500 .060 -15.060 20.225 -1.170
13.920 -.960 -15.480 20.840 -1.271
13.920 -.960 -15.480 20.840 -1.271
13.860 -2.460 -16.080 21.371 -1.586
13.860 -2.460 -16.080 21.371 -1.586
14.040 -4.020 -16.020 21.678 -1.585
14.040 -4.020 -16.020 21.678 -1.576
13.980 -5.100 -16.020 21.865 -1.576
13.980 -5.100 -16.020 21.865 -1.492
13.440 -5.880 -15.900 21.634 -1.492
13.440 -5.880 -15.900 21.634 -1.902
13.200 -5.460 -15.420 21.020 -1.902
13.200 -5.460 -15.420 21.020 -1.690
12.720 -4.860 -15.480 20.617 -1.620
12.720 -4.860 -15.480 20.617 -1.620
12.900 -3.600 -15.660 20.606 -1.880
12.900 -3.600 -15.660 20.606 -1.880
12.960 -1.800 -16.260 20.871 -1.265
12.960 -1.800 -16.260 20.871 -1.265
12.660 .180 -16.920 21.133 -1.349
12.660 .180 -16.920 21.133 -1.349
11.820 2.520 -17.580 21.334 -1.343
11.820 2.520 -17.580 21.334 -1.080
10.920 3.900 -18.780 22.071 -1.080
10.920 3.900 -18.780 22.071 -.955
9.960 5.040 -20.220 23.097 -.955
9.960 5.040 -20.220 23.097 -.517
9.360 4.980 -21.960 24.385 -.517
9.360 4.980 -21.960 24.385 -.875
9.360 4.080 -24.360 26.413 -.875
9.360 4.080 -24.360 26.413 -.740
9.120 2.460 -27.120 28.718 -.840
9.120 2.460 -27.120 28.718 -.840
9.120 1.200 -30.060 31.436 -1.338
9.120 1.200 -30.060 31.436 -1.338
9.180 -.240 -33.540 34.774 -.614
9.180 -.240 -33.540 34.774 -.614
9.240 -1.380 -36.960 38.122 -.873
9.240 -1.380 -36.960 38.122 -.873
9.780 -1.260 -40.380 41.567 -1.952
9.780 -1.260 -40.380 41.567 -.602
10.260 -.780 -43.740 44.934 -.602
10.980 .960 -46.020 47.321 -.803
10.980 .960 -46.020 47.321 -.803
11.700 3.480 -47.280 48.830 -1.509
11.700 3.480 -47.280 48.830 -1.509
13.020 6.420 -46.860 49.057 -.597
13.020 6.420 -46.860 49.057 -.782
14.040 8.700 -45.540 48.443 -.782
14.040 8.700 -45.540 48.443 -.269
14.880 10.740 -43.200 46.936 -.269
14.880 10.740 -43.200 46.936 -.689
16.260 11.880 -40.200 44.962 -.689
16.260 11.880 -40.200 44.962 -.671
17.520 12.060 -37.320 42.956 -.671
17.520 12.060 -37.320 42.956 -.701
19.320 11.880 -34.140 40.987 -1.110
19.320 11.880 -34.140 40.987 -1.110
21.060 10.980 -31.020 39.068 -.865
21.060 10.980 -31.020 39.068 -.865
22.800 10.020 -27.720 37.264 -.876
22.800 10.020 -27.720 37.264 -.876
24.540 8.880 -24.600 35.864 -1.176
24.540 8.880 -24.600 35.864 -1.176
26.700 7.500 -21.720 35.226 -1.135
26.700 7.500 -21.720 35.226 -1.206
28.860 6.540 -19.080 35.210 -1.206
28.860 6.540 -19.080 35.210 -1.318
31.740 5.040 -16.560 36.153 -1.318
31.740 5.040 -16.560 36.153 -1.360
34.140 4.140 -14.520 37.330 -1.360
34.140 4.140 -14.520 37.330 -1.383
35.640 3.900 -11.940 37.789 -1.383
35.640 3.900 -11.940 37.789 -1.317
37.200 3.420 -10.260 38.740 -1.455
37.200 3.420 -10.260 38.740 -1.455
37.980 3.960 -9.660 39.389 -1.419
37.980 3.960 -9.660 39.389 -1.419
37.860 3.720 -8.700 39.024 -1.417
37.860 3.720 -8.700 39.024 -1.417
38.160 3.480 -8.640 39.280 -1.469
38.160 3.480 -8.640 39.280 -1.472
37.680 3.480 -8.340 38.749 -1.419
37.680 3.480 -8.340 38.749 -1.434
35.880 4.080 -7.680 36.919 -1.434
35.880 4.080 -7.680 36.919 -1.448
34.740 5.220 -7.260 35.872 -1.448
34.740 5.220 -7.260 35.872 -1.405
32.940 6.120 -6.300 34.091 -1.405
32.940 6.120 -6.300 34.091 -1.357
31.080 7.500 -5.520 32.445 -1.318
31.080 7.500 -5.520 32.445 -1.318
29.340 8.700 -4.560 30.941 -1.272
29.340 8.700 -4.560 30.941 -1.272
26.700 10.380 -2.880 28.791 -1.261
26.700 10.380 -2.880 28.791 -1.261
23.760 12.300 -1.560 26.800 -1.200
23.760 12.300 -1.560 26.800 -1.200
21.180 13.680 -.480 25.218 -1.089
21.180 13.680 -.480 25.218 -1.014
19.560 14.640 .840 24.446 -1.014
19.560 14.640 .840 24.446 -.939
18.480 14.400 .900 23.445 -.939
18.480 14.400 .900 23.445 -.911
17.460 13.620 .720 22.156 -.911
17.460 13.620 .720 22.156 -.929
16.020 12.420 .060 20.271 -.929
16.020 12.420 .060 20.271 -.940
14.220 10.620 -1.200 17.789 -.930
14.220 10.620 -1.200 17.789 -.930
12.540 9.060 -2.100 15.612 -.942
12.540 9.060 -2.100 15.612 -.942
11.460 7.560 -2.820 14.016 -.935
11.460 7.560 -2.820 14.016 -.935
10.440 6.300 -3.060 12.572 -.960
10.440 6.300 -3.060 12.572 -.960
9.180 4.620 -3.480 10.850 -1.029
9.180 4.620 -3.480 10.850 -1.056
7.740 3.600 -3.600 9.264 -1.056
7.740 3.600 -3.600 9.264 -1.076
6.000 2.880 -3.840 7.684 -1.076
6.000 2.880 -3.840 7.684 -1.069
4.680 2.460 -3.420 6.297 -1.069
4.680 2.460 -3.420 6.297 -1.033
4.080 2.820 -3.000 5.796 -.803
4.080 2.820 -3.000 5.796 -.882
3.840 3.360 -2.520 5.691 -.801
3.840 3.360 -2.520 5.691 -.801
3.600 4.260 -1.620 5.808 -.709
3.600 4.260 -1.620 5.808 -.709
3.120 5.520 -1.140 6.442 -.675
3.120 5.520 -1.140 6.442 -.675
2.460 7.380 -.120 7.780 -.512
2.460 7.380 -.120 7.780 -.319
1.620 9.240 .900 9.424 -.319
1.620 9.240 .900 9.424 -.183
1.140 11.700 2.160 11.952 -.183
1.140 11.700 2.160 11.952 -.100
1.140 14.040 2.580 14.321 -.100
1.140 14.040 2.580 14.321 -.087
.780 16.440 2.760 16.688 -.087
.780 16.440 2.760 16.688 -.043
.360 18.600 2.100 18.722 -.022
.360 18.600 2.100 18.722 -.022
-1.080 19.740 1.080 19.799 .061
-1.080 19.740 1.080 19.799 .061
-2.940 20.340 .180 20.552 .144
-2.940 20.340 .180 20.552 .144
-4.560 20.220 -.480 20.733 .151
-4.560 20.220 -.480 20.733 .151
-5.940 19.620 -.960 20.522 .227
-5.940 19.620 -.960 20.522 .293
-6.900 18.960 -2.040 20.279 .293
-6.900 18.960 -2.040 20.279 .350
-7.200 18.120 -2.880 19.710 .350
-7.200 18.120 -2.880 19.710 .363
-7.380 16.380 -4.620 18.550 .363
-7.380 16.380 -4.620 18.550 .438
-7.200 15.120 -6.360 17.914 .438
-7.200 15.120 -6.360 17.914 .396
-5.100 13.860 -8.820 17.202 .336
-5.100 13.860 -8.820 17.202 .336
-3.000 12.900 -12.000 17.872 .175
-3.000 12.900 -12.000 17.872 .175
-.420 12.660 -15.600 20.095 -.002
-.420 12.660 -15.600 20.095 -.002
1.860 11.760 -20.640 23.828 .023
1.860 11.760 -20.640 23.828 -.193
3.720 11.340 -25.440 28.100 -.140
3.720 11.340 -25.440 28.100 -.221
5.580 11.520 -29.880 32.506 -.221
5.580 11.520 -29.880 32.506 -.236
7.320 13.440 -33.840 37.140 -.236
7.320 13.440 -33.840 37.140 -.384
9.420 15.900 -36.240 40.680 -.384
9.420 15.900 -36.240 40.680 -.645
10.500 18.660 -38.040 43.652 -.297
10.500 18.660 -38.040 43.652 -.297
10.800 21.720 -38.520 45.521 -.361
10.800 21.720 -38.520 45.521 -.361
10.500 22.860 -38.040 45.606 -.374
10.500 22.860 -38.040 45.606 -.374
10.080 24.000 -36.840 45.109 -.418
10.080 24.000 -36.840 45.109 -.418
9.840 24.300 -34.740 43.522 -.367
9.840 24.300 -34.740 43.522 -.383
9.780 23.340 -32.760 41.396 -.383
9.780 23.340 -32.760 41.396 -.359
8.880 22.200 -30.300 38.598 -.359
8.880 22.200 -30.300 38.598 -.320
6.960 20.460 -28.200 35.529 -.320
6.960 20.460 -28.200 35.529 -.305
4.920 18.420 -26.520 32.662 -.305
4.920 18.420 -26.520 32.662 -.153
2.520 16.380 -24.480 29.562 -.012
2.520 16.380 -24.480 29.562 -.012
1.200 14.760 -22.680 27.087 -.041
1.200 14.760 -22.680 27.087 -.041
.480 13.200 -20.760 24.606 -.090
.480 13.200 -20.760 24.606 -.090
.000 11.700 -18.660 22.025 -.047
.000 11.700 -18.660 22.025 -.047
-.060 10.380 -16.920 19.850 -.025
-.060 10.380 -16.920 19.850 .088
.000 8.760 -15.300 17.630 .088
.000 8.760 -15.300 17.630 -.060
.480 7.740 -15.360 17.207 -.060
.480 7.740 -15.360 17.207 -.025
1.080 7.260 -15.000 16.700 -.025
1.080 7.260 -15.000 16.700 -.099
1.680 7.020 -14.460 16.162 -.099
1.680 7.020 -14.460 16.162 -.409
2.340 7.320 -14.040 16.006 -.204
2.340 7.320 -14.040 16.006 -.204
2.040 7.860 -11.940 14.440 -.269
2.040 7.860 -11.940 14.440 -.269
1.980 8.220 -10.800 13.716 -.050
1.980 8.220 -10.800 13.716 -.050
1.380 8.520 -9.660 12.954 -.027
1.380 8.520 -9.660 12.954 -.164
.780 9.000 -8.880 12.667 -.164
.780 9.000 -8.880 12.667 -.119
.240 9.360 -8.520 12.659 -.119
.240 9.360 -8.520 12.659 -.022
-.840 9.960 -8.400 13.056 -.022
-.840 9.960 -8.400 13.056 .040
-2.400 10.140 -9.300 13.967 .040
-2.400 10.140 -9.300 13.967 .265
-3.900 9.960 -10.200 14.780 .318
-3.900 9.960 -10.200 14.780 .318
-4.920 9.480 -11.580 15.754 .354
-4.920 9.480 -11.580 15.754 .354
-5.760 8.640 -12.540 16.281 .344
-5.760 8.640 -12.540 16.281 .344
-6.180 7.740 -12.720 16.121 .514
-6.180 7.740 -12.720 16.121 .514
-6.660 6.900 -12.120 15.455 .540
-6.660 6.900 -12.120 15.455 .559
-7.620 6.120 -10.020 13.997 .559
-7.620 6.120 -10.020 13.997 .989
-9.000 5.280 -7.080 12.610 .989
-9.000 5.280 -7.080 12.610 .935
-9.360 5.040 -3.960 11.344 .935
-9.360 5.040 -3.960 11.344 1.015
-9.780 5.340 -.780 11.170 1.015
-9.780 5.340 -.780 11.170 1.071
-10.380 5.940 1.500 12.053 1.117
-10.380 5.940 1.500 12.053 1.117
-10.620 6.120 2.460 12.502 1.111
-10.620 6.120 2.460 12.502 1.111
-11.340 6.720 3.240 13.574 1.035
-11.340 6.720 3.240 13.574 1.035
-12.000 7.200 2.520 14.219 1.050
-12.000 7.200 2.520 14.219 1.050
-11.280 7.740 1.380 13.750 .990
-11.280 7.740 1.380 13.750 .995
-10.380 8.820 .300 13.624 .995
-10.380 8.820 .300 13.624 .870
-9.120 9.480 -2.040 13.312 .870
-9.120 9.480 -2.040 13.312 .749
-7.980 8.940 -3.540 12.495 .749
-7.980 8.940 -3.540 12.495 .698
-7.680 8.160 -5.220 12.362 .698
-7.680 8.160 -5.220 12.362 .779
-6.840 7.440 -6.420 11.973 .720
-6.840 7.440 -6.420 11.973 .720
-5.700 7.080 -6.600 11.233 .581
-4.200 7.440 -6.600 10.796 .581
-4.200 7.440 -6.600 10.796 .238
-1.800 8.400 -6.000 10.479 .238
-1.800 8.400 -6.000 10.479 .208
-.300 9.420 -5.220 10.774 .011
-.300 9.420 -5.220 10.774 .004
1.140 10.500 -4.140 11.344 .008
1.140 10.500 -4.140 11.344 .008
2.580 12.120 -3.180 12.793 -.152
2.580 12.120 -3.180 12.793 -.152
3.720 13.560 -2.700 14.318 -.208
3.720 13.560 -2.700 14.318 -.208
5.400 15.180 -3.000 16.389 -.278
5.400 15.180 -3.000 16.389 -.344
6.720 17.040 -4.200 18.793 -.344
6.720 17.040 -4.200 18.793 -.381
7.080 18.240 -5.940 20.448 -.381
7.080 18.240 -5.940 20.448 -.359
6.720 18.840 -7.920 21.513 -.359
6.720 18.840 -7.920 21.513 -.306
6.360 18.660 -10.740 22.450 -.306
6.360 18.660 -10.740 22.450 -.317
5.700 17.580 -13.860 23.101 -.276
5.700 17.580 -13.860 23.101 -.276
5.580 16.140 -16.740 23.914 -.301
5.580 16.140 -16.740 23.914 -.301
5.100 13.860 -19.740 24.653 -.297
5.100 13.860 -19.740 24.653 -.297
3.960 11.580 -21.780 24.983 -.329
3.960 11.580 -21.780 24.983 -.329
3.180 8.700 -22.980 24.777 -.355
3.180 8.700 -22.980 24.777 -.450
2.340 6.060 -24.360 25.211 -.450
2.340 6.060 -24.360 25.211 -.305
1.920 4.560 -24.840 25.328 -.305
1.920 4.560 -24.840 25.328 -.439
1.980 3.540 -24.660 24.991 -.439
1.980 3.540 -24.660 24.991 -.666
2.340 3.300 -24.900 25.226 -.666
2.340 3.300 -24.900 25.226 -.324
2.580 2.940 -24.900 25.205 -.403
2.580 2.940 -24.900 25.205 -.403
3.120 3.000 -25.440 25.806 .221
3.120 3.000 -25.440 25.806 .221
3.960 2.760 -26.400 26.838 -.224
3.960 2.760 -26.400 26.838 -.224
4.260 2.340 -27.780 28.202 -.576
4.260 2.340 -27.780 28.202 -.938
4.860 1.740 -29.520 29.968 -.938
4.860 1.740 -29.520 29.968 -.662
5.400 .000 -31.380 31.841 -.662
5.400 .000 -31.380 31.841 -.785
5.700 -1.860 -33.300 33.835 -.785
5.700 -1.860 -33.300 33.835 -.369
5.940 -4.020 -34.440 35.179 -.369
5.940 -4.020 -34.440 35.179 -1.562
5.940 -6.720 -34.920 36.053 -1.548
5.940 -6.720 -34.920 36.053 -1.548
5.760 -8.640 -34.200 35.742 -1.449
5.760 -8.640 -34.200 35.742 -1.449
5.220 -10.320 -32.580 34.572 -2.097
5.220 -10.320 -32.580 34.572 -2.097
4.860 -11.160 -30.420 32.765 -1.788
4.860 -11.160 -30.420 32.765 -1.788
4.500 -10.380 -27.900 30.107 -1.673
4.500 -10.380 -27.900 30.107 -2.805
4.500 -9.000 -25.560 27.469 -2.805
4.500 -9.000 -25.560 27.469 -2.109
4.560 -6.240 -23.760 24.985 -2.109
4.560 -6.240 -23.760 24.985 -1.179
5.040 -2.700 -22.260 22.983 -1.179
5.040 -2.700 -22.260 22.983 -1.057
5.580 .900 -21.720 22.443 -1.057
5.580 .900 -21.720 22.443 -1.163
6.180 4.200 -22.260 23.481 -.665
6.180 4.200 -22.260 23.481 -.665
6.660 6.660 -23.280 25.113 -.740
6.660 6.660 -23.280 25.113 -.740
6.660 8.280 -25.080 27.238 -.549
6.660 8.280 -25.080 27.238 -.549
7.080 8.940 -27.420 29.697 -.531
7.080 8.940 -27.420 29.697 -.531
7.320 9.060 -29.520 31.735 -.557
7.320 9.060 -29.520 31.735 -.640
7.440 8.520 -31.500 33.469 -.640
7.440 8.520 -31.500 33.469 -.489
8.040 6.960 -33.600 35.243 -.489
8.040 6.960 -33.600 35.243 -.663
7.800 5.280 -34.620 35.878 -.663
7.800 5.280 -34.620 35.878 -1.055
7.500 3.180 -34.980 35.916 -1.055
7.500 3.180 -34.980 35.916 -.723
7.620 .540 -34.620 35.453 -1.291
7.620 .540 -34.620 35.453 -1.291
7.140 -1.200 -33.300 34.078 -.411
7.140 -1.200 -33.300 34.078 -.411
6.600 -3.060 -31.620 32.446 -1.451
6.600 -3.060 -31.620 32.446 -1.451
6.060 -3.900 -29.700 30.562 -.954
6.060 -3.900 -29.700 30.562 -.873
4.620 -3.720 -27.180 27.820 -1.070
4.620 -3.720 -27.180 27.820 -2.995
3.660 -3.060 -24.780 25.235 -2.995
3.660 -3.060 -24.780 25.235 -.606
2.400 -.900 -22.020 22.169 -.606
2.400 -.900 -22.020 22.169 -.488
1.200 1.080 -20.040 20.105 -.488
1.200 1.080 -20.040 20.105 -1.344
.120 3.240 -19.320 19.590 -.005
.120 3.240 -19.320 19.590 -.005
-1.560 5.400 -18.840 19.661 .095
-1.560 5.400 -18.840 19.661 .095
-2.940 6.840 -18.840 20.258 .385
-2.940 6.840 -18.840 20.258 .385
-4.320 8.040 -18.540 20.665 .361
-4.320 8.040 -18.540 20.665 .361
-4.860 9.240 -17.940 20.757 .383
-4.860 9.240 -17.940 20.757 .363
-4.740 10.380 -16.500 20.061 .363
-4.740 10.380 -16.500 20.061 .328
-4.200 11.280 -15.180 19.373 .328
-4.200 11.280 -15.180 19.373 .280
-3.660 12.780 -13.200 18.734 .280
-3.660 12.780 -13.200 18.734 .214
-3.120 14.040 -11.280 18.278 .214
-3.120 14.040 -11.280 18.278 .195
-1.860 15.600 -9.420 18.318 .033
-1.860 15.600 -9.420 18.318 .033
.240 17.700 -7.440 19.202 -.011
.240 17.700 -7.440 19.202 -.011
2.880 19.200 -6.000 20.321 -.147
2.880 19.200 -6.000 20.321 -.147
5.400 21.060 -4.500 22.202 -.170
5.400 21.060 -4.500 22.202 -.170
7.380 22.200 -4.440 23.812 -.246
7.380 22.200 -4.440 23.812 -.320
8.880 23.100 -5.760 25.409 -.320
8.880 23.100 -5.760 25.409 -.344
10.860 23.880 -7.980 27.420 -.344
10.860 23.880 -7.980 27.420 -.401
13.680 23.640 -11.580 29.666 -.401
13.680 23.640 -11.580 29.666 -.489
16.500 22.440 -15.900 32.072 -.601
16.500 22.440 -15.900 32.072 -.624
19.200 20.400 -20.220 34.549 -.649
19.200 20.400 -20.220 34.549 -.649
20.460 17.640 -24.960 36.780 -.734
20.460 17.640 -24.960 36.780 -.734
21.420 14.820 -28.980 38.965 -.675
21.420 14.820 -28.980 38.965 -.675
22.080 12.060 -32.160 40.832 -.865
22.080 12.060 -32.160 40.832 -.829
23.400 8.640 -34.740 42.768 -.829
23.400 8.640 -34.740 42.768 -.895
25.200 4.860 -36.240 44.407 -.895
25.200 4.860 -36.240 44.407 -1.334
26.520 1.260 -37.380 45.849 -1.334
26.520 1.260 -37.380 45.849 -1.088
27.960 -1.560 -37.800 47.043 -1.088
27.960 -1.560 -37.800 47.043 -1.238
28.920 -2.880 -38.220 48.015 -1.528
28.920 -2.880 -38.220 48.015 -1.528
30.000 -3.060 -38.340 48.778 -1.418
30.000 -3.060 -38.340 48.778 -1.418
30.720 -2.220 -38.160 49.039 -1.352
30.720 -2.220 -38.160 49.039 -1.352
31.500 -1.020 -38.700 49.910 -1.174
31.500 -1.020 -38.700 49.910 -1.174
31.920 .480 -38.700 50.168 -1.469
31.920 .480 -38.700 50.168 -1.240
31.800 2.460 -38.940 50.335 -1.240
31.800 2.460 -38.940 50.335 -1.217
31.680 4.140 -39.360 50.695 -1.217
31.680 4.140 -39.360 50.695 -1.296
31.980 4.860 -39.180 50.808 -1.296
31.980 4.860 -39.180 50.808 -1.030
31.740 4.980 -38.640 50.252 -1.115
31.740 4.980 -38.640 50.252 -1.115
31.920 4.500 -36.960 49.043 -1.316
31.920 4.500 -36.960 49.043 -1.316
32.100 4.140 -34.740 47.481 -1.253
32.100 4.140 -34.740 47.481 -1.253
31.440 5.220 -31.860 45.064 -1.207
31.440 5.220 -31.860 45.064 -1.207
31.200 6.600 -28.800 42.970 -1.185
31.200 6.600 -28.800 42.970 -1.242
31.080 8.460 -26.160 41.496 -1.242
31.080 8.460 -26.160 41.496 -1.053
30.540 10.740 -24.780 40.769 -1.053
30.540 10.740 -24.780 40.769 -1.072
29.880 12.780 -23.760 40.258 -1.072
29.880 12.780 -23.760 40.258 -1.165
28.740 15.660 -23.160 40.095 -1.165
28.740 15.660 -23.160 40.095 -.946
26.820 18.300 -24.120 40.447 -.879
26.820 18.300 -24.120 40.447 -.879
24.960 20.340 -24.960 40.740 -.756
24.960 20.340 -24.960 40.740 -.756
22.980 21.960 -26.940 41.666 -.746
22.980 21.960 -26.940 41.666 -.746
20.820 22.200 -29.460 42.358 -.662
20.820 22.200 -29.460 42.358 -.662
18.840 21.600 -31.800 42.811 -.509
18.840 21.600 -31.800 42.811 -.786
17.340 19.920 -34.620 43.543 -.786
17.340 19.920 -34.620 43.543 -.556
15.840 17.220 -36.540 43.389 -.556
15.840 17.220 -36.540 43.389 -.549
14.580 13.920 -38.340 43.316 -.549
14.580 13.920 -38.340 43.316 -.663
13.560 9.720 -39.480 42.861 -.663
13.560 9.720 -39.480 42.861 -.597
12.240 5.460 -38.880 41.125 -.640
12.240 5.460 -38.880 41.125 -.640
11.460 .840 -37.920 39.623 -1.141
11.460 .840 -37.920 39.623 -1.141
10.920 -2.460 -35.760 37.471 -1.129
10.920 -2.460 -35.760 37.471 -1.129
10.740 -4.920 -33.000 35.051 -1.133
10.740 -4.920 -33.000 35.051 -1.133
11.040 -6.000 -30.180 32.691 -1.344
11.040 -6.000 -30.180 32.691 -1.942
11.220 -6.000 -26.820 29.685 -1.942
11.220 -6.000 -26.820 29.685 -1.444
11.580 -5.640 -24.420 27.609 -1.444
11.820 -4.500 -22.500 25.811 -1.597
11.820 -4.500 -22.500 25.811 -1.597
12.000 -3.000 -21.720 24.995 -1.902
12.000 -3.000 -21.720 24.995 -1.513
12.480 -1.440 -22.020 25.352 -1.305
12.480 -1.440 -22.020 25.352 -1.208
13.200 -.240 -22.920 26.450 -1.208
13.200 -.240 -22.920 26.450 -.944
14.040 .960 -23.760 27.615 -.944
14.040 .960 -23.760 27.615 -1.187
15.000 1.260 -24.840 29.045 -1.187
15.000 1.260 -24.840 29.045 -1.112
16.200 .840 -25.620 30.324 -1.193
16.200 .840 -25.620 30.324 -1.193
17.280 .000 -25.740 31.002 -1.456
17.280 .000 -25.740 31.002 -1.456
18.120 -1.200 -25.860 31.599 -1.147
18.120 -1.200 -25.860 31.599 -1.147
19.500 -2.400 -25.260 32.001 -1.281
19.500 -2.400 -25.260 32.001 -1.281
20.700 -3.000 -24.360 32.108 -1.618
20.700 -3.000 -24.360 32.108 -1.409
21.780 -3.840 -23.160 32.023 -1.409
21.780 -3.840 -23.160 32.023 -1.401
22.920 -4.620 -22.200 32.241 -1.401
22.920 -4.620 -22.200 32.241 -1.521
23.280 -5.820 -21.300 32.086 -1.521
23.280 -5.820 -21.300 32.086 -1.652
23.400 -7.260 -20.400 31.881 -1.652
23.400 -7.260 -20.400 31.881 -1.617
23.520 -8.400 -19.860 31.909 -1.674
23.520 -8.400 -19.860 31.909 -1.674
23.280 -9.300 -18.720 31.287 -1.898
23.280 -9.300 -18.720 31.287 -1.898
23.160 -9.720 -17.220 30.453 -1.740
23.160 -9.720 -17.220 30.453 -1.740
22.800 -9.900 -15.780 29.442 -1.761
22.800 -9.900 -15.780 29.442 -1.761
22.320 -9.240 -13.260 27.557 -1.958
22.320 -9.240 -13.260 27.557 -1.771
22.080 -8.580 -11.220 26.211 -1.771
22.080 -8.580 -11.220 26.211 -1.775
20.580 -6.660 -9.420 23.593 -1.775
20.580 -6.660 -9.420 23.593 -1.598
19.620 -4.320 -7.800 21.551 -1.598
19.620 -4.320 -7.800 21.551 -1.720
18.360 -1.920 -7.080 19.771 -1.720
18.360 -1.920 -7.080 19.771 -1.557
17.340 1.020 -6.660 18.603 -1.391
17.340 1.020 -6.660 18.603 -1.391
16.740 3.840 -6.300 18.294 -1.467
16.740 3.840 -6.300 18.294 -1.467
15.780 6.900 -6.900 18.553 -1.253
15.780 6.900 -6.900 18.553 -1.253
14.520 9.600 -8.100 19.199 -1.049
14.520 9.600 -8.100 19.199 -1.049
12.840 11.760 -10.080 20.119 -.804
12.840 11.760 -10.080 20.119 -.757
12.180 13.080 -12.300 21.696 -.757
12.180 13.080 -12.300 21.696 -.643
11.160 13.560 -14.760 22.941 -.643
11.160 13.560 -14.760 22.941 -.526
10.500 13.200 -17.100 24.019 -.526
10.500 13.200 -17.100 24.019 -.547
9.420 12.420 -19.200 24.731 -.509
9.420 12.420 -19.200 24.731 -.509
7.500 10.800 -21.360 25.083 -.447
7.500 10.800 -21.360 25.083 -.447
5.640 9.060 -23.400 25.719 -.219
5.640 9.060 -23.400 25.719 -.219
3.900 7.500 -25.380 26.751 -.246
3.900 7.500 -25.380 26.751 -.246
3.000 5.880 -26.460 27.271 -.251
3.000 5.880 -26.460 27.271 -.237
2.100 4.740 -27.300 27.788 -.237
2.100 4.740 -27.300 27.788 -.432
1.980 3.600 -26.820 27.133 -.432
1.980 3.600 -26.820 27.133 -.162
1.380 2.940 -25.320 25.527 -.162
1.380 2.940 -25.320 25.527 -.166
1.380 2.340 -23.520 23.676 -.166
1.380 2.340 -23.520 23.676 -.315
1.800 2.160 -21.480 21.663 -.557
1.800 2.160 -21.480 21.663 -.557
1.980 2.340 -19.680 19.917 -.299
1.980 2.340 -19.680 19.917 -.299
3.540 2.880 -18.960 19.501 -.371
3.540 2.880 -18.960 19.501 -.371
4.260 3.180 -19.140 19.865 -.829
4.260 3.180 -19.140 19.865 -.829
5.040 3.120 -19.800 20.668 -.512
5.040 3.120 -19.800 20.668 -.603
6.360 2.760 -21.300 22.400 -.603
6.360 2.760 -21.300 22.400 -.929
7.380 1.980 -22.980 24.217 -.929
7.380 1.980 -22.980 24.217 -.819
9.060 1.320 -24.660 26.305 -.819
9.060 1.320 -24.660 26.305 -.968
10.560 .960 -26.220 28.283 -.968
10.560 .960 -26.220 28.283 -1.058
12.240 .480 -27.960 30.526 -1.190
12.240 .480 -27.960 30.526 -1.190
13.140 .060 -29.760 32.532 -1.020
13.140 .060 -29.760 32.532 -1.020
13.680 .060 -31.200 34.067 -1.078
13.680 .060 -31.200 34.067 -1.078
14.700 -.060 -32.760 35.907 -1.231
14.700 -.060 -32.760 35.907 -1.231
15.600 .540 -33.060 36.560 -.997
15.600 .540 -33.060 36.560 -1.052
16.440 1.500 -32.820 36.738 -1.052
16.440 1.500 -32.820 36.738 -1.477
17.040 2.220 -31.680 36.040 -1.477
17.040 2.220 -31.680 36.040 -.985
16.740 3.060 -30.240 34.699 -.985
16.740 3.060 -30.240 34.699 -1.035
16.080 3.720 -29.040 33.402 -1.035
16.080 3.720 -29.040 33.402 -.727
15.540 4.440 -27.360 31.777 -1.072
15.540 4.440 -27.360 31.777 -1.072
15.180 4.920 -26.880 31.260 -.940
15.180 4.920 -26.880 31.260 -.940
15.420 5.520 -26.400 31.068 -.906
15.420 5.520 -26.400 31.068 -.906
15.300 6.180 -26.400 31.133 -1.131
15.300 6.180 -26.400 31.133 -1.131
14.880 6.300 -27.480 31.879 -.900
14.880 6.300 -27.480 31.879 -.896
14.340 6.360 -28.560 32.585 -.896
14.340 6.360 -28.560 32.585 -.764
13.560 5.700 -30.240 33.628 -.764
13.560 5.700 -30.240 33.628 -.989
13.440 4.200 -32.580 35.493 -.989
13.440 4.200 -32.580 35.493 -.863
13.440 2.580 -34.440 37.059 -.863
13.440 2.580 -34.440 37.059 -.902
12.660 1.140 -36.120 38.291 -1.325
12.660 1.140 -36.120 38.291 -1.325
11.760 .180 -37.560 39.358 -.853
11.760 .180 -37.560 39.358 -.853
10.680 .240 -38.100 39.569 -.950
10.680 .240 -38.100 39.569 -.950
9.720 .660 -38.640 39.849 -1.282
9.720 .660 -38.640 39.849 -1.295
8.640 1.500 -39.240 40.208 -.964
8.640 1.500 -39.240 40.208 -.753
8.220 2.040 -39.360 40.261 -.753
8.220 2.040 -39.360 40.261 -.621
6.960 2.460 -39.840 40.518 -.621
6.960 2.460 -39.840 40.518 -.942
5.220 2.280 -40.020 40.423 -.942
5.220 2.280 -40.020 40.423 -.384
4.200 1.740 -40.200 40.456 -.557
4.200 1.740 -40.200 40.456 -.557
2.220 1.320 -39.840 39.924 .312
2.220 1.320 -39.840 39.924 .312
-.060 .660 -38.880 38.886 .046
-.060 .660 -38.880 38.886 .046
-2.220 -.240 -37.860 37.926 -.050
-2.220 -.240 -37.860 37.926 -.050
-4.260 -.780 -36.300 36.557 .336
-4.260 -.780 -36.300 36.557 .669
-5.940 -.900 -34.680 35.197 .669
-5.940 -.900 -34.680 35.197 .653
-6.780 -1.140 -33.240 33.944 .653
-6.780 -1.140 -33.240 33.944 .646
-7.740 -.420 -31.140 32.090 .646
-7.740 -.420 -31.140 32.090 1.338
-9.300 .720 -28.380 29.874 1.338
-9.300 .720 -28.380 29.874 .670
-10.860 2.280 -25.680 27.975 .893
-10.860 2.280 -25.680 27.975 .893
-12.420 4.500 -22.620 26.195 1.139
-12.420 4.500 -22.620 26.195 1.139
-14.040 6.900 -19.920 25.329 .860
-14.040 6.900 -19.920 25.329 .860
-14.940 8.760 -17.640 24.721 .802
-14.940 8.760 -17.640 24.721 .802
-15.660 10.200 -15.660 24.383 .852
-15.660 10.200 -15.660 24.383 .919
-16.680 10.920 -13.260 23.944 .919
-16.680 10.920 -13.260 23.944 .873
-16.620 11.400 -10.740 22.837 .873
-16.620 11.400 -10.740 22.837 .873
-16.800 11.820 -8.520 22.238 .873
-16.800 11.820 -8.520 22.238 .907
-16.740 11.640 -5.520 21.123 .896
-16.740 11.640 -5.520 21.123 .896
-16.320 11.760 -3.060 20.347 .922
-16.320 11.760 -3.060 20.347 .922
-16.080 11.580 -1.020 19.842 .945
-16.080 11.580 -1.020 19.842 .945
-15.120 11.640 1.440 19.136 .945
-15.120 11.640 1.440 19.136 .945
-13.020 13.080 3.240 18.738 .941
-13.020 13.080 3.240 18.738 .844
-9.840 14.400 4.260 17.954 .844
-9.840 14.400 4.260 17.954 .642
-6.420 16.380 4.740 18.221 .642
-6.420 16.380 4.740 18.221 .440
-2.700 18.000 3.960 18.627 .440
-2.700 18.000 3.960 18.627 .169
.600 18.660 2.040 18.781 .169
.600 18.660 2.040 18.781 -.034
4.020 18.480 -.180 18.913 -.222
4.020 18.480 -.180 18.913 -.222
7.380 17.160 -3.240 18.959 -.413
7.380 17.160 -3.240 18.959 -.413
10.020 14.520 -7.080 19.009 -.584
10.020 14.520 -7.080 19.009 -.584
12.180 11.100 -10.800 19.703 -.720
12.180 11.100 -10.800 19.703 -.720
13.200 7.500 -15.300 21.554 -.751
13.200 7.500 -15.300 21.554 -.904
13.680 3.840 -19.440 24.079 -.904
13.680 3.840 -19.440 24.079 -1.090
13.980 .660 -23.460 27.318 -1.090
13.980 .660 -23.460 27.318 -1.093
13.620 -2.460 -27.000 30.341 -1.093
13.620 -2.460 -27.000 30.341 -1.258
13.080 -4.320 -29.280 32.358 -1.258
13.080 -4.320 -29.280 32.358 -1.578
12.300 -6.480 -31.560 34.486 -1.036
12.300 -6.480 -31.560 34.486 -1.036
11.340 -7.560 -32.580 35.316 -1.285
11.340 -7.560 -32.580 35.316 -1.285
10.860 -7.680 -33.360 35.914 -1.958
10.860 -7.680 -33.360 35.914 -1.958
11.040 -8.460 -34.320 37.031 -1.689
11.040 -8.460 -34.320 37.031 -1.428
11.220 -7.800 -34.380 36.996 -1.428
11.220 -7.800 -34.380 36.996 -1.327
11.400 -7.140 -34.740 37.253 -1.327
11.400 -7.140 -34.740 37.253 -1.622
11.280 -6.120 -34.860 37.147 -1.622
11.280 -6.120 -34.860 37.147 -1.142
10.860 -4.860 -34.920 36.891 -1.142
10.860 -4.860 -34.920 36.891 -1.009
10.200 -3.240 -34.860 36.466 -.943
10.200 -3.240 -34.860 36.466 -.943
9.780 -1.680 -35.220 36.591 -.888
9.780 -1.680 -35.220 36.591 -.888
9.660 .060 -35.640 36.926 -.864
9.660 .060 -35.640 36.926 -.864
9.900 2.280 -35.580 37.002 -.700
9.900 2.280 -35.580 37.002 -.700
10.200 3.600 -36.000 37.590 -.541
10.200 3.600 -36.000 37.590 -.519
10.800 5.160 -36.000 37.938 -.519
10.800 5.160 -36.000 37.938 -.584
10.680 6.060 -36.180 38.207 -.584
10.680 6.060 -36.180 38.207 -.557
10.440 6.420 -36.660 38.654 -.557
