X Y Z F A
-1.320 -46.440 13.680 48.431 -1.535
-1.320 -46.440 13.680 48.431 3.132
-1.320 -45.960 13.140 47.820 3.097
-1.560 -45.540 12.120 47.151 3.097
-1.560 -45.540 12.120 47.151 3.099
-1.560 -45.540 12.120 47.151 3.099
-1.320 -44.280 10.920 45.626 3.109
-.540 -43.860 8.880 44.753 3.109
-.540 -43.860 8.880 44.753 3.120
.420 -43.800 6.120 44.227 3.120
.420 -43.800 6.120 44.227 -3.135
.420 -43.800 6.120 44.227 -3.135
2.040 -44.280 3.120 44.437 -3.138
4.080 -45.300 -.060 45.483 -3.086
4.080 -45.300 -.060 45.483 -3.086
6.060 -46.320 -2.700 46.793 -3.051
6.060 -46.320 -2.700 46.793 -3.051
7.080 -48.180 -5.700 49.030 -3.008
7.080 -48.180 -5.700 49.030 -3.008
7.560 -49.440 -7.860 50.629 -2.995
7.560 -49.440 -7.860 50.629 -2.982
7.140 -50.100 -10.320 51.648 -2.982
7.140 -50.100 -10.320 51.648 -2.991
7.740 -50.400 -13.380 52.717 -2.991
7.740 -50.400 -13.380 52.717 -3.011
8.220 -48.540 -15.060 51.483 -3.011
8.220 -48.540 -15.060 51.483 -2.980
7.980 -46.380 -17.940 50.365 -2.980
7.980 -46.380 -17.940 50.365 -2.949
7.080 -43.980 -19.980 48.822 -2.915
7.080 -43.980 -19.980 48.822 -2.915
4.500 -41.820 -21.420 47.201 -2.924
4.500 -41.820 -21.420 47.201 -2.924
2.340 -41.100 -22.800 47.059 -3.031
2.340 -41.100 -22.800 47.059 -3.031
1.020 -41.460 -22.740 47.298 3.123
1.020 -41.460 -22.740 47.298 -3.122
-.360 -43.380 -21.900 48.596 -3.122
-.360 -43.380 -21.900 48.596 3.119
-2.520 -45.300 -20.460 49.770 3.119
-2.520 -45.300 -20.460 49.770 3.109
-4.620 -48.060 -18.540 51.719 3.109
-4.620 -48.060 -18.540 51.719 3.054
-7.200 -50.700 -16.500 53.801 3.054
-7.200 -50.700 -16.500 53.801 2.965
-8.760 -52.560 -14.280 55.165 2.929
-8.760 -52.560 -14.280 55.165 2.929
-10.500 -54.000 -12.120 56.331 2.948
-10.500 -54.000 -12.120 56.331 2.948
-12.720 -54.000 -9.840 56.344 2.929
-12.720 -54.000 -9.840 56.344 2.929
-15.120 -53.160 -6.960 55.705 2.938
-15.120 -53.160 -6.960 55.705 2.938
-18.120 -52.380 -5.160 55.665 2.856
-18.120 -52.380 -5.160 55.665 2.787
-19.140 -52.320 -3.960 55.852 2.787
-19.140 -52.320 -3.960 55.852 2.773
-19.200 -53.400 -3.000 56.826 2.773
-19.200 -53.400 -3.000 56.826 2.789
-18.600 -55.200 -4.380 58.414 2.789
-18.600 -55.200 -4.380 58.414 2.807
-17.400 -56.700 -5.580 59.572 2.807
-17.400 -56.700 -5.580 59.572 2.856
-15.960 -57.960 -6.540 60.472 2.866
-15.960 -57.960 -6.540 60.472 2.866
-13.860 -58.380 -8.640 60.622 2.884
-13.860 -58.380 -8.640 60.622 2.884
-10.980 -58.200 -9.420 59.971 2.889
-10.980 -58.200 -9.420 59.971 2.889
-7.800 -57.480 -9.720 58.816 2.958
-7.800 -57.480 -9.720 58.816 2.958
-5.640 -55.800 -10.740 57.103 2.999
-5.640 -55.800 -10.740 57.103 3.042
-3.900 -54.180 -10.680 55.360 3.042
-3.900 -54.180 -10.680 55.360 3.067
-2.340 -51.900 -11.040 53.113 3.067
-2.340 -51.900 -11.040 53.113 3.089
-.180 -50.160 -12.480 51.690 3.089
-.180 -50.160 -12.480 51.690 3.106
1.680 -49.140 -13.200 50.910 3.106
1.680 -49.140 -13.200 50.910 3.138
3.060 -47.520 -14.340 49.731 -3.077
3.060 -47.520 -14.340 49.731 -3.077
4.020 -46.260 -15.420 48.928 -3.001
4.020 -46.260 -15.420 48.928 -3.001
4.020 -45.300 -15.420 48.021 -3.041
4.020 -45.300 -15.420 48.021 -3.041
5.040 -44.400 -15.600 47.330 -3.056
5.040 -44.400 -15.600 47.330 -3.040
6.780 -43.740 -15.360 46.852 -3.040
6.780 -43.740 -15.360 46.852 -3.026
9.120 -43.740 -14.820 47.074 -3.026
9.120 -43.740 -14.820 47.074 -2.909
11.820 -43.080 -15.360 47.239 -2.909
11.820 -43.080 -15.360 47.239 -2.894
13.860 -42.600 -15.840 47.516 -2.894
13.860 -42.600 -15.840 47.516 -2.831
16.260 -42.420 -16.920 48.478 -2.793
16.260 -42.420 -16.920 48.478 -2.793
18.480 -42.000 -18.600 49.512 -2.670
18.480 -42.000 -18.600 49.512 -2.670
21.360 -41.820 -20.520 51.247 -2.687
21.360 -41.820 -20.520 51.247 -2.687
24.660 -41.460 -23.160 53.511 -2.566
24.660 -41.460 -23.160 53.511 -2.566
26.460 -42.060 -26.280 56.212 -2.541
26.460 -42.060 -26.280 56.212 -2.582
29.040 -42.960 -29.460 59.639 -2.582
29.040 -42.960 -29.460 59.639 -2.430
31.620 -43.800 -32.700 63.147 -2.430
31.620 -43.800 -32.700 63.147 -2.407
34.320 -45.300 -35.580 67.051 -2.407
34.320 -45.300 -35.580 67.051 -2.549
37.440 -47.040 -38.940 71.630 -2.549
37.440 -47.040 -38.940 71.630 -2.381
39.060 -49.140 -42.480 75.796 -2.425
39.060 -49.140 -42.480 75.796 -2.425
39.420 -52.740 -44.880 79.685 -2.446
39.420 -52.740 -44.880 79.685 -2.446
39.120 -57.180 -46.440 83.406 -2.398
39.120 -57.180 -46.440 83.406 -2.398
38.820 -61.080 -45.240 85.349 -2.529
38.820 -61.080 -45.240 85.349 -2.529
38.880 -65.160 -43.320 87.373 -2.622
38.880 -65.160 -43.320 87.373 -2.512
37.800 -68.220 -41.280 88.243 -2.512
37.800 -68.220 -41.280 88.243 -2.591
34.200 -70.680 -38.520 87.459 -2.591
34.200 -70.680 -38.520 87.459 -2.699
30.720 -72.420 -35.820 86.438 -2.699
30.720 -72.420 -35.820 86.438 -2.646
27.000 -72.780 -32.700 84.233 -2.646
27.000 -72.780 -32.700 84.233 -2.821
25.080 -72.780 -28.920 82.233 -2.801
25.080 -72.780 -28.920 82.233 -2.801
24.840 -72.060 -25.560 80.393 -2.820
24.840 -72.060 -25.560 80.393 -2.820
23.640 -70.860 -23.100 78.190 -2.792
23.640 -70.860 -23.100 78.190 -2.792
21.300 -69.960 -21.000 76.086 -2.762
21.300 -69.960 -21.000 76.086 -2.796
19.140 -68.580 -19.740 73.887 -2.796
19.140 -68.580 -19.740 73.887 -2.874
18.000 -66.780 -18.720 71.652 -2.874
18.000 -66.780 -18.720 71.652 -2.901
18.240 -64.740 -17.760 69.566 -2.901
18.240 -64.740 -17.760 69.566 -2.882
19.140 -62.880 -17.220 67.947 -2.882
19.140 -62.880 -17.220 67.947 -2.837
18.600 -60.720 -16.500 65.613 -2.783
18.600 -60.720 -16.500 65.613 -2.783
18.120 -58.500 -15.900 63.272 -2.805
18.120 -58.500 -15.900 63.272 -2.805
17.100 -56.700 -15.480 61.212 -2.831
17.100 -56.700 -15.480 61.212 -2.831
16.740 -54.900 -14.100 59.102 -2.799
16.740 -54.900 -14.100 59.102 -2.799
17.700 -53.580 -12.120 57.715 -2.844
17.700 -53.580 -12.120 57.715 -2.784
17.400 -52.500 -10.560 56.307 -2.784
17.400 -52.500 -10.560 56.307 -2.803
16.740 -51.480 -8.280 54.763 -2.803
16.740 -51.480 -8.280 54.763 -2.819
16.260 -51.180 -6.240 54.062 -2.819
16.260 -51.180 -6.240 54.062 -2.816
15.540 -50.760 -4.800 53.302 -2.816
15.540 -50.760 -4.800 53.302 -2.834
16.380 -50.700 -2.820 53.355 -2.828
16.380 -50.700 -2.820 53.355 -2.828
17.280 -50.400 -.900 53.288 -2.803
17.280 -50.400 -.900 53.288 -2.803
17.580 -49.440 .840 52.479 -2.792
17.580 -49.440 .840 52.479 -2.792
17.760 -48.060 2.760 51.311 -2.793
17.760 -48.060 2.760 51.311 -2.782
17.040 -46.440 4.440 49.666 -2.782
17.040 -46.440 4.440 49.666 -2.790
17.040 -45.120 4.740 48.463 -2.790
17.040 -45.120 4.740 48.463 -2.779
17.880 -43.860 4.260 47.556 -2.779
17.880 -43.860 4.260 47.556 -2.764
18.060 -44.040 2.880 47.686 -2.764
18.060 -44.040 2.880 47.686 -2.750
18.240 -44.580 1.140 48.181 -2.754
18.240 -44.580 1.140 48.181 -2.754
17.640 -45.840 .240 49.118 -2.768
17.640 -45.840 .240 49.118 -2.768
16.980 -47.340 -1.140 50.306 -2.791
16.980 -47.340 -1.140 50.306 -2.791
17.040 -48.420 -2.340 51.384 -2.812
17.040 -48.420 -2.340 51.384 -2.812
17.520 -49.500 -3.360 52.616 -2.795
17.520 -49.500 -3.360 52.616 -2.794
18.000 -50.460 -4.620 53.773 -2.794
18.000 -50.460 -4.620 53.773 -2.791
17.760 -51.600 -4.920 54.792 -2.791
17.760 -51.600 -4.920 54.792 -2.796
18.360 -52.500 -5.100 55.851 -2.796
18.360 -52.500 -5.100 55.851 -2.795
18.900 -53.520 -5.580 57.033 -2.795
18.900 -53.520 -5.580 57.033 -2.785
20.280 -54.000 -6.480 58.045 -2.786
20.280 -54.000 -6.480 58.045 -2.786
21.540 -54.480 -7.320 59.039 -2.739
21.540 -54.480 -7.320 59.039 -2.739
21.240 -55.740 -8.520 60.255 -2.751
21.240 -55.740 -8.520 60.255 -2.751
20.160 -56.520 -9.480 60.752 -2.777
20.160 -56.520 -9.480 60.752 -2.777
19.620 -57.360 -10.560 61.536 -2.782
19.620 -57.360 -10.560 61.536 -2.792
19.560 -57.360 -11.280 61.644 -2.792
19.560 -57.360 -11.280 61.644 -2.827
19.200 -57.060 -11.460 61.285 -2.827
19.200 -57.060 -11.460 61.285 -2.795
19.260 -57.420 -11.640 61.672 -2.795
19.260 -57.420 -11.640 61.672 -2.817
17.700 -57.660 -10.500 61.223 -2.817
17.700 -57.660 -10.500 61.223 -2.828
16.200 -58.440 -8.940 61.299 -2.858
16.200 -58.440 -8.940 61.299 -2.858
14.760 -59.280 -7.020 61.492 -2.887
14.760 -59.280 -7.020 61.492 -2.887
14.280 -59.880 -4.560 61.728 -2.918
14.280 -59.880 -4.560 61.728 -2.918
13.380 -60.360 -2.580 61.879 -2.915
11.220 -60.600 -1.020 61.638 -2.956
11.220 -60.600 -1.020 61.638 -2.956
9.840 -60.060 .480 60.863 -2.958
9.840 -60.060 .480 60.863 -2.958
8.280 -58.800 2.040 59.415 -2.976
8.280 -58.800 2.040 59.415 -2.976
7.920 -57.300 3.540 57.953 -3.000
7.920 -57.300 3.540 57.953 -3.000
8.580 -54.900 4.980 55.789 -3.001
8.580 -54.900 4.980 55.789 -2.997
8.820 -52.620 6.060 53.697 -2.997
8.820 -52.620 6.060 53.697 -2.972
8.280 -49.440 6.900 50.601 -2.972
8.280 -49.440 6.900 50.601 -2.990
7.980 -46.200 7.260 47.443 -2.990
7.980 -46.200 7.260 47.443 -2.965
7.620 -43.260 6.900 44.465 -2.965
7.620 -43.260 6.900 44.465 -2.975
8.340 -40.740 6.420 42.078 -2.922
8.340 -40.740 6.420 42.078 -2.922
9.060 -39.480 5.640 40.897 -2.966
9.060 -39.480 5.640 40.897 -2.966
9.060 -39.120 4.860 40.448 -2.922
9.060 -39.120 4.860 40.448 -2.922
9.300 -39.720 5.100 41.112 -2.912
9.300 -39.720 5.100 41.112 -2.912
8.880 -41.280 5.280 42.553 -2.908
8.880 -41.280 5.280 42.553 -2.928
9.540 -42.900 6.240 44.389 -2.928
9.540 -42.900 6.240 44.389 -2.906
10.500 -45.000 7.200 46.766 -2.906
10.500 -45.000 7.200 46.766 -2.947
10.800 -47.100 7.440 48.892 -2.947
10.800 -47.100 7.440 48.892 -2.917
10.740 -49.620 8.520 51.479 -2.917
10.740 -49.620 8.520 51.479 -2.924
10.560 -52.020 8.640 53.780 -2.946
10.560 -52.020 8.640 53.780 -2.946
10.740 -54.060 9.120 55.866 -2.939
10.740 -54.060 9.120 55.866 -2.939
12.240 -56.280 9.120 58.313 -2.917
12.240 -56.280 9.120 58.313 -2.917
14.340 -57.600 8.040 59.900 -2.944
14.340 -57.600 8.040 59.900 -2.944
15.360 -59.040 6.240 61.324 -2.895
15.360 -59.040 6.240 61.324 -2.875
16.560 -60.300 3.300 62.620 -2.875
16.560 -60.300 3.300 62.620 -2.869
18.300 -60.720 .420 63.419 -2.869
18.300 -60.720 .420 63.419 -2.845
21.000 -60.300 -2.220 63.891 -2.845
21.000 -60.300 -2.220 63.891 -2.828
24.240 -59.400 -3.900 64.274 -2.774
24.240 -59.400 -3.900 64.274 -2.735
26.820 -58.020 -4.680 64.090 -2.762
26.820 -58.020 -4.680 64.090 -2.762
28.500 -56.580 -4.560 63.516 -2.709
28.500 -56.580 -4.560 63.516 -2.709
29.340 -55.500 -4.380 62.931 -2.662
29.340 -55.500 -4.380 62.931 -2.662
30.660 -54.540 -3.420 62.661 -2.652
30.660 -54.540 -3.420 62.661 -2.620
33.180 -53.220 -1.680 62.738 -2.642
33.180 -53.220 -1.680 62.738 -2.568
35.280 -51.780 -.540 62.659 -2.568
35.280 -51.780 -.540 62.659 -2.544
36.600 -50.520 .960 62.392 -2.544
36.600 -50.520 .960 62.392 -2.514
38.220 -48.480 1.440 61.751 -2.514
38.220 -48.480 1.440 61.751 -2.474
38.220 -46.920 1.380 60.532 -2.454
38.220 -46.920 1.380 60.532 -2.454
38.640 -46.020 1.320 60.105 -2.439
38.640 -46.020 1.320 60.105 -2.439
38.820 -45.060 2.160 59.515 -2.441
38.820 -45.060 2.160 59.515 -2.441
37.620 -45.300 2.160 58.924 -2.424
37.620 -45.300 2.160 58.924 -2.447
36.900 -45.840 2.280 58.891 -2.447
36.900 -45.840 2.280 58.891 -2.474
35.520 -45.420 1.740 57.686 -2.446
35.520 -45.420 1.740 57.686 -2.469
34.860 -45.360 .120 57.208 -2.469
34.860 -45.360 .120 57.208 -2.489
34.020 -45.480 -.840 56.802 -2.489
34.020 -45.480 -.840 56.802 -2.490
32.040 -46.020 -2.220 56.119 -2.490
32.040 -46.020 -2.220 56.119 -2.525
30.060 -47.400 -3.180 56.218 -2.574
30.060 -47.400 -3.180 56.218 -2.574
27.840 -48.000 -4.200 55.648 -2.554
27.840 -48.000 -4.200 55.648 -2.554
27.240 -47.760 -5.040 55.213 -2.594
27.240 -47.760 -5.040 55.213 -2.594
27.420 -47.220 -5.460 54.876 -2.650
27.420 -47.220 -5.460 54.876 -2.650
27.420 -47.040 -6.120 54.791 -2.594
27.420 -47.040 -6.120 54.791 -2.591
26.820 -47.940 -7.140 55.394 -2.591
26.820 -47.940 -7.140 55.394 -2.616
25.680 -48.720 -8.280 55.693 -2.616
25.680 -48.720 -8.280 55.693 -2.656
25.620 -49.020 -9.660 56.149 -2.656
25.620 -49.020 -9.660 56.149 -2.638
25.560 -48.780 -10.860 56.131 -2.638
25.560 -48.780 -10.860 56.131 -2.674
25.200 -48.600 -11.820 56.006 -2.631
25.200 -48.600 -11.820 56.006 -2.631
23.640 -48.420 -12.780 55.378 -2.659
23.640 -48.420 -12.780 55.378 -2.659
21.060 -48.900 -14.040 55.062 -2.661
21.060 -48.900 -14.040 55.062 -2.661
19.320 -49.260 -14.820 54.949 -2.735
19.320 -49.260 -14.820 54.949 -2.735
18.600 -49.140 -15.540 54.792 -2.739
18.600 -49.140 -15.540 54.792 -2.834
17.760 -49.440 -15.660 54.818 -2.834
17.760 -49.440 -15.660 54.818 -2.767
16.800 -49.020 -15.600 54.116 -2.767
16.800 -49.020 -15.600 54.116 -2.795
14.880 -48.540 -15.420 53.060 -2.795
14.880 -48.540 -15.420 53.060 -2.809
13.020 -47.820 -15.300 51.869 -2.870
13.020 -47.820 -15.300 51.869 -2.870
12.780 -46.980 -14.940 50.928 -2.878
12.780 -46.980 -14.940 50.928 -2.878
12.600 -46.500 -14.760 50.387 -2.925
12.600 -46.500 -14.760 50.387 -2.925
12.540 -46.920 -14.880 50.795 -2.847
12.540 -46.920 -14.880 50.795 -2.847
11.760 -47.520 -14.520 51.062 -2.900
11.760 -47.520 -14.520 51.062 -2.895
10.380 -48.840 -14.880 52.101 -2.895
10.380 -48.840 -14.880 52.101 -2.908
9.660 -49.740 -14.340 52.659 -2.908
9.660 -49.740 -14.340 52.659 -2.931
10.080 -50.580 -13.260 53.252 -2.931
10.080 -50.580 -13.260 53.252 -2.998
10.560 -51.600 -11.520 53.915 -2.998
10.560 -51.600 -11.520 53.915 -2.903
10.680 -51.720 -9.540 53.666 -2.933
10.680 -51.720 -9.540 53.666 -2.933
11.280 -52.740 -7.740 54.485 -2.929
11.280 -52.740 -7.740 54.485 -2.929
11.820 -52.320 -5.520 53.922 -2.911
11.820 -52.320 -5.520 53.922 -2.911
13.260 -52.020 -3.720 53.812 -2.919
13.260 -52.020 -3.720 53.812 -2.919
15.120 -51.780 -1.140 53.954 -2.910
15.120 -51.780 -1.140 53.954 -2.853
16.200 -51.300 1.740 53.825 -2.853
16.200 -51.300 1.740 53.825 -2.831
16.680 -51.720 4.440 54.524 -2.831
16.680 -51.720 4.440 54.524 -2.846
17.460 -52.320 7.380 55.648 -2.846
17.460 -52.320 7.380 55.648 -2.813
19.200 -53.520 9.900 57.715 -2.813
19.200 -53.520 9.900 57.715 -2.780
21.600 -55.620 12.360 60.934 -2.744
21.600 -55.620 12.360 60.934 -2.744
23.760 -58.380 13.860 64.536 -2.761
23.760 -58.380 13.860 64.536 -2.761
24.660 -61.500 13.920 67.706 -2.770
24.660 -61.500 13.920 67.706 -2.770
25.140 -64.380 13.320 70.386 -2.813
25.140 -64.380 13.320 70.386 -2.813
25.440 -66.420 10.860 71.950 -2.763
25.440 -66.420 10.860 71.950 -2.763
26.760 -67.560 8.520 73.164 -2.763
26.760 -67.560 8.520 73.164 -2.752
28.080 -68.040 6.120 73.861 -2.752
28.080 -68.040 6.120 73.861 -2.748
28.560 -67.980 3.300 73.810 -2.748
28.560 -67.980 3.300 73.810 -2.750
28.320 -67.860 1.140 73.541 -2.750
28.320 -67.860 1.140 73.541 -2.753
26.940 -67.320 -1.680 72.530 -2.743
26.940 -67.320 -1.680 72.530 -2.743
26.220 -66.420 -3.840 71.511 -2.744
26.220 -66.420 -3.840 71.511 -2.744
25.800 -65.040 -5.580 70.192 -2.778
25.800 -65.040 -5.580 70.192 -2.778
24.540 -63.000 -7.380 68.012 -2.753
24.540 -63.000 -7.380 68.012 -2.748
22.680 -60.660 -8.940 65.375 -2.748
22.680 -60.660 -8.940 65.375 -2.761
20.880 -58.080 -10.320 62.576 -2.761
20.880 -58.080 -10.320 62.576 -2.786
19.980 -55.740 -12.000 60.416 -2.786
19.980 -55.740 -12.000 60.416 -2.767
20.520 -53.880 -12.780 59.055 -2.767
20.520 -53.880 -12.780 59.055 -2.796
21.720 -52.860 -12.960 58.599 -2.720
21.720 -52.860 -12.960 58.599 -2.720
21.840 -53.160 -13.500 59.036 -2.714
21.840 -53.160 -13.500 59.036 -2.714
21.840 -54.480 -12.840 60.083 -2.745
21.840 -54.480 -12.840 60.083 -2.745
22.080 -56.460 -12.540 61.907 -2.730
22.080 -56.460 -12.540 61.907 -2.730
23.280 -58.920 -12.060 64.490 -2.739
23.280 -58.920 -12.060 64.490 -2.784
24.960 -61.080 -11.280 66.940 -2.784
24.960 -61.080 -11.280 66.940 -2.720
26.040 -63.600 -12.000 69.764 -2.720
26.040 -63.600 -12.000 69.764 -2.731
25.980 -66.120 -12.660 72.160 -2.731
25.980 -66.120 -12.660 72.160 -2.754
26.160 -68.160 -14.340 74.403 -2.738
26.160 -68.160 -14.340 74.403 -2.744
27.420 -70.080 -16.080 76.952 -2.725
27.420 -70.080 -16.080 76.952 -2.725
30.480 -70.140 -17.340 78.418 -2.723
30.480 -70.140 -17.340 78.418 -2.723
35.700 -68.340 -19.020 79.414 -2.615
35.700 -68.340 -19.020 79.414 -2.615
40.920 -64.980 -19.860 79.317 -2.557
40.920 -64.980 -19.860 79.317 -2.557
46.980 -57.960 -20.760 77.443 -2.566
46.980 -57.960 -20.760 77.443 -2.461
52.320 -47.460 -21.480 73.832 -2.461
52.320 -47.460 -21.480 73.832 -2.262
55.200 -33.840 -22.020 68.389 -2.262
55.200 -33.840 -22.020 68.389 -2.117
56.520 -19.740 -22.080 63.810 -2.117
56.520 -19.740 -22.080 63.810 -1.807
55.140 -7.920 -21.720 59.791 -1.807
55.140 -7.920 -21.720 59.791 -1.613
52.200 -.360 -20.400 56.046 -1.543
52.200 -.360 -20.400 56.046 -1.543
50.280 3.480 -17.880 53.478 -1.478
50.280 3.480 -17.880 53.478 -1.478
48.360 5.940 -15.000 50.980 -1.364
48.360 5.940 -15.000 50.980 -1.364
46.800 8.040 -11.460 48.849 -1.343
46.800 8.040 -11.460 48.849 -1.362
45.540 9.540 -8.460 47.291 -1.362
45.540 9.540 -8.460 47.291 -1.322
44.280 9.540 -5.820 45.668 -1.322
44.280 9.540 -5.820 45.668 -1.342
43.740 7.860 -3.360 44.567 -1.342
43.800 5.040 -1.560 44.117 -1.386
43.800 5.040 -1.560 44.117 -1.386
43.800 5.040 -1.560 44.117 -1.458
43.860 1.620 .000 43.890 -1.548
43.860 1.620 .000 43.890 -1.548
43.800 -1.860 1.440 43.863 -1.612
43.800 -1.860 1.440 43.863 -1.612
43.620 -5.340 2.400 44.011 -1.689
43.620 -5.340 2.400 44.011 -1.689
42.900 -8.220 2.400 43.746 -1.768
42.900 -8.220 2.400 43.746 -1.768
42.480 -11.400 1.740 44.017 -1.867
42.480 -11.400 1.740 44.017 -1.847
41.880 -14.640 -.060 44.365 -1.847
41.880 -14.640 -.060 44.365 -1.889
41.520 -16.440 -2.460 44.724 -1.889
41.520 -16.440 -2.460 44.724 -1.920
41.160 -18.420 -4.320 45.300 -1.920
41.160 -18.420 -4.320 45.300 -1.989
40.920 -19.140 -6.060 45.580 -1.989
40.680 -18.120 -7.260 45.121 -1.968
40.680 -18.120 -7.260 45.121 -1.967
40.680 -18.120 -7.260 45.121 -1.967
39.780 -17.820 -8.280 44.368 -1.985
39.780 -17.820 -8.280 44.368 -1.985
39.660 -16.500 -9.480 43.989 -1.913
39.180 -14.760 -10.560 43.179 -1.913
39.180 -14.760 -10.560 43.179 -1.885
38.640 -12.780 -10.980 42.154 -1.895
38.640 -12.780 -10.980 42.154 -1.895
38.760 -10.320 -10.980 41.586 -1.816
38.760 -10.320 -10.980 41.586 -1.816
38.580 -8.880 -10.620 40.988 -1.784
38.580 -8.880 -10.620 40.988 -1.784
38.400 -8.640 -10.020 40.615 -1.774
38.400 -8.640 -10.020 40.615 -1.774
38.280 -9.360 -9.360 40.504 -1.747
38.280 -9.360 -9.360 40.504 -1.743
37.800 -10.440 -8.520 40.130 -1.743
37.800 -10.440 -8.520 40.130 -1.780
37.560 -10.980 -7.620 39.867 -1.780
37.560 -10.980 -7.620 39.867 -1.853
37.140 -11.280 -5.820 39.249 -1.853
37.140 -11.280 -5.820 39.249 -1.803
37.140 -12.540 -3.900 39.393 -1.803
37.140 -12.540 -3.900 39.393 -1.862
37.020 -14.580 -2.580 39.871 -1.946
37.020 -14.580 -2.580 39.871 -1.946
36.840 -17.280 -1.140 40.707 -1.912
36.840 -17.280 -1.140 40.707 -1.912
36.780 -19.740 .000 41.742 -1.999
36.780 -19.740 .000 41.742 -1.999
36.780 -21.180 .600 42.447 -2.064
36.780 -21.180 .600 42.447 -2.064
36.720 -22.560 1.440 43.121 -2.085
36.720 -22.560 1.440 43.121 -2.122
36.480 -23.760 2.160 43.589 -2.122
36.480 -23.760 2.160 43.589 -2.147
36.060 -25.680 2.280 44.328 -2.147
36.060 -25.680 2.280 44.328 -2.197
35.640 -27.480 2.700 45.085 -2.197
35.640 -27.480 2.700 45.085 -2.226
35.760 -28.440 2.520 45.760 -2.226
35.760 -28.440 2.520 45.760 -2.224
36.060 -29.280 1.980 46.493 -2.240
36.060 -29.280 1.980 46.493 -2.240
36.240 -28.980 1.740 46.435 -2.233
36.240 -28.980 1.740 46.435 -2.233
36.420 -28.860 1.020 46.480 -2.252
36.420 -28.860 1.020 46.480 -2.252
36.540 -28.800 .660 46.530 -2.253
36.540 -28.800 .660 46.530 -2.233
36.300 -27.960 .180 45.820 -2.233
36.300 -27.960 .180 45.820 -2.216
36.540 -26.640 -.360 45.222 -2.216
36.540 -26.640 -.360 45.222 -2.166
36.360 -24.360 -.840 43.774 -2.166
36.360 -24.360 -.840 43.774 -2.156
36.420 -22.020 -1.020 42.572 -2.156
36.420 -22.020 -1.020 42.572 -2.075
36.600 -19.860 -1.080 41.655 -2.040
36.600 -19.860 -1.080 41.655 -2.040
37.260 -17.880 -.300 41.329 -2.022
37.260 -17.880 -.300 41.329 -2.022
37.680 -16.320 -.360 41.064 -2.006
37.680 -16.320 -.360 41.064 -2.006
38.280 -14.340 -.420 40.880 -1.951
38.280 -14.340 -.420 40.880 -1.951
38.760 -11.880 -.180 40.540 -1.927
38.760 -11.880 -.180 40.540 -1.871
39.300 -9.960 .060 40.543 -1.871
39.300 -9.960 .060 40.543 -1.806
40.680 -9.120 1.860 41.731 -1.806
40.680 -9.120 1.860 41.731 -1.796
42.000 -9.480 3.180 43.174 -1.796
42.000 -9.480 3.180 43.174 -1.804
42.780 -9.900 4.500 44.141 -1.804
42.780 -9.900 4.500 44.141 -1.809
42.480 -10.500 5.040 44.048 -1.837
42.480 -10.500 5.040 44.048 -1.837
41.700 -11.580 4.980 43.564 -1.871
41.700 -11.580 4.980 43.564 -1.871
40.440 -13.020 4.920 42.768 -1.877
40.440 -13.020 4.920 42.768 -1.877
39.900 -15.420 4.500 43.012 -1.997
39.900 -15.420 4.500 43.012 -1.997
39.540 -18.540 3.840 43.839 -1.999
39.540 -18.540 3.840 43.839 -1.996
38.820 -20.580 2.220 43.994 -1.996
38.820 -20.580 2.220 43.994 -2.015
37.920 -21.600 -.120 43.641 -2.015
37.920 -21.600 -.120 43.641 -2.091
36.900 -22.320 -2.460 43.195 -2.091
36.900 -22.320 -2.460 43.195 -2.107
35.760 -23.820 -4.920 43.248 -2.146
35.760 -23.820 -4.920 43.248 -2.146
35.100 -25.140 -7.320 43.791 -2.202
35.100 -25.140 -7.320 43.791 -2.202
33.960 -25.740 -9.480 43.654 -2.162
33.960 -25.740 -9.480 43.654 -2.162
31.920 -24.720 -11.400 41.951 -2.106
31.920 -24.720 -11.400 41.951 -2.106
30.180 -22.140 -13.320 39.730 -2.179
30.180 -22.140 -13.320 39.730 -2.104
28.140 -19.680 -14.220 37.167 -2.104
28.140 -19.680 -14.220 37.167 -2.039
26.700 -17.580 -14.280 35.012 -2.039
26.700 -17.580 -14.280 35.012 -2.083
24.900 -16.020 -14.280 32.872 -2.083
24.900 -16.020 -14.280 32.872 -1.952
22.800 -14.400 -14.100 30.430 -1.952
22.800 -14.400 -14.100 30.430 -1.914
19.800 -11.820 -13.680 26.812 -2.115
19.800 -11.820 -13.680 26.812 -2.115
16.860 -9.540 -13.140 23.408 -1.840
16.860 -9.540 -13.140 23.408 -1.840
14.640 -7.380 -12.960 20.899 -1.879
14.640 -7.380 -12.960 20.899 -1.879
12.600 -5.160 -12.300 18.349 -1.959
12.600 -5.160 -12.300 18.349 -1.959
11.100 -3.540 -12.180 16.855 -1.663
11.100 -3.540 -12.180 16.855 -1.427
9.660 -2.400 -12.780 16.199 -1.427
9.660 -2.400 -12.780 16.199 -1.750
8.520 -2.460 -13.020 15.753 -1.750
8.520 -2.460 -13.020 15.753 -1.424
7.980 -2.880 -13.680 16.097 -1.424
7.980 -2.880 -13.680 16.097 -1.365
7.800 -4.560 -14.160 16.797 -1.365
7.800 -4.560 -14.160 16.797 -1.841
7.620 -6.360 -14.040 17.194 -1.703
7.620 -6.360 -14.040 17.194 -1.703
7.860 -7.560 -14.160 17.873 -1.862
7.860 -7.560 -14.160 17.873 -1.862
7.380 -8.580 -14.160 18.127 -2.309
7.380 -8.580 -14.160 18.127 -2.309
6.540 -8.340 -14.280 17.783 -1.983
6.540 -8.340 -14.280 17.783 -1.983
5.940 -7.200 -14.760 17.464 -2.171
5.940 -7.200 -14.760 17.464 -2.105
4.680 -5.820 -14.880 16.649 -2.105
4.680 -5.820 -14.880 16.649 -1.541
3.420 -3.780 -15.480 16.298 -1.541
3.420 -3.780 -15.480 16.298 -1.002
2.280 -1.680 -16.500 16.741 -1.002
2.280 -1.680 -16.500 16.741 -.341
1.200 -.180 -17.700 17.742 -.313
1.200 -.180 -17.700 17.742 -.313
.660 .780 -19.500 19.527 .419
.660 .780 -19.500 19.527 .419
.720 .420 -21.960 21.976 -.675
.720 .420 -21.960 21.976 -.675
.600 -.060 -23.940 23.948 .039
.600 -.060 -23.940 23.948 .039
.000 -.360 -26.460 26.462 -.246
.000 -.360 -26.460 26.462 1.401
-.960 -.840 -28.920 28.948 1.401
-.960 -.840 -28.920 28.948 .120
-1.920 -.240 -30.960 31.020 .120
-1.920 -.240 -30.960 31.020 -.477
-3.240 .900 -33.480 33.648 -.477
-3.240 .900 -33.480 33.648 .492
-4.080 .060 -36.540 36.767 .492
-4.080 .060 -36.540 36.767 -.140
-3.780 .600 -39.180 39.366 -.222
-3.780 .600 -39.180 39.366 -.503
-2.760 .960 -41.580 41.683 1.027
-2.760 .960 -41.580 41.683 1.027
-.180 2.160 -42.660 42.715 .051
-.180 2.160 -42.660 42.715 .051
2.340 5.760 -41.520 41.983 -.202
2.340 5.760 -41.520 41.983 -.202
4.440 7.560 -39.900 40.852 .035
4.440 7.560 -39.900 40.852 -.204
6.180 9.540 -36.480 38.210 -.204
6.180 9.540 -36.480 38.210 -.331
7.200 9.480 -33.120 35.194 -.331
7.200 9.480 -33.120 35.194 -.647
9.000 8.160 -29.640 32.033 -.647
9.000 8.160 -29.640 32.033 -.695
11.160 7.140 -25.860 29.056 -.695
11.160 7.140 -25.860 29.056 -.705
13.200 5.160 -22.320 26.440 -.994
13.200 5.160 -22.320 26.440 -.994
16.380 3.900 -18.540 25.045 -1.020
16.380 3.900 -18.540 25.045 -1.020
19.140 3.180 -15.120 24.598 -1.245
19.140 3.180 -15.120 24.598 -1.245
21.300 2.880 -11.580 24.415 -1.397
21.300 2.880 -11.580 24.415 -1.397
24.300 3.000 -8.760 26.004 -1.325
24.300 3.000 -8.760 26.004 -1.394
26.280 2.940 -6.420 27.212 -1.394
26.280 2.940 -6.420 27.212 -1.444
28.500 3.060 -4.200 28.970 -1.444
28.500 3.060 -4.200 28.970 -1.445
30.060 3.840 -2.160 30.381 -1.445
30.060 3.840 -2.160 30.381 -1.426
30.240 4.500 -.780 30.583 -1.426
30.240 4.500 -.780 30.583 -1.416
30.180 4.860 -.540 30.574 -1.422
30.180 4.860 -.540 30.574 -1.422
29.460 5.340 .060 29.940 -1.395
29.460 5.340 .060 29.940 -1.395
28.500 5.640 .000 29.053 -1.379
28.500 5.640 .000 29.053 -1.379
26.880 6.240 -.360 27.597 -1.368
26.880 6.240 -.360 27.597 -1.349
24.720 7.560 .600 25.857 -1.349
24.720 7.560 .600 25.857 -1.272
21.540 9.540 1.020 23.580 -1.272
21.540 9.540 1.020 23.580 -1.195
19.380 11.340 1.140 22.483 -1.195
19.380 11.340 1.140 22.483 -1.066
17.280 13.140 2.280 21.828 -1.066
17.280 13.140 2.280 21.828 -.935
14.820 14.100 2.580 20.618 -.881
14.820 14.100 2.580 20.618 -.881
13.200 13.980 2.700 19.416 -.800
13.200 13.980 2.700 19.416 -.800
10.680 13.200 2.940 17.232 -.693
10.680 13.200 2.940 17.232 -.693
8.820 11.640 2.520 14.820 -.666
8.820 11.640 2.520 14.820 -.666
7.740 10.140 1.980 12.909 -.680
7.740 10.140 1.980 12.909 -.673
6.660 8.400 .720 10.744 -.673
6.660 8.400 .720 10.744 -.701
5.220 6.600 -.540 8.432 -.701
3.660 4.980 -1.620 6.389 -.675
3.660 4.980 -1.620 6.389 -.675
3.660 4.980 -1.620 6.389 -.623
2.100 3.600 -2.760 4.999 -.623
.600 2.820 -3.240 4.337 -.456
.600 2.820 -3.240 4.337 -.236
.600 2.820 -3.240 4.337 -.236
.060 2.640 -3.120 4.087 -.042
.060 2.640 -3.120 4.087 -.042
-.960 2.940 -2.580 4.028 .248
-.960 2.940 -2.580 4.028 .248
-2.220 3.900 -1.440 4.713 .496
-2.220 3.900 -1.440 4.713 .496
-3.600 4.800 -.420 6.015 .676
-5.040 6.120 .420 7.939 .649
-5.040 6.120 .420 7.939 .649
-5.460 8.160 1.260 9.899 .715
-5.460 8.160 1.260 9.899 .715
-5.460 8.160 1.260 9.899 .597
-5.520 10.620 1.620 12.078 .597
-5.520 10.620 1.620 12.078 .509
-5.340 13.320 1.740 14.456 .395
-5.340 13.320 1.740 14.456 .395
-5.940 15.900 1.800 17.068 .372
-5.940 15.900 1.800 17.068 .372
-7.020 17.940 1.380 19.314 .380
-8.160 19.320 1.260 21.010 .380
-8.160 19.320 1.260 21.010 .403
-9.600 20.340 1.800 22.564 .403
-9.600 20.340 1.800 22.564 .454
-11.040 20.700 1.800 23.529 .493
-11.040 20.700 1.800 23.529 .493
-12.420 19.980 1.440 23.570 .521
-12.420 19.980 1.440 23.570 .521
-13.560 19.200 .600 23.513 .575
-13.560 19.200 .600 23.513 .575
-14.640 17.700 -1.560 23.023 .613
-14.640 17.700 -1.560 23.023 .613
-13.860 16.560 -3.420 21.864 .696
-13.860 16.560 -3.420 21.864 .687
-13.020 15.540 -6.060 21.160 .687
-13.020 15.540 -6.060 21.160 .682
-11.580 13.800 -9.120 20.192 .682
-11.580 13.800 -9.120 20.192 .637
-9.480 12.480 -12.540 20.072 .637
-9.480 12.480 -12.540 20.072 .564
-8.160 10.980 -16.500 21.434 .564
-8.160 10.980 -16.500 21.434 .652
-5.820 10.680 -20.700 24.009 .473
-5.820 10.680 -20.700 24.009 .473
-3.960 11.700 -25.080 27.957 .270
-3.960 11.700 -25.080 27.957 .270
-1.740 13.440 -28.920 31.938 .100
-1.740 13.440 -28.920 31.938 .100
.780 16.020 -32.220 35.991 .080
.780 16.020 -32.220 35.991 .080
2.040 18.900 -34.020 38.971 -.078
2.040 18.900 -34.020 38.971 .094
2.940 21.180 -34.380 40.487 .094
2.940 21.180 -34.380 40.487 -.106
3.240 23.460 -33.300 40.863 -.106
3.240 23.460 -33.300 40.863 -.171
2.700 24.780 -31.620 40.264 -.171
2.700 24.780 -31.620 40.264 -.258
1.440 24.840 -29.820 38.837 -.258
1.440 24.840 -29.820 38.837 -.127
.900 23.880 -28.140 36.918 -.072
.900 23.880 -28.140 36.918 -.072
-.780 22.080 -26.280 34.333 .050
-.780 22.080 -26.280 34.333 .050
-2.040 20.160 -24.600 31.871 -.034
-2.040 20.160 -24.600 31.871 -.034
-2.640 17.820 -23.280 29.436 .032
-2.640 17.820 -23.280 29.436 .032
-3.840 15.420 -21.960 27.107 .095
-3.840 15.420 -21.960 27.107 .162
-4.260 13.560 -20.520 24.962 .162
-4.260 13.560 -20.520 24.962 .213
-4.500 11.400 -19.260 22.829 .213
-4.500 11.400 -19.260 22.829 .385
-4.860 9.420 -16.980 20.017 .385
-4.860 9.420 -16.980 20.017 .393
-5.340 8.520 -14.280 17.465 .393
-5.340 8.520 -14.280 17.465 .491
-5.460 7.680 -12.240 15.447 .431
-5.460 7.680 -12.240 15.447 .431
-5.940 7.020 -10.140 13.689 .489
-5.940 7.020 -10.140 13.689 .489
-6.300 7.320 -8.160 12.643 .593
-6.300 7.320 -8.160 12.643 .593
-6.420 7.560 -6.240 11.718 .730
-6.420 7.560 -6.240 11.718 .659
-7.020 7.920 -4.440 11.477 .659
-7.020 7.920 -4.440 11.477 .709
-7.020 9.180 -2.700 11.868 .709
-7.020 9.180 -2.700 11.868 .613
-7.740 10.020 -1.920 12.806 .613
-7.740 10.020 -1.920 12.806 .668
-8.880 10.740 -1.920 14.067 .668
-8.880 10.740 -1.920 14.067 .665
-9.840 11.700 -2.340 15.466 .702
-9.840 11.700 -2.340 15.466 .702
-11.520 11.820 -3.780 16.933 .721
-11.520 11.820 -3.780 16.933 .721
-12.360 11.760 -5.340 17.877 .758
-12.360 11.760 -5.340 17.877 .758
-13.200 11.400 -7.080 18.824 .782
-13.200 11.400 -7.080 18.824 .782
-14.580 9.900 -8.400 19.523 .762
-14.580 9.900 -8.400 19.523 .762
-15.780 8.160 -8.760 19.807 .932
-15.780 8.160 -8.760 19.807 1.117
-17.340 5.940 -7.620 19.850 1.117
-17.340 5.940 -7.620 19.850 1.168
-18.360 4.860 -5.640 19.812 1.168
-18.360 4.860 -5.640 19.812 1.266
-18.660 4.200 -2.940 19.351 1.266
-18.660 4.200 -2.940 19.351 1.339
-18.780 3.780 -.300 19.159 1.368
-18.780 3.780 -.300 19.159 1.368
-17.940 4.560 1.380 18.562 1.324
-17.940 4.560 1.380 18.562 1.324
-17.760 5.160 3.000 18.736 1.311
-17.760 5.160 3.000 18.736 1.311
-17.400 6.000 3.360 18.710 1.302
-17.400 6.000 3.360 18.710 1.302
-16.620 7.740 4.260 18.822 1.259
-16.620 7.740 4.260 18.822 1.178
-16.740 8.760 3.660 19.245 1.124
-16.740 8.760 3.660 19.245 1.133
-15.240 9.360 1.980 17.994 1.133
-15.240 9.360 1.980 17.994 1.038
-14.460 9.540 .300 17.326 1.038
-14.460 9.540 .300 17.326 .980
-13.860 8.940 -2.160 16.634 .980
-13.860 8.940 -2.160 16.634 .975
-11.880 8.460 -3.180 14.927 .975
-11.880 8.460 -3.180 14.927 .944
-10.560 7.560 -3.540 13.461 .924
-10.560 7.560 -3.540 13.461 .924
-8.580 7.140 -3.540 11.710 .910
-8.580 7.140 -3.540 11.710 .910
-6.840 7.140 -2.880 10.299 .840
-6.840 7.140 -2.880 10.299 .840
-5.940 7.560 -1.560 9.740 .782
-5.940 7.560 -1.560 9.740 .638
-5.160 8.520 -.420 9.970 .638
-5.160 8.520 -.420 9.970 .549
-4.380 10.380 1.080 11.318 .549
-4.380 10.380 1.080 11.318 .405
-3.060 12.540 1.920 13.050 .405
-3.060 12.540 1.920 13.050 .251
-1.560 14.460 1.560 14.627 .251
-1.560 14.460 1.560 14.627 .110
-.660 16.440 .720 16.469 .033
-.660 16.440 .720 16.469 .033
.060 17.700 -1.740 17.785 .040
.060 17.700 -1.740 17.785 .040
.360 18.300 -4.560 18.863 -.003
.360 18.300 -4.560 18.863 -.003
.660 18.480 -8.100 20.188 -.010
.660 18.480 -8.100 20.188 -.010
1.140 18.000 -12.060 21.697 -.069
1.140 18.000 -12.060 21.697 -.057
1.440 16.380 -15.000 22.257 -.057
1.440 16.380 -15.000 22.257 .086
1.260 13.920 -18.060 22.837 .086
1.260 13.920 -18.060 22.837 -.012
.720 11.220 -20.460 23.346 -.012
.720 11.220 -20.460 23.346 -.042
.000 8.160 -21.600 23.090 -.042
.000 8.160 -21.600 23.090 .149
-.600 6.060 -23.100 23.889 -.149
-.600 6.060 -23.100 23.889 -.149
-1.080 4.440 -23.640 24.078 .129
-1.080 4.440 -23.640 24.078 .129
-1.680 3.420 -23.460 23.767 .167
-1.680 3.420 -23.460 23.767 .167
-1.920 3.540 -23.760 24.099 .409
-1.920 3.540 -23.760 24.099 .312
-2.160 3.720 -23.880 24.264 -.028
-2.160 3.720 -23.880 24.264 .264
-1.440 3.780 -24.660 24.990 .264
-1.440 3.780 -24.660 24.990 .189
-.660 3.360 -26.220 26.443 .189
-.660 3.360 -26.220 26.443 .115
.240 1.620 -28.500 28.547 .115
.240 1.620 -28.500 28.547 -.161
.960 -.960 -30.480 30.510 .931
.960 -.960 -30.480 30.510 .931
1.200 -4.080 -32.220 32.499 -1.001
1.200 -4.080 -32.220 32.499 -1.001
1.080 -6.840 -32.760 33.484 -.693
1.080 -6.840 -32.760 33.484 -.693
1.200 -9.240 -32.100 33.425 -2.756
1.200 -9.240 -32.100 33.425 -2.756
1.140 -10.860 -30.180 32.095 -1.137
1.140 -10.860 -30.180 32.095 -2.903
1.020 -11.100 -27.540 29.710 -2.903
1.020 -11.100 -27.540 29.710 2.989
1.260 -10.320 -24.840 26.928 2.989
1.260 -10.320 -24.840 26.928 -2.867
1.260 -7.500 -22.020 23.296 -2.867
1.260 -7.500 -22.020 23.296 -2.744
1.680 -3.960 -20.160 20.614 -2.744
1.680 -3.960 -20.160 20.614 -2.487
2.160 .240 -19.380 19.501 -.464
2.160 .240 -19.380 19.501 -.464
2.760 3.900 -19.680 20.252 -.361
2.760 3.900 -19.680 20.252 -.361
3.360 6.720 -21.120 22.417 -.310
3.360 6.720 -21.120 22.417 -.310
4.260 8.640 -23.700 25.583 -.359
4.260 8.640 -23.700 25.583 -.359
5.100 9.600 -25.680 27.886 -.109
5.100 9.600 -25.680 27.886 -.829
5.940 9.540 -28.020 30.190 -.829
5.940 9.540 -28.020 30.190 -.342
6.780 8.460 -29.700 31.617 -.342
6.780 8.460 -29.700 31.617 -.580
6.840 6.960 -30.780 32.290 -.580
6.840 6.960 -30.780 32.290 -.394
6.600 4.680 -31.560 32.581 -.394
6.600 4.680 -31.560 32.581 -.665
5.280 2.520 -31.200 31.744 -.587
5.280 2.520 -31.200 31.744 -.587
4.200 .240 -30.360 30.650 -1.454
4.200 .240 -30.360 30.650 -1.454
2.880 -1.740 -28.320 28.519 -.614
2.880 -1.740 -28.320 28.519 -.614
1.620 -2.760 -25.980 26.176 -1.091
1.620 -2.760 -25.980 26.176 -1.091
.180 -2.520 -23.340 23.476 2.475
.180 -2.520 -23.340 23.476 -.213
-2.100 -.960 -20.460 20.590 -.213
-2.100 -.960 -20.460 20.590 .326
-4.080 1.800 -18.360 18.894 .326
-4.080 1.800 -18.360 18.894 .750
-5.520 5.340 -17.040 18.691 .750
-5.520 5.340 -17.040 18.691 .590
-6.480 8.220 -16.560 19.591 .590
-6.480 8.220 -16.560 19.591 .538
-8.040 9.960 -16.800 21.121 .653
-8.040 9.960 -16.800 21.121 .653
-9.360 11.040 -16.980 22.312 .531
-9.360 11.040 -16.980 22.312 .531
-10.860 11.400 -16.440 22.763 .613
-10.860 11.400 -16.440 22.763 .613
-11.700 11.760 -15.120 22.446 .617
-11.700 11.760 -15.120 22.446 .617
-11.280 11.940 -12.960 20.923 .647
-11.280 11.940 -12.960 20.923 .681
-11.040 12.540 -10.200 19.575 .681
-11.040 12.540 -10.200 19.575 .762
-9.660 13.800 -6.840 18.181 .762
-9.660 13.800 -6.840 18.181 .578
-7.140 15.660 -3.420 17.547 .578
-7.140 15.660 -3.420 17.547 .414
-4.260 17.880 -1.140 18.416 .229
-4.260 17.880 -1.140 18.416 .220
-.300 20.280 .300 20.284 .016
-.300 20.280 .300 20.284 .016
3.000 21.540 .120 21.748 -.138
3.000 21.540 .120 21.748 -.138
5.640 22.500 -1.980 23.280 -.139
5.640 22.500 -1.980 23.280 -.139
8.400 23.040 -4.860 25.000 -.250
8.400 23.040 -4.860 25.000 -.340
10.740 22.560 -9.120 26.598 -.340
10.740 22.560 -9.120 26.598 -.458
13.140 21.780 -14.160 29.112 -.458
13.140 21.780 -14.160 29.112 -.473
15.600 19.320 -19.200 31.389 -.473
15.600 19.320 -19.200 31.389 -.628
17.400 16.320 -24.060 33.882 -.628
17.400 16.320 -24.060 33.882 -.985
18.660 12.540 -28.320 36.159 -.761
18.660 12.540 -28.320 36.159 -.761
19.860 7.920 -31.380 37.972 -.935
19.860 7.920 -31.380 37.972 -.935
20.640 4.560 -33.180 39.341 -1.491
20.640 4.560 -33.180 39.341 -1.491
21.900 1.320 -33.720 40.229 -1.210
21.900 1.320 -33.720 40.229 -1.210
23.580 -.360 -33.000 40.560 -1.227
23.580 -.360 -33.000 40.560 -1.707
24.900 -.360 -32.640 41.055 -1.707
24.900 -.360 -32.640 41.055 -1.379
26.220 .000 -32.520 41.774 -1.379
26.220 .000 -32.520 41.774 -1.388
26.400 1.740 -33.060 42.343 -1.388
26.400 1.740 -33.060 42.343 -1.563
26.640 3.420 -33.840 43.203 -1.563
26.640 3.420 -33.840 43.203 -1.106
26.940 4.980 -33.780 43.493 -1.216
26.940 4.980 -33.780 43.493 -1.216
27.540 6.660 -33.240 43.677 -1.378
27.540 6.660 -33.240 43.677 -1.378
28.440 7.140 -31.740 43.212 -1.142
28.440 7.140 -31.740 43.212 -1.142
28.380 6.780 -29.880 41.764 -1.129
28.380 6.780 -29.880 41.764 -1.129
28.800 6.060 -27.960 40.595 -1.475
28.800 6.060 -27.960 40.595 -1.163
28.740 5.280 -25.380 38.704 -1.163
28.740 5.280 -25.380 38.704 -1.249
28.680 5.640 -22.800 37.070 -1.249
28.680 5.640 -22.800 37.070 -1.416
28.860 7.380 -19.740 35.736 -1.416
28.860 7.380 -19.740 35.736 -1.183
28.500 9.780 -17.880 35.037 -1.183
28.500 9.780 -17.880 35.037 -1.131
27.660 12.600 -16.740 34.700 -1.248
27.660 12.600 -16.740 34.700 -1.248
26.400 16.020 -16.500 35.012 -1.006
26.400 16.020 -16.500 35.012 -1.006
24.720 18.840 -17.940 35.887 -.871
24.720 18.840 -17.940 35.887 -.871
22.260 21.180 -20.100 36.717 -.929
22.260 21.180 -20.100 36.717 -.929
19.740 22.440 -23.280 37.884 -.737
19.740 22.440 -23.280 37.884 -.645
17.280 21.900 -27.000 38.823 -.645
17.280 21.900 -27.000 38.823 -.523
15.240 20.580 -30.000 39.444 -.523
15.240 20.580 -30.000 39.444 -.421
13.260 18.060 -32.580 39.540 -.421
13.260 18.060 -32.580 39.540 -.567
11.820 14.580 -34.440 39.222 -.567
11.820 14.580 -34.440 39.222 -.258
10.560 10.800 -35.280 38.377 -.512
10.560 10.800 -35.280 38.377 -.512
9.240 6.240 -34.980 36.714 -.525
9.240 6.240 -34.980 36.714 -.525
8.220 2.100 -33.720 34.771 -.990
8.220 2.100 -33.720 34.771 -.990
7.200 -1.260 -31.380 32.220 -.858
7.200 -1.260 -31.380 32.220 -1.150
5.880 -4.020 -28.260 29.144 -1.150
5.880 -4.020 -28.260 29.144 -.020
4.860 -5.280 -25.440 26.433 -.020
4.860 -5.280 -25.440 26.433 -1.093
4.380 -5.400 -22.140 23.206 -1.093
4.380 -5.400 -22.140 23.206 -1.973
3.960 -4.380 -19.800 20.662 -1.973
3.960 -4.380 -19.800 20.662 -1.155
4.680 -2.580 -18.420 19.180 -1.734
4.680 -2.580 -18.420 19.180 -1.734
5.640 -1.140 -18.360 19.241 -1.268
5.640 -1.140 -18.360 19.241 -1.268
6.960 .300 -19.080 20.312 -.594
6.960 .300 -19.080 20.312 -.594
8.460 1.380 -20.160 21.907 -.811
8.460 1.380 -20.160 21.907 -.811
9.360 1.500 -21.480 23.479 -1.102
9.360 1.500 -21.480 23.479 -.618
10.560 1.320 -21.780 24.241 -.618
10.560 1.320 -21.780 24.241 -1.372
12.000 .300 -21.840 24.921 -1.372
12.000 .300 -21.840 24.921 -1.136
13.020 -1.200 -21.360 25.044 -1.136
13.020 -1.200 -21.360 25.044 -1.337
14.340 -2.520 -20.220 24.917 -1.337
14.340 -2.520 -20.220 24.917 -1.517
15.240 -3.540 -18.960 24.582 -1.667
15.240 -3.540 -18.960 24.582 -1.667
15.480 -4.680 -18.180 24.332 -1.587
15.480 -4.680 -18.180 24.332 -1.587
16.320 -5.640 -16.920 24.175 -1.900
16.320 -5.640 -16.920 24.175 -1.900
16.440 -6.600 -15.960 23.844 -1.696
16.440 -6.600 -15.960 23.844 -1.696
16.560 -7.920 -15.000 23.706 -1.940
16.560 -7.920 -15.000 23.706 -1.983
16.680 -8.580 -13.620 23.181 -1.983
16.680 -8.580 -13.620 23.181 -1.955
15.960 -8.820 -12.480 22.097 -1.955
15.960 -8.820 -12.480 22.097 -1.910
15.240 -8.640 -10.740 20.549 -1.910
15.240 -8.640 -10.740 20.549 -1.945
14.280 -7.740 -8.700 18.426 -1.945
14.280 -7.740 -8.700 18.426 -1.926
12.900 -5.940 -6.360 15.561 -1.951
12.900 -5.940 -6.360 15.561 -1.951
11.160 -3.780 -4.140 12.489 -1.936
11.160 -3.780 -4.140 12.489 -1.936
10.200 -.900 -1.980 10.429 -1.617
10.200 -.900 -1.980 10.429 -1.617
9.480 2.460 -1.200 9.867 -1.301
9.480 2.460 -1.200 9.867 -1.301
8.880 5.760 -.600 10.602 -1.302
8.880 5.760 -.600 10.602 -1.002
8.640 8.820 -.900 12.379 -1.002
8.640 8.820 -.900 12.379 -.774
7.980 11.700 -2.280 14.345 -.774
7.980 11.700 -2.280 14.345 -.589
7.200 14.040 -3.900 16.253 -.589
7.200 14.040 -3.900 16.253 -.455
6.360 15.240 -6.960 17.921 -.455
5.760 16.140 -9.780 19.731 -.341
5.760 16.140 -9.780 19.731 -.366
5.760 16.140 -9.780 19.731 -.366
4.560 15.780 -13.320 21.148 -.282
4.560 15.780 -13.320 21.148 -.282
3.000 14.580 -16.800 22.446 -.176
1.440 13.020 -19.320 23.342 -.176
1.440 13.020 -19.320 23.342 .064
1.440 13.020 -19.320 23.342 .064
-.720 10.620 -21.840 24.296 -.020
-2.280 8.520 -23.040 24.670 .093
-2.280 8.520 -23.040 24.670 .093
-3.360 6.600 -22.740 23.916 .195
-3.360 6.600 -22.740 23.916 .195
-4.260 4.800 -22.020 22.936 .290
-4.260 4.800 -22.020 22.936 .290
-4.260 3.600 -20.580 21.322 .478
-4.260 3.600 -20.580 21.322 .650
-4.740 2.760 -19.080 19.853 .650
-4.740 2.760 -19.080 19.853 .797
-4.020 2.400 -17.520 18.135 .797
-4.020 2.400 -17.520 18.135 .450
-2.940 2.760 -16.380 16.869 .450
-2.940 2.760 -16.380 16.869 .333
-1.440 3.300 -15.900 16.303 .333
-1.440 3.300 -15.900 16.303 .347
.540 3.300 -16.380 16.718 -.106
.540 3.300 -16.380 16.718 -.106
1.860 3.360 -17.820 18.229 -.120
1.860 3.360 -17.820 18.229 -.120
3.300 2.760 -19.980 20.438 -.170
3.300 2.760 -19.980 20.438 -.170
4.140 2.100 -22.260 22.739 -.767
4.140 2.100 -22.260 22.739 -.767
5.700 1.680 -24.120 24.841 -.401
5.700 1.680 -24.120 24.841 -1.223
7.380 .720 -26.580 27.595 -1.223
7.380 .720 -26.580 27.595 -.513
8.220 .660 -27.840 29.036 -.513
8.220 .660 -27.840 29.036 -1.075
8.820 .780 -28.680 30.016 -1.075
8.820 .780 -28.680 30.016 -1.637
9.120 1.740 -28.680 30.145 -1.637
9.120 1.740 -28.680 30.145 -1.188
8.460 2.940 -27.720 29.131 -.753
8.460 2.940 -27.720 29.131 -.753
8.700 4.020 -26.040 27.748 -1.144
8.700 4.020 -26.040 27.748 -1.144
9.180 4.740 -24.060 26.184 -.699
9.180 4.740 -24.060 26.184 -.699
9.000 5.400 -23.160 25.427 -.967
9.000 5.400 -23.160 25.427 -.967
9.120 5.940 -22.440 24.940 -1.162
9.120 5.940 -22.440 24.940 -.823
8.640 6.660 -22.560 25.059 -.823
8.640 6.660 -22.560 25.059 -.586
7.920 6.960 -23.700 25.940 -.586
7.920 6.960 -23.700 25.940 -.743
7.680 6.600 -24.900 26.880 -.743
7.680 6.600 -24.900 26.880 -.415
7.320 6.060 -26.340 28.002 -.415
7.320 6.060 -26.340 28.002 -.607
7.140 4.920 -28.740 30.020 -.831
7.140 4.920 -28.740 30.020 -.831
6.600 3.780 -30.600 31.531 -.636
6.600 3.780 -30.600 31.531 -.636
5.820 3.120 -32.220 32.890 -.477
5.820 3.120 -32.220 32.890 -.477
5.100 2.400 -33.840 34.306 -.903
5.100 2.400 -33.840 34.306 -.903
3.780 1.860 -34.260 34.518 -.244
3.780 1.860 -34.260 34.518 -.476
2.700 1.980 -35.040 35.200 -.476
2.700 1.980 -35.040 35.200 .224
1.860 1.500 -35.760 35.840 .224
1.860 1.500 -35.760 35.840 -.292
1.080 1.440 -36.360 36.405 -.292
1.080 1.440 -36.360 36.405 .109
.300 1.560 -37.080 37.114 -1.160
.300 1.560 -37.080 37.114 -1.160
-.720 1.560 -37.140 37.180 -.244
-.720 1.560 -37.140 37.180 -.244
-2.280 1.140 -37.140 37.227 .242
-2.280 1.140 -37.140 37.227 .242
-4.260 .420 -36.240 36.492 .589
-4.260 .420 -36.240 36.492 .589
-6.300 -.180 -35.040 35.602 .580
-6.300 -.180 -35.040 35.602 .711
-8.160 -1.080 -34.140 35.118 .711
-8.160 -1.080 -34.140 35.118 1.476
-10.500 -.780 -31.920 33.612 1.476
-10.500 -.780 -31.920 33.612 .871
-12.300 -.060 -29.640 32.091 .871
-12.300 -.060 -29.640 32.091 .995
-13.980 .780 -27.180 30.575 .995
-13.980 .780 -27.180 30.575 1.112
-16.320 2.280 -23.700 28.866 1.150
-16.320 2.280 -23.700 28.866 1.150
-18.000 4.440 -20.820 27.878 1.080
-18.000 4.440 -20.820 27.878 1.080
-19.860 6.900 -18.120 27.755 1.108
-19.860 6.900 -18.120 27.755 1.108
-21.000 9.060 -16.020 27.924 1.136
-21.000 9.060 -16.020 27.924 1.136
-21.780 10.860 -13.800 27.978 1.036
-21.780 10.860 -13.800 27.978 1.073
-22.200 11.340 -11.880 27.615 1.073
-22.200 11.340 -11.880 27.615 1.057
-22.920 11.280 -9.480 27.248 1.057
-22.920 11.280 -9.480 27.248 1.058
-23.100 11.280 -6.180 26.439 1.058
-23.100 11.280 -6.180 26.439 1.096
-22.560 10.920 -3.600 25.321 1.096
-22.560 10.920 -3.600 25.321 1.119
-21.660 11.160 -.840 24.380 1.099
-21.660 11.160 -.840 24.380 1.099
-19.860 10.980 1.500 22.743 1.092
-19.860 10.980 1.500 22.743 1.092
-18.180 11.580 3.180 21.788 1.099
-18.180 11.580 3.180 21.788 1.099
-15.420 12.960 4.500 20.639 1.050
-15.420 12.960 4.500 20.639 1.050
-12.060 14.280 5.100 19.375 .956
-12.060 14.280 5.100 19.375 .732
-8.700 16.140 4.860 18.969 .732
-8.700 16.140 4.860 18.969 .569
-4.740 16.800 3.480 17.799 .569
-4.740 16.800 3.480 17.799 .292
-.960 16.740 1.080 16.802 .292
-.960 16.740 1.080 16.802 .057
2.460 15.360 -2.040 15.689 .057
2.460 15.360 -2.040 15.689 -.164
6.120 12.720 -5.820 15.268 -.401
6.120 12.720 -5.820 15.268 -.401
8.820 10.020 -10.260 16.836 -.489
8.820 10.020 -10.260 16.836 -.489
9.840 6.300 -14.880 18.919 -.577
9.840 6.300 -14.880 18.919 -.577
10.680 2.760 -19.440 22.352 -.929
10.680 2.760 -19.440 22.352 -.241
9.960 -.480 -23.520 25.546 -.618
9.960 -.480 -23.520 25.546 -1.224
9.660 -3.000 -26.340 28.215 -1.224
9.660 -3.000 -26.340 28.215 -1.151
9.540 -4.560 -28.140 30.061 -1.151
9.540 -4.560 -28.140 30.061 -1.792
8.580 -5.940 -29.520 31.310 -1.792
8.580 -5.940 -29.520 31.310 -1.062
8.400 -6.240 -30.120 31.886 -1.396
8.400 -6.240 -30.120 31.886 -1.396
7.140 -6.960 -30.360 31.955 -2.206
7.140 -6.960 -30.360 31.955 -2.206
6.300 -7.260 -30.660 32.131 -1.504
6.300 -7.260 -30.660 32.131 -1.504
5.460 -6.420 -30.660 31.797 -1.217
5.460 -6.420 -30.660 31.797 -1.217
4.740 -5.160 -30.840 31.626 -.789
4.740 -5.160 -30.840 31.626 -2.278
3.900 -3.540 -31.620 32.056 -2.278
