X Y Z F A
-8.280 -42.120 6.660 43.440 2.956
-6.660 -42.900 5.580 43.771 2.956
-6.660 -42.900 5.580 43.771 3.001
-4.920 -43.560 4.260 44.043 3.001
-4.920 -43.560 4.260 44.043 3.027
-2.760 -44.040 3.000 44.228 3.027
-2.760 -44.040 3.000 44.228 3.080
-1.080 -45.060 2.040 45.119 3.080
-1.080 -45.060 2.040 45.119 3.116
.900 -45.960 .780 45.975 -3.121
.900 -45.960 .780 45.975 -3.121
2.820 -47.640 -1.140 47.737 -3.080
2.820 -47.640 -1.140 47.737 -3.080
4.500 -49.020 -2.580 49.294 -3.086
4.500 -49.020 -2.580 49.294 -3.086
5.460 -50.700 -4.800 51.219 -3.046
5.460 -50.700 -4.800 51.219 -3.046
5.100 -51.720 -7.080 52.451 -3.029
5.100 -51.720 -7.080 52.451 -3.052
4.680 -51.720 -9.240 52.747 -3.052
4.680 -51.720 -9.240 52.747 -3.040
4.200 -51.300 -12.660 53.006 -3.040
4.200 -51.300 -12.660 53.006 -3.052
4.140 -49.380 -15.360 51.879 -3.052
4.140 -49.380 -15.360 51.879 -3.073
4.320 -46.980 -18.120 50.538 -3.073
4.320 -46.980 -18.120 50.538 -3.037
4.200 -43.980 -20.460 48.688 -3.041
4.200 -43.980 -20.460 48.688 -3.041
3.420 -41.280 -22.080 46.939 -3.038
3.420 -41.280 -22.080 46.939 -3.038
2.280 -39.000 -23.280 45.477 -3.051
2.280 -39.000 -23.280 45.477 -3.051
1.080 -37.800 -23.760 44.660 3.139
1.080 -37.800 -23.760 44.660 3.109
-.540 -38.760 -23.100 45.125 -3.105
-.540 -38.760 -23.100 45.125 3.100
-2.460 -40.440 -22.140 46.170 3.100
-2.460 -40.440 -22.140 46.170 3.086
-4.500 -42.540 -21.000 47.654 3.086
-4.500 -42.540 -21.000 47.654 3.036
-6.540 -45.420 -19.440 49.836 3.036
-6.540 -45.420 -19.440 49.836 2.993
-7.980 -47.340 -17.760 51.188 2.993
-7.980 -47.340 -17.760 51.188 2.949
-9.600 -49.020 -15.780 52.384 2.954
-9.600 -49.020 -15.780 52.384 2.954
-11.400 -50.760 -13.560 53.763 2.941
-11.400 -50.760 -13.560 53.763 2.941
-14.040 -50.880 -10.920 53.899 2.911
-14.040 -50.880 -10.920 53.899 2.911
-16.680 -50.160 -8.700 53.572 2.829
-16.680 -50.160 -8.700 53.572 2.829
-18.840 -49.560 -6.840 53.460 2.799
-18.840 -49.560 -6.840 53.460 2.757
-20.280 -48.780 -5.220 53.085 2.757
-20.280 -48.780 -5.220 53.085 2.741
-20.880 -49.020 -4.560 53.476 2.741
-20.880 -49.020 -4.560 53.476 2.723
-21.000 -49.980 -4.800 54.425 2.723
-21.000 -49.980 -4.800 54.425 2.711
-20.580 -51.420 -5.460 55.654 2.711
-20.580 -51.420 -5.460 55.654 2.762
-19.920 -52.860 -6.480 56.859 2.759
-19.920 -52.860 -6.480 56.859 2.759
-18.300 -54.120 -8.040 57.693 2.815
-18.300 -54.120 -8.040 57.693 2.815
-16.140 -54.780 -9.840 57.950 2.806
-16.140 -54.780 -9.840 57.950 2.806
-13.140 -54.660 -10.920 57.268 2.834
-13.140 -54.660 -10.920 57.268 2.834
-9.960 -54.480 -11.280 56.520 2.903
-9.960 -54.480 -11.280 56.520 2.963
-7.560 -53.220 -11.460 54.962 2.963
-7.560 -53.220 -11.460 54.962 2.996
-6.120 -52.320 -10.860 53.785 2.996
-6.120 -52.320 -10.860 53.785 3.034
-4.740 -51.600 -10.320 52.835 3.034
-4.740 -51.600 -10.320 52.835 3.041
-3.780 -50.700 -10.800 51.975 3.073
-3.780 -50.700 -10.800 51.975 3.073
-1.980 -50.400 -11.100 51.646 3.096
-1.980 -50.400 -11.100 51.646 3.096
-.420 -49.620 -11.760 50.996 3.084
-.420 -49.620 -11.760 50.996 3.084
.480 -47.760 -13.140 49.537 3.126
.480 -47.760 -13.140 49.537 3.126
1.740 -46.140 -14.280 48.331 3.113
1.740 -46.140 -14.280 48.331 3.113
2.700 -44.820 -14.700 47.246 -3.086
2.700 -44.820 -14.700 47.246 -3.080
4.620 -43.260 -14.880 45.980 -3.080
4.620 -43.260 -14.880 45.980 -3.052
6.960 -42.180 -14.640 45.188 -3.052
6.960 -42.180 -14.640 45.188 -2.981
9.300 -41.820 -14.880 45.352 -2.981
9.300 -41.820 -14.880 45.352 -2.875
11.460 -41.100 -15.660 45.451 -2.814
11.460 -41.100 -15.660 45.451 -2.814
13.620 -41.580 -17.280 47.043 -2.825
13.620 -41.580 -17.280 47.043 -2.825
16.140 -42.600 -19.140 49.413 -2.690
16.140 -42.600 -19.140 49.413 -2.690
19.440 -43.200 -20.760 51.722 -2.792
19.440 -43.200 -20.760 51.722 -2.792
24.180 -43.200 -23.520 54.810 -2.797
24.180 -43.200 -23.520 54.810 -2.569
26.940 -44.340 -26.040 58.051 -2.569
26.940 -44.340 -26.040 58.051 -2.506
26.940 -45.180 -30.540 60.825 -2.506
26.940 -45.180 -30.540 60.825 -2.555
27.360 -45.960 -35.700 64.307 -2.555
27.360 -45.960 -35.700 64.307 -2.520
27.780 -48.360 -39.180 68.158 -2.520
27.780 -48.360 -39.180 68.158 -2.383
30.540 -50.640 -41.760 72.395 -2.524
30.540 -50.640 -41.760 72.395 -2.524
35.040 -54.180 -42.720 77.384 -2.501
35.040 -54.180 -42.720 77.384 -2.501
37.320 -58.140 -42.480 81.102 -2.483
37.320 -58.140 -42.480 81.102 -2.483
36.420 -63.000 -42.060 84.050 -2.417
36.420 -63.000 -42.060 84.050 -2.417
33.840 -66.720 -41.340 85.473 -2.524
33.840 -66.720 -41.340 85.473 -2.565
31.740 -69.000 -39.720 85.709 -2.565
31.740 -69.000 -39.720 85.709 -2.661
29.700 -71.520 -36.900 85.784 -2.661
29.700 -71.520 -36.900 85.784 -2.717
28.440 -72.240 -33.900 84.715 -2.717
28.440 -72.240 -33.900 84.715 -2.722
25.980 -72.120 -31.380 82.831 -2.722
25.980 -72.120 -31.380 82.831 -2.769
22.860 -72.900 -28.380 81.501 -2.803
22.860 -72.900 -28.380 81.501 -2.803
20.220 -72.120 -26.040 79.298 -2.838
20.220 -72.120 -26.040 79.298 -2.838
17.880 -70.740 -24.180 76.867 -2.838
17.880 -70.740 -24.180 76.867 -2.838
17.040 -69.900 -22.140 75.276 -2.897
17.040 -69.900 -22.140 75.276 -2.897
16.260 -67.800 -20.820 72.765 -2.904
16.260 -67.800 -20.820 72.765 -2.895
15.360 -66.240 -19.200 70.656 -2.895
15.360 -66.240 -19.200 70.656 -2.883
14.640 -65.220 -17.700 69.147 -2.883
14.640 -65.220 -17.700 69.147 -2.899
14.880 -63.240 -16.740 67.089 -2.899
14.880 -63.240 -16.740 67.089 -2.875
15.540 -61.380 -15.420 65.167 -2.887
15.540 -61.380 -15.420 65.167 -2.887
15.840 -59.400 -14.880 63.251 -2.866
15.840 -59.400 -14.880 63.251 -2.866
15.900 -56.880 -13.860 60.665 -2.853
15.900 -56.880 -13.860 60.665 -2.853
14.700 -55.560 -13.080 58.941 -2.815
14.700 -55.560 -13.080 58.941 -2.815
14.040 -54.420 -11.880 57.444 -2.879
14.040 -54.420 -11.880 57.444 -2.880
14.340 -52.920 -10.140 55.758 -2.880
14.340 -52.920 -10.140 55.758 -2.878
15.300 -52.080 -8.520 54.945 -2.878
15.300 -52.080 -8.520 54.945 -2.866
16.680 -50.940 -6.420 53.984 -2.866
16.680 -50.940 -6.420 53.984 -2.817
16.560 -50.100 -4.860 52.989 -2.817
16.560 -50.100 -4.860 52.989 -2.826
16.260 -50.160 -3.060 52.818 -2.826
16.260 -50.160 -3.060 52.818 -2.826
15.780 -49.680 -.960 52.135 -2.828
15.780 -49.680 -.960 52.135 -2.828
15.840 -48.480 1.740 51.032 -2.824
15.840 -48.480 1.740 51.032 -2.824
16.140 -47.640 4.380 50.490 -2.825
16.140 -47.640 4.380 50.490 -2.813
16.320 -46.740 6.840 49.978 -2.813
16.320 -46.740 6.840 49.978 -2.810
15.600 -45.720 8.700 49.085 -2.810
15.600 -45.720 8.700 49.085 -2.818
15.060 -45.840 9.180 49.116 -2.818
15.060 -45.840 9.180 49.116 -2.829
14.880 -45.480 8.940 48.680 -2.829
14.880 -45.480 8.940 48.680 -2.828
15.420 -45.360 7.620 48.512 -2.828
15.420 -45.360 7.620 48.512 -2.831
16.260 -46.080 5.520 49.175 -2.807
16.260 -46.080 5.520 49.175 -2.807
16.740 -46.860 3.360 49.874 -2.802
16.740 -46.860 3.360 49.874 -2.802
16.740 -48.540 1.440 51.366 -2.823
16.740 -48.540 1.440 51.366 -2.823
16.620 -50.400 .060 53.070 -2.810
16.620 -50.400 .060 53.070 -2.817
17.220 -51.780 -1.080 54.579 -2.817
17.220 -51.780 -1.080 54.579 -2.802
18.180 -53.340 -1.500 56.373 -2.802
18.180 -53.340 -1.500 56.373 -2.813
19.320 -54.720 -1.800 58.058 -2.813
19.320 -54.720 -1.800 58.058 -2.790
19.980 -55.260 -2.700 58.823 -2.790
19.980 -55.260 -2.700 58.823 -2.783
20.280 -56.700 -3.720 60.332 -2.791
20.280 -56.700 -3.720 60.332 -2.791
20.160 -57.720 -4.680 61.318 -2.786
20.160 -57.720 -4.680 61.318 -2.786
21.120 -58.260 -5.940 62.254 -2.781
21.120 -58.260 -5.940 62.254 -2.781
21.660 -59.160 -6.720 63.358 -2.809
21.660 -59.160 -6.720 63.358 -2.809
21.600 -59.280 -6.780 63.456 -2.769
21.600 -59.280 -6.780 63.456 -2.786
21.240 -59.820 -7.320 63.900 -2.786
21.240 -59.820 -7.320 63.900 -2.795
19.620 -60.300 -6.960 63.792 -2.795
19.620 -60.300 -6.960 63.792 -2.799
18.840 -60.300 -6.660 63.525 -2.799
18.300 -60.600 -5.460 63.538 -2.819
18.300 -60.600 -5.460 63.538 -2.843
17.340 -60.840 -3.240 63.346 -2.843
17.340 -60.840 -3.240 63.346 -2.848
16.260 -60.960 -2.040 63.124 -2.848
16.260 -60.960 -2.040 63.124 -2.882
14.580 -61.500 .540 63.207 -2.882
14.580 -61.500 .540 63.207 -2.913
12.660 -61.740 1.560 63.044 -2.913
12.660 -61.740 1.560 63.044 -2.931
12.120 -61.080 2.460 62.319 -2.943
12.120 -61.080 2.460 62.319 -2.943
12.060 -60.120 4.680 61.496 -2.943
12.060 -60.120 4.680 61.496 -2.943
11.280 -58.560 5.700 59.908 -2.941
11.280 -58.560 5.700 59.908 -2.941
10.080 -56.220 7.380 57.591 -2.947
10.080 -56.220 7.380 57.591 -2.947
8.880 -53.100 8.400 54.489 -2.964
8.880 -53.100 8.400 54.489 -2.971
8.160 -49.620 8.400 50.983 -2.971
8.160 -49.620 8.400 50.983 -2.985
8.040 -46.380 8.160 47.774 -2.985
8.040 -46.380 8.160 47.774 -2.957
8.880 -43.560 8.100 45.188 -2.957
8.880 -43.560 8.100 45.188 -2.953
9.240 -41.760 7.440 43.412 -2.953
9.240 -41.760 7.440 43.412 -2.909
9.240 -40.680 7.020 42.303 -2.941
9.240 -40.680 7.020 42.303 -2.941
9.300 -40.440 7.020 42.085 -2.943
9.300 -40.440 7.020 42.085 -2.943
9.540 -40.920 6.900 42.580 -2.916
9.540 -40.920 6.900 42.580 -2.916
9.660 -42.420 7.680 44.179 -2.923
9.660 -42.420 7.680 44.179 -2.923
9.660 -44.520 8.220 46.292 -2.924
9.660 -44.520 8.220 46.292 -2.943
9.360 -46.800 8.640 48.503 -2.943
9.360 -46.800 8.640 48.503 -3.021
9.120 -49.440 9.480 51.160 -3.021
9.120 -49.440 9.480 51.160 -2.972
9.360 -51.960 9.660 53.673 -2.972
9.360 -51.960 9.660 53.673 -2.956
10.560 -54.000 9.960 55.917 -2.943
10.560 -54.000 9.960 55.917 -2.943
12.240 -56.280 9.960 58.450 -2.934
12.240 -56.280 9.960 58.450 -2.934
13.620 -57.960 9.060 60.224 -2.925
13.620 -57.960 9.060 60.224 -2.925
14.460 -59.400 8.340 61.701 -2.928
14.460 -59.400 8.340 61.701 -2.928
15.000 -60.780 7.740 63.080 -2.908
15.000 -60.780 7.740 63.080 -2.899
16.800 -61.080 6.180 63.649 -2.899
16.800 -61.080 6.180 63.649 -2.869
18.960 -61.260 4.920 64.315 -2.869
18.960 -61.260 4.920 64.315 -2.837
21.000 -60.660 3.660 64.296 -2.837
21.000 -60.660 3.660 64.296 -2.803
22.980 -59.460 2.280 63.787 -2.803
22.980 -59.460 2.280 63.787 -2.768
24.300 -58.320 2.040 63.213 -2.750
24.300 -58.320 2.040 63.213 -2.750
25.920 -56.880 1.860 62.535 -2.706
25.920 -56.880 1.860 62.535 -2.706
28.380 -55.440 2.340 62.326 -2.713
28.380 -55.440 2.340 62.326 -2.713
30.960 -54.240 3.540 62.554 -2.667
30.960 -54.240 3.540 62.554 -2.667
33.780 -52.200 4.980 62.376 -2.610
33.780 -52.200 4.980 62.376 -2.562
35.760 -50.940 6.300 62.557 -2.562
35.760 -50.940 6.300 62.557 -2.525
37.380 -49.800 6.720 62.630 -2.525
37.380 -49.800 6.720 62.630 -2.495
38.640 -48.000 6.840 61.999 -2.495
38.640 -48.000 6.840 61.999 -2.486
39.660 -47.040 6.720 61.894 -2.443
39.660 -47.040 6.720 61.894 -2.443
39.660 -46.320 5.640 61.239 -2.453
39.660 -46.320 5.640 61.239 -2.453
38.820 -45.960 5.040 60.371 -2.445
38.820 -45.960 5.040 60.371 -2.445
37.320 -46.440 3.900 59.705 -2.434
37.320 -46.440 3.900 59.705 -2.434
35.160 -46.860 1.740 58.610 -2.459
35.160 -46.860 1.740 58.610 -2.494
34.440 -46.200 .660 57.628 -2.494
34.440 -46.200 .660 57.628 -2.501
33.540 -46.140 -.360 57.043 -2.501
33.540 -46.140 -.360 57.043 -2.495
32.640 -45.540 -1.800 56.058 -2.495
32.640 -45.540 -1.800 56.058 -2.515
30.900 -45.780 -2.460 55.287 -2.515
30.900 -45.780 -2.460 55.287 -2.546
29.160 -46.320 -2.940 54.813 -2.559
29.160 -46.320 -2.940 54.813 -2.559
28.320 -46.380 -4.260 54.509 -2.585
28.320 -46.380 -4.260 54.509 -2.585
28.020 -46.500 -5.040 54.523 -2.617
28.020 -46.500 -5.040 54.523 -2.617
28.380 -46.740 -5.820 54.990 -2.571
28.380 -46.740 -5.820 54.990 -2.571
27.660 -47.400 -6.900 55.312 -2.590
27.660 -47.400 -6.900 55.312 -2.619
26.700 -47.820 -8.040 55.356 -2.619
26.700 -47.820 -8.040 55.356 -2.607
25.920 -48.660 -9.180 55.892 -2.607
25.920 -48.660 -9.180 55.892 -2.644
25.200 -48.960 -10.500 56.057 -2.644
25.200 -48.960 -10.500 56.057 -2.681
24.840 -48.840 -12.000 56.093 -2.681
24.840 -48.840 -12.000 56.093 -2.649
24.240 -48.420 -13.380 55.777 -2.677
24.240 -48.420 -13.380 55.777 -2.677
22.080 -48.540 -14.520 55.267 -2.723
22.080 -48.540 -14.520 55.267 -2.723
20.040 -48.480 -15.240 54.628 -2.675
20.040 -48.480 -15.240 54.628 -2.675
17.880 -48.720 -16.260 54.385 -2.721
17.880 -48.720 -16.260 54.385 -2.721
16.140 -49.020 -16.200 54.092 -2.804
16.140 -49.020 -16.200 54.092 -2.779
15.360 -48.480 -16.200 53.373 -2.779
15.360 -48.480 -16.200 53.373 -2.813
13.740 -47.700 -16.380 52.272 -2.813
13.740 -47.700 -16.380 52.272 -2.832
12.240 -46.920 -15.720 50.975 -2.832
12.240 -46.920 -15.720 50.975 -2.835
10.920 -46.020 -15.480 49.767 -2.835
10.920 -46.020 -15.480 49.767 -2.917
10.140 -46.020 -15.120 49.490 -2.918
10.140 -46.020 -15.120 49.490 -2.918
9.960 -46.500 -14.880 49.828 -2.943
9.960 -46.500 -14.880 49.828 -2.943
9.840 -46.920 -14.700 50.144 -2.907
9.840 -46.920 -14.700 50.144 -2.907
9.120 -48.660 -14.640 51.627 -2.855
9.120 -48.660 -14.640 51.627 -2.922
8.340 -50.160 -13.920 52.720 -2.922
8.340 -50.160 -13.920 52.720 -2.962
8.520 -51.120 -12.960 53.421 -2.962
8.520 -51.120 -12.960 53.421 -2.989
9.720 -52.200 -11.460 54.320 -2.989
9.720 -52.200 -11.460 54.320 -2.988
10.800 -52.320 -8.940 54.166 -2.988
10.800 -52.320 -8.940 54.166 -2.932
11.280 -52.260 -7.260 53.954 -2.898
11.280 -52.260 -7.260 53.954 -2.898
11.880 -52.560 -4.920 54.110 -2.906
11.880 -52.560 -4.920 54.110 -2.906
12.600 -52.380 -2.640 53.939 -2.894
12.600 -52.380 -2.640 53.939 -2.894
14.580 -52.140 -.300 54.141 -2.891
14.580 -52.140 -.300 54.141 -2.891
16.980 -52.260 2.940 55.028 -2.871
16.980 -52.260 2.940 55.028 -2.824
18.660 -52.260 6.120 55.828 -2.824
18.660 -52.260 6.120 55.828 -2.811
19.320 -53.520 9.660 57.715 -2.811
19.320 -53.520 9.660 57.715 -2.818
20.520 -55.620 11.880 60.463 -2.818
20.520 -55.620 11.880 60.463 -2.786
22.080 -58.140 14.160 63.783 -2.786
22.080 -58.140 14.160 63.783 -2.772
23.880 -61.200 15.120 67.411 -2.753
23.880 -61.200 15.120 67.411 -2.753
25.680 -64.080 14.340 70.508 -2.763
25.680 -64.080 14.340 70.508 -2.763
25.920 -66.840 13.260 72.906 -2.755
25.920 -66.840 13.260 72.906 -2.755
26.100 -68.940 10.920 74.520 -2.789
26.100 -68.940 10.920 74.520 -2.789
26.520 -69.900 8.220 75.212 -2.769
26.520 -69.900 8.220 75.212 -2.777
27.720 -70.260 6.060 75.773 -2.777
27.720 -70.260 6.060 75.773 -2.763
28.800 -69.600 4.140 75.437 -2.763
28.800 -69.600 4.140 75.437 -2.736
29.040 -68.460 1.500 74.380 -2.736
29.040 -68.460 1.500 74.380 -2.732
27.480 -68.100 -.600 73.438 -2.732
27.480 -68.100 -.600 73.438 -2.758
25.260 -67.020 -2.820 71.678 -2.760
25.260 -67.020 -2.820 71.678 -2.760
23.580 -65.640 -5.460 69.960 -2.779
23.580 -65.640 -5.460 69.960 -2.779
22.560 -63.780 -7.140 68.028 -2.806
22.560 -63.780 -7.140 68.028 -2.806
22.140 -61.020 -8.880 65.517 -2.753
22.140 -61.020 -8.880 65.517 -2.774
21.120 -58.440 -10.320 62.990 -2.774
21.120 -58.440 -10.320 62.990 -2.799
20.520 -56.280 -10.920 60.891 -2.799
20.520 -56.280 -10.920 60.891 -2.740
19.800 -55.200 -11.220 59.707 -2.740
19.800 -55.200 -11.220 59.707 -2.760
19.920 -55.260 -10.440 59.661 -2.760
19.920 -55.260 -10.440 59.661 -2.792
21.060 -56.520 -10.020 61.143 -2.756
21.060 -56.520 -10.020 61.143 -2.756
21.660 -58.260 -9.540 62.884 -2.759
21.660 -58.260 -9.540 62.884 -2.759
21.660 -60.840 -9.120 65.221 -2.793
21.660 -60.840 -9.120 65.221 -2.793
21.780 -63.720 -9.240 67.970 -2.784
21.780 -63.720 -9.240 67.970 -2.784
22.920 -65.820 -9.120 70.291 -2.789
22.920 -65.820 -9.120 70.291 -2.807
25.380 -67.380 -8.940 72.554 -2.807
25.380 -67.380 -8.940 72.554 -2.769
29.940 -67.200 -10.620 74.331 -2.769
29.940 -67.200 -10.620 74.331 -2.705
35.040 -66.060 -13.380 75.965 -2.705
35.040 -66.060 -13.380 75.965 -2.635
39.360 -64.080 -16.080 76.903 -2.635
39.360 -64.080 -16.080 76.903 -2.552
44.280 -60.060 -19.740 77.185 -2.439
44.280 -60.060 -19.740 77.185 -2.439
49.320 -53.520 -21.900 76.003 -2.312
49.320 -53.520 -21.900 76.003 -2.312
54.060 -44.160 -22.740 73.415 -2.271
54.060 -44.160 -22.740 73.415 -2.271
57.720 -32.520 -23.580 70.322 -2.005
57.720 -32.520 -23.580 70.322 -2.005
58.620 -21.720 -23.460 66.772 -1.838
58.620 -21.720 -23.460 66.772 -1.889
56.880 -12.060 -22.740 62.433 -1.889
56.880 -12.060 -22.740 62.433 -1.645
54.180 -4.200 -21.660 58.500 -1.645
54.180 -4.200 -21.660 58.500 -1.516
51.240 1.440 -19.200 54.738 -1.516
48.840 5.640 -15.780 51.635 -1.505
48.840 5.640 -15.780 51.635 -1.428
47.040 7.980 -11.880 49.169 -1.346
47.040 7.980 -11.880 49.169 -1.308
45.660 8.400 -8.040 47.117 -1.308
45.660 8.400 -8.040 47.117 -1.378
44.760 7.260 -5.040 45.624 -1.378
44.760 7.260 -5.040 45.624 -1.365
44.160 5.700 -2.280 44.585 -1.365
44.160 5.700 -2.280 44.585 -1.437
43.860 3.480 -.360 43.999 -1.502
43.860 3.480 -.360 43.999 -1.502
43.620 .360 .840 43.630 -1.485
43.620 .360 .840 43.630 -1.485
42.900 -3.840 1.860 43.112 -1.530
42.900 -3.840 1.860 43.112 -1.530
42.480 -8.220 1.080 43.281 -1.664
42.480 -8.220 1.080 43.281 -1.664
42.360 -12.780 .360 44.247 -1.759
42.360 -12.780 .360 44.247 -1.834
42.180 -16.200 -1.200 45.200 -1.834
42.180 -16.200 -1.200 45.200 -1.934
42.480 -18.600 -3.120 46.478 -1.934
42.480 -18.600 -3.120 46.478 -1.915
42.600 -19.920 -4.320 47.225 -1.915
42.600 -19.920 -4.320 47.225 -1.964
41.820 -20.460 -6.300 46.981 -1.964
41.820 -20.460 -6.300 46.981 -2.022
40.920 -20.160 -7.920 46.299 -1.960
40.920 -20.160 -7.920 46.299 -1.960
40.380 -18.240 -9.240 45.262 -1.980
40.380 -18.240 -9.240 45.262 -1.980
39.300 -16.500 -10.620 43.926 -1.991
39.300 -16.500 -10.620 43.926 -1.991
38.820 -14.400 -10.740 42.775 -1.892
38.820 -14.400 -10.740 42.775 -1.892
38.820 -13.140 -10.020 42.191 -1.854
38.820 -13.140 -10.020 42.191 -1.890
38.580 -13.140 -9.120 41.764 -1.890
38.580 -13.140 -9.120 41.764 -1.844
38.820 -13.140 -7.440 41.653 -1.844
38.820 -13.140 -7.440 41.653 -1.839
38.460 -13.800 -5.400 41.216 -1.839
38.460 -13.800 -5.400 41.216 -1.869
38.100 -14.520 -3.360 40.911 -1.869
38.100 -14.520 -3.360 40.911 -1.902
37.920 -15.240 -1.020 40.881 -1.909
37.920 -15.240 -1.020 40.881 -1.909
37.620 -17.100 .960 41.335 -1.931
37.620 -17.100 .960 41.335 -1.931
37.980 -18.960 1.800 42.488 -1.994
37.980 -18.960 1.800 42.488 -1.994
37.560 -20.700 3.180 43.004 -2.011
37.560 -20.700 3.180 43.004 -2.011
37.260 -22.740 3.960 43.830 -2.047
37.260 -22.740 3.960 43.830 -2.115
37.080 -24.420 4.740 44.651 -2.115
37.080 -24.420 4.740 44.651 -2.142
36.540 -26.100 5.760 45.272 -2.142
36.540 -26.100 5.760 45.272 -2.194
36.780 -28.200 5.400 46.660 -2.194
36.780 -28.200 5.400 46.660 -2.233
36.540 -29.760 4.680 47.357 -2.269
36.540 -29.760 4.680 47.357 -2.277
36.420 -30.360 3.660 47.556 -2.265
36.420 -30.360 3.660 47.556 -2.265
37.080 -30.000 2.520 47.763 -2.253
37.080 -30.000 2.520 47.763 -2.253
37.020 -28.860 1.620 46.968 -2.246
37.020 -28.860 1.620 46.968 -2.246
37.200 -27.060 .780 46.008 -2.223
37.200 -27.060 .780 46.008 -2.209
37.080 -25.320 .480 44.903 -2.209
37.080 -25.320 .480 44.903 -2.156
36.660 -22.980 -.300 43.268 -2.156
36.660 -22.980 -.300 43.268 -2.115
36.600 -19.680 -.480 41.558 -2.115
36.600 -19.680 -.480 41.558 -2.019
36.480 -16.860 -.300 40.189 -2.019
36.480 -16.860 -.300 40.189 -1.999
37.020 -13.740 -.480 39.490 -1.892
37.020 -13.740 -.480 39.490 -1.892
37.620 -12.120 .360 39.526 -1.868
37.620 -12.120 .360 39.526 -1.868
38.340 -11.640 1.140 40.084 -1.890
38.340 -11.640 1.140 40.084 -1.890
39.360 -11.220 2.280 40.991 -1.892
39.360 -11.220 2.280 40.991 -1.892
39.660 -11.460 3.540 41.434 -1.851
39.660 -11.460 3.540 41.434 -1.867
39.840 -12.120 4.740 41.912 -1.867
39.840 -12.120 4.740 41.912 -1.871
39.600 -13.080 5.760 42.100 -1.871
39.600 -13.080 5.760 42.100 -1.922
38.940 -15.240 5.940 42.236 -1.922
38.940 -15.240 5.940 42.236 -1.944
38.640 -17.760 5.520 42.883 -1.944
38.640 -17.760 5.520 42.883 -2.053
37.860 -19.740 4.200 42.903 -2.064
37.860 -19.740 4.200 42.903 -2.064
37.380 -21.360 2.700 43.137 -2.022
37.380 -21.360 2.700 43.137 -2.022
36.960 -22.800 .300 43.428 -2.088
36.960 -22.800 .300 43.428 -2.088
36.000 -23.940 -1.800 43.271 -2.109
36.000 -23.940 -1.800 43.271 -2.145
35.340 -25.680 -4.260 43.892 -2.166
35.340 -25.680 -4.260 43.892 -2.184
34.440 -27.060 -6.900 44.339 -2.184
34.440 -27.060 -6.900 44.339 -2.182
33.660 -27.540 -8.760 44.364 -2.182
33.660 -27.540 -8.760 44.364 -2.172
32.820 -28.140 -11.040 44.619 -2.172
32.820 -28.140 -11.040 44.619 -2.225
32.220 -27.600 -12.600 44.257 -2.171
32.220 -27.600 -12.600 44.257 -2.180
31.140 -26.760 -13.800 43.316 -2.178
31.140 -26.760 -13.800 43.316 -2.178
29.580 -25.020 -14.580 41.395 -2.212
29.580 -25.020 -14.580 41.395 -2.212
27.840 -21.720 -14.400 38.134 -2.160
27.840 -21.720 -14.400 38.134 -2.160
25.200 -17.460 -14.160 33.770 -2.093
25.200 -17.460 -14.160 33.770 -2.104
22.260 -13.140 -14.040 29.416 -2.104
22.260 -13.140 -14.040 29.416 -1.924
18.780 -9.180 -13.620 24.949 -1.924
18.780 -9.180 -13.620 24.949 -1.773
15.600 -6.840 -13.380 21.660 -1.773
15.600 -6.840 -13.380 21.660 -1.919
12.240 -5.400 -12.900 18.585 -1.919
12.240 -5.400 -12.900 18.585 -1.615
9.900 -4.080 -12.600 16.535 -1.511
9.900 -4.080 -12.600 16.535 -1.511
7.980 -3.480 -12.540 15.266 -1.670
7.980 -3.480 -12.540 15.266 -1.670
6.960 -3.060 -12.840 14.922 -1.540
6.960 -3.060 -12.840 14.922 -1.540
6.780 -3.180 -13.140 15.124 -1.446
6.780 -3.180 -13.140 15.124 -1.446
6.540 -4.500 -13.440 15.609 -1.529
6.540 -4.500 -13.440 15.609 -1.618
7.080 -6.060 -13.620 16.503 -1.618
7.080 -6.060 -13.620 16.503 -1.728
7.260 -6.840 -13.740 16.979 -1.728
7.260 -6.840 -13.740 16.979 -1.846
7.320 -7.860 -14.460 18.013 -1.846
7.320 -7.860 -14.460 18.013 -2.373
7.260 -7.920 -14.220 17.823 -2.373
7.260 -7.920 -14.220 17.823 -2.081
6.840 -7.020 -14.340 17.370 -1.914
6.840 -7.020 -14.340 17.370 -1.914
5.760 -5.880 -14.640 16.795 -2.086
5.760 -5.880 -14.640 16.795 -2.086
4.440 -3.720 -14.880 15.968 -1.316
4.440 -3.720 -14.880 15.968 -1.316
3.060 -2.040 -16.080 16.495 -1.299
3.060 -2.040 -16.080 16.495 -.116
1.620 -.900 -17.160 17.260 -2.315
1.620 -.900 -17.160 17.260 -.171
1.200 .300 -18.600 18.641 -.171
1.200 .300 -18.600 18.641 .215
1.140 .420 -19.980 20.017 .215
1.140 .420 -19.980 20.017 -.760
.900 .060 -22.080 22.098 -.760
.900 .060 -22.080 22.098 .020
.720 -.420 -24.540 24.554 -.180
.720 -.420 -24.540 24.554 -.180
.240 -1.680 -26.940 26.993 1.658
.240 -1.680 -26.940 26.993 1.658
.060 -2.940 -29.880 30.024 -.107
.060 -2.940 -29.880 30.024 -.107
-.180 -3.540 -33.420 33.607 .229
-.180 -3.540 -33.420 33.607 .229
.120 -3.480 -36.600 36.765 -2.329
.120 -3.480 -36.600 36.765 .176
-.480 -2.580 -39.120 39.208 .176
-.480 -2.580 -39.120 39.208 -.092
-.480 -.900 -41.460 41.473 -.092
-.480 -.900 -41.460 41.473 1.444
.060 1.080 -41.700 41.714 1.444
.060 1.080 -41.700 41.714 .015
.840 3.600 -40.860 41.027 .015
.840 3.600 -40.860 41.027 .072
2.760 5.100 -39.300 39.726 -.382
2.760 5.100 -39.300 39.726 -.382
4.620 6.000 -36.660 37.434 -.345
4.620 6.000 -36.660 37.434 -.345
6.540 6.720 -33.060 34.364 -.206
6.540 6.720 -33.060 34.364 -.206
8.460 5.820 -29.640 31.368 -.639
8.460 5.820 -29.640 31.368 -.639
11.280 4.920 -26.100 28.856 -.605
11.280 4.920 -26.100 28.856 -.885
13.860 4.380 -22.200 26.535 -.885
13.860 4.380 -22.200 26.535 -1.027
16.680 3.120 -18.840 25.356 -1.027
16.680 3.120 -18.840 25.356 -1.153
19.800 2.520 -15.540 25.296 -1.153
19.800 2.520 -15.540 25.296 -1.239
22.020 2.340 -12.360 25.360 -1.325
22.020 2.340 -12.360 25.360 -1.293
24.000 2.220 -9.840 26.034 -1.385
24.000 2.220 -9.840 26.034 -1.385
25.980 2.640 -7.980 27.306 -1.405
25.980 2.640 -7.980 27.306 -1.405
27.720 3.060 -6.060 28.539 -1.446
27.720 3.060 -6.060 28.539 -1.446
29.040 3.360 -4.260 29.542 -1.444
29.040 3.360 -4.260 29.542 -1.397
29.760 4.200 -2.340 30.146 -1.397
29.760 4.200 -2.340 30.146 -1.373
29.580 4.680 -.840 29.960 -1.373
29.580 4.680 -.840 29.960 -1.417
28.800 5.040 -.180 29.238 -1.417
28.800 5.040 -.180 29.238 -1.386
27.600 5.760 .720 28.204 -1.386
27.600 5.760 .720 28.204 -1.368
26.460 6.480 1.380 27.277 -1.333
26.460 6.480 1.380 27.277 -1.333
24.540 8.100 2.100 25.927 -1.261
24.540 8.100 2.100 25.927 -1.261
21.960 10.080 3.480 24.412 -1.162
21.960 10.080 3.480 24.412 -1.162
19.500 11.940 4.140 23.237 -1.036
19.500 11.940 4.140 23.237 -1.036
17.040 13.560 5.040 22.353 -.956
17.040 13.560 5.040 22.353 -.948
16.020 14.220 5.880 22.213 -.948
16.020 14.220 5.880 22.213 -.838
14.820 14.460 6.120 21.591 -.838
13.080 13.500 6.420 19.863 -.853
13.080 13.500 6.420 19.863 -.853
11.340 12.000 6.180 17.629 -.825
11.340 12.000 6.180 17.629 -.825
8.820 10.200 4.920 14.354 -.805
8.820 10.200 4.920 14.354 -.790
6.540 8.400 3.720 11.277 -.790
6.540 8.400 3.720 11.277 -.700
4.860 7.020 2.160 8.807 -.700
4.860 7.020 2.160 8.807 -.591
2.580 5.580 .420 6.162 -.591
2.580 5.580 .420 6.162 -.443
.480 4.500 -.060 4.526 -.107
.480 4.500 -.060 4.526 -.107
-1.020 3.540 -.540 3.723 -.102
-1.020 3.540 -.540 3.723 -.102
-2.280 2.760 -.240 3.588 .277
-2.280 2.760 -.240 3.588 .277
-2.880 3.060 .840 4.285 .689
-2.880 3.060 .840 4.285 .689
-3.120 4.200 1.320 5.396 .768
-3.120 4.200 1.320 5.396 .690
-3.840 5.820 2.400 7.374 .690
-3.840 5.820 2.400 7.374 .653
-4.560 7.800 3.240 9.598 .653
-4.560 7.800 3.240 9.598 .501
-5.040 9.840 3.420 11.573 .501
-5.040 9.840 3.420 11.573 .508
-6.120 12.180 4.440 14.336 .508
-6.120 12.180 4.440 14.336 .475
-6.540 14.640 4.560 16.670 .434
-6.540 14.640 4.560 16.670 .434
-7.140 17.100 4.680 19.113 .441
-7.140 17.100 4.680 19.113 .441
-7.980 19.080 4.800 21.231 .429
-7.980 19.080 4.800 21.231 .429
-8.460 20.220 3.480 22.193 .467
-8.460 20.220 3.480 22.193 .467
-9.420 20.220 2.220 22.417 .432
-9.420 20.220 2.220 22.417 .448
-9.960 19.740 .720 22.122 .448
-9.960 19.740 .720 22.122 .466
-10.920 18.660 -1.560 21.677 .466
-10.920 18.660 -1.560 21.677 .527
-11.760 17.220 -3.300 21.112 .527
-11.760 17.220 -3.300 21.112 .595
-11.580 15.420 -5.580 20.075 .595
-11.580 15.420 -5.580 20.075 .665
-11.340 13.620 -8.700 19.743 .638
-11.340 13.620 -8.700 19.743 .638
-9.900 12.240 -12.360 20.015 .680
-9.900 12.240 -12.360 20.015 .680
-7.860 10.740 -17.100 21.669 .731
-7.860 10.740 -17.100 21.669 .731
-6.000 10.980 -21.900 25.222 .505
-6.000 10.980 -21.900 25.222 .535
-3.720 11.640 -27.000 29.637 .535
-3.720 11.640 -27.000 29.637 .352
-1.440 13.080 -30.840 33.530 .352
-1.440 13.080 -30.840 33.530 .057
.900 16.560 -32.880 36.826 .057
.900 16.560 -32.880 36.826 -.041
2.460 19.680 -33.840 39.224 -.041
2.460 19.680 -33.840 39.224 -.349
2.940 23.040 -32.340 39.817 -.271
2.940 23.040 -32.340 39.817 -.271
1.740 25.980 -29.880 39.633 -.027
1.740 25.980 -29.880 39.633 -.027
-.780 26.220 -28.380 38.646 -.029
-.780 26.220 -28.380 38.646 -.029
-3.840 24.960 -26.520 36.620 .044
-3.840 24.960 -26.520 36.620 .044
-6.060 22.860 -24.960 34.385 .144
-6.060 22.860 -24.960 34.385 .241
-8.340 19.200 -24.660 32.347 .241
-8.340 19.200 -24.660 32.347 .265
-10.140 16.680 -22.440 29.742 .265
-10.140 16.680 -22.440 29.742 .391
-10.440 14.040 -20.760 27.149 .391
-10.440 14.040 -20.760 27.149 .662
-11.220 12.240 -18.540 24.889 .662
-11.220 12.240 -18.540 24.889 .612
-10.680 11.280 -15.840 22.186 .676
-10.680 11.280 -15.840 22.186 .676
-9.780 9.960 -13.920 19.713 .696
-9.780 9.960 -13.920 19.713 .696
-9.060 9.660 -11.400 17.475 .678
-9.060 9.660 -11.400 17.475 .678
-8.520 9.000 -10.380 16.166 .670
-8.520 9.000 -10.380 16.166 .670
-8.220 8.100 -8.880 14.561 .733
-8.220 8.100 -8.880 14.561 .750
-7.800 7.860 -7.560 13.408 .750
-7.800 7.860 -7.560 13.408 .675
-7.320 7.800 -6.840 12.697 .675
-7.320 7.800 -6.840 12.697 .704
-7.200 7.800 -5.160 11.803 .704
-7.200 7.800 -5.160 11.803 .718
-7.560 8.460 -3.840 11.978 .718
-7.560 8.460 -3.840 11.978 .700
-8.460 8.760 -3.240 12.602 .789
-8.460 8.760 -3.240 12.602 .789
-10.380 8.700 -2.940 13.859 .771
-10.380 8.700 -2.940 13.859 .771
-12.180 8.880 -3.360 15.443 .855
-12.180 8.880 -3.360 15.443 .855
-13.380 9.240 -4.620 16.904 .911
-13.380 9.240 -4.620 16.904 .926
-14.640 8.940 -5.640 18.057 .967
-14.640 8.940 -5.640 18.057 .991
-15.240 8.400 -6.960 18.742 .991
-15.240 8.400 -6.960 18.742 1.048
-16.200 7.320 -8.040 19.511 1.048
-16.200 7.320 -8.040 19.511 1.131
-17.160 5.700 -8.100 19.813 1.131
-17.160 5.700 -8.100 19.813 1.202
-17.520 5.340 -6.120 19.311 1.239
-17.520 5.340 -6.120 19.311 1.217
-18.120 5.160 -3.000 19.078 1.314
-18.120 5.160 -3.000 19.078 1.314
-18.120 5.160 .300 18.843 1.278
-18.120 5.160 .300 18.843 1.278
-18.120 5.100 3.060 19.071 1.295
-18.120 5.100 3.060 19.071 1.295
-18.360 4.620 4.200 19.393 1.326
-18.360 4.620 4.200 19.393 1.342
-18.180 4.980 5.520 19.641 1.342
-18.180 4.980 5.520 19.641 1.369
-17.880 5.940 5.580 19.650 1.369
-17.880 5.940 5.580 19.650 1.263
-17.280 7.260 5.040 19.409 1.263
-17.280 7.260 5.040 19.409 1.212
-16.560 8.160 3.600 18.809 1.212
-16.560 8.160 3.600 18.809 1.122
-15.900 8.520 1.380 18.092 1.077
-15.900 8.520 1.380 18.092 1.077
-14.880 8.340 .060 17.058 1.061
-14.880 8.340 .060 17.058 1.061
-13.560 8.220 -1.020 15.890 1.013
-13.560 8.220 -1.020 15.890 1.013
-12.120 7.980 -1.260 14.566 1.030
-12.120 7.980 -1.260 14.566 1.030
-10.200 7.920 -.720 12.934 .974
-10.200 7.920 -.720 12.934 .906
-9.120 7.920 -.240 12.081 .906
-9.120 7.920 -.240 12.081 .856
-7.860 8.520 1.020 11.637 .856
-7.860 8.520 1.020 11.637 .757
-6.420 10.080 2.400 12.189 .757
-6.420 10.080 2.400 12.189 .586
-4.860 11.880 3.180 13.224 .586
-4.860 11.880 3.180 13.224 .409
-3.180 14.280 3.540 15.052 .242
-3.180 14.280 3.540 15.052 .242
-1.740 15.960 2.640 16.270 .127
-1.740 15.960 2.640 16.270 .127
-.660 17.340 .840 17.373 .037
-.660 17.340 .840 17.373 .037
-.600 18.240 -1.860 18.344 .038
-.600 18.240 -1.860 18.344 .038
.060 18.360 -5.160 19.071 .030
.060 18.360 -5.160 19.071 -.063
-.060 18.240 -8.580 20.157 -.063
-.060 18.240 -8.580 20.157 .010
-.480 17.460 -11.820 21.090 .010
-.480 17.460 -11.820 21.090 -.046
-1.380 15.240 -14.940 21.386 -.046
-1.380 15.240 -14.940 21.386 .014
-2.820 12.780 -16.920 21.391 .014
-2.820 12.780 -16.920 21.391 .094
-3.660 10.380 -18.120 21.201 .200
-3.660 10.380 -18.120 21.201 .200
-4.320 7.920 -19.320 21.323 .208
-4.320 7.920 -19.320 21.323 .208
-4.140 7.080 -19.500 21.155 .309
-4.140 7.080 -19.500 21.155 .309
-3.840 6.420 -19.740 21.110 .358
-3.840 6.420 -19.740 21.110 .476
-3.960 6.180 -19.800 21.117 .476
-3.960 6.180 -19.800 21.117 .474
-3.960 7.080 -19.680 21.286 .474
-3.960 7.080 -19.680 21.286 .174
-3.900 6.540 -21.000 22.338 .174
-3.900 6.540 -21.000 22.338 .678
-3.300 6.300 -22.980 24.055 .678
-3.300 6.300 -22.980 24.055 -.060
-2.580 5.040 -25.560 26.180 .354
-2.580 5.040 -25.560 26.180 .354
-1.980 2.100 -28.440 28.586 .366
-1.980 2.100 -28.440 28.586 .366
-1.380 -.600 -29.940 29.978 -.128
-1.380 -.600 -29.940 29.978 -.128
-1.680 -3.900 -29.880 30.180 .188
-1.680 -3.900 -29.880 30.180 .188
-1.740 -6.660 -28.620 29.436 -2.864
-1.740 -6.660 -28.620 29.436 -2.781
-2.040 -7.680 -26.460 27.627 -2.781
-2.040 -7.680 -26.460 27.627 2.530
-2.160 -7.320 -23.760 24.956 2.530
-2.160 -7.320 -23.760 24.956 2.328
-1.680 -5.340 -21.480 22.197 2.328
-1.680 -5.340 -21.480 22.197 -3.120
-1.380 -1.740 -19.260 19.388 -3.120
-1.380 -1.740 -19.260 19.388 .831
-.900 2.100 -17.820 17.966 -.834
-.900 2.100 -17.820 17.966 -.834
-.360 6.300 -17.400 18.509 -.094
-.360 6.300 -17.400 18.509 -.094
.480 9.060 -18.300 20.426 -.145
.480 9.060 -18.300 20.426 -.145
1.080 11.100 -20.760 23.566 .008
1.080 11.100 -20.760 23.566 .008
2.220 12.120 -23.520 26.552 -.118
2.220 12.120 -23.520 26.552 -.188
3.240 12.000 -25.800 28.638 -.188
3.240 12.000 -25.800 28.638 -.443
4.200 11.160 -28.200 30.617 -.443
4.200 11.160 -28.200 30.617 -.128
4.920 9.660 -29.220 31.166 -.128
4.920 9.660 -29.220 31.166 -.546
4.500 6.780 -29.880 30.968 -.281
4.500 6.780 -29.880 30.968 -.273
3.540 3.780 -30.180 30.621 -.545
3.540 3.780 -30.180 30.621 -.545
1.800 1.680 -28.920 29.025 -.502
1.800 1.680 -28.920 29.025 -.502
.420 -.180 -27.420 27.424 -1.834
.420 -.180 -27.420 27.424 -1.834
-.960 -.420 -24.780 24.802 -.786
-.960 -.420 -24.780 24.802 .187
-2.220 .360 -21.660 21.776 .187
-2.220 .360 -21.660 21.776 1.171
-3.480 1.560 -18.420 18.811 1.171
-3.480 1.560 -18.420 18.811 .699
-5.280 3.840 -15.720 17.022 .699
-5.280 3.840 -15.720 17.022 .711
-6.780 6.600 -13.680 16.633 .711
-6.780 6.600 -13.680 16.633 .702
-8.280 9.300 -12.540 17.672 .660
-8.280 9.300 -12.540 17.672 .660
-9.420 11.880 -12.420 19.599 .642
-9.420 11.880 -12.420 19.599 .642
-10.800 13.200 -12.180 20.958 .726
-10.800 13.200 -12.180 20.958 .726
-11.640 14.160 -11.400 21.586 .637
-11.640 14.160 -11.400 21.586 .637
-12.300 14.340 -9.900 21.329 .662
-12.300 14.340 -9.900 21.329 .675
-12.480 14.700 -7.920 20.846 .675
-12.480 14.700 -7.920 20.846 .684
-11.340 15.420 -4.620 19.691 .684
-11.340 15.420 -4.620 19.691 .603
-9.720 16.200 -1.920 18.990 .603
-9.720 16.200 -1.920 18.990 .546
-7.680 17.820 .840 19.423 .546
-7.680 17.820 .840 19.423 .415
-5.280 19.740 3.360 20.708 .270
-5.280 19.740 3.360 20.708 .270
-2.280 21.780 4.320 22.321 .111
-2.280 21.780 4.320 22.321 .111
.840 24.000 4.260 24.390 -.019
.840 24.000 4.260 24.390 -.019
3.300 25.020 2.460 25.356 -.120
3.300 25.020 2.460 25.356 -.120
5.580 25.800 -.900 26.412 -.218
7.620 25.980 -5.940 27.718 -.213
7.620 25.980 -5.940 27.718 -.213
7.620 25.980 -5.940 27.718 -.277
9.840 24.840 -11.340 29.025 -.277
12.300 23.340 -16.920 31.342 -.373
12.300 23.340 -16.920 31.342 -.373
14.280 20.460 -21.900 33.198 -.444
14.280 20.460 -21.900 33.198 -.691
15.960 16.500 -26.100 34.759 -.691
15.960 16.500 -26.100 34.759 -.999
16.980 12.840 -29.280 36.201 -.999
16.980 12.840 -29.280 36.201 -.812
18.420 9.720 -31.080 37.413 -.812
18.420 9.720 -31.080 37.413 -.965
20.220 7.020 -32.220 38.681 -.965
20.220 7.020 -32.220 38.681 -1.162
22.140 5.700 -32.340 39.605 -1.153
22.140 5.700 -32.340 39.605 -1.153
23.760 5.400 -32.280 40.444 -1.318
23.760 5.400 -32.280 40.444 -1.318
25.200 6.300 -31.680 40.968 -1.599
25.200 6.300 -31.680 40.968 -1.599
26.040 7.980 -31.140 41.370 -1.247
26.040 7.980 -31.140 41.370 -1.247
26.400 9.840 -30.720 41.683 -1.248
26.400 9.840 -30.720 41.683 -1.100
27.180 11.280 -29.880 41.938 -1.100
27.180 11.280 -29.880 41.938 -1.101
27.420 12.120 -29.340 41.947 -1.101
27.420 12.120 -29.340 41.947 -1.176
27.360 12.240 -27.960 40.990 -1.176
27.360 12.240 -27.960 40.990 -1.371
27.240 12.120 -26.340 39.783 -1.371
27.240 12.120 -26.340 39.783 -1.071
26.400 12.300 -24.300 37.931 -1.093
26.400 12.300 -24.300 37.931 -1.093
26.160 12.360 -21.240 35.892 -1.116
26.160 12.360 -21.240 35.892 -1.116
25.740 13.260 -18.420 34.317 -1.042
25.740 13.260 -18.420 34.317 -1.042
25.260 15.300 -15.120 33.178 -1.022
25.260 15.300 -15.120 33.178 -1.022
24.360 17.400 -12.900 32.597 -1.083
24.360 17.400 -12.900 32.597 -.939
22.620 20.040 -12.240 32.605 -.939
22.620 20.040 -12.240 32.605 -.820
21.000 22.800 -12.480 33.415 -.820
21.000 22.800 -12.480 33.415 -.785
19.200 25.380 -13.800 34.688 -.785
19.200 25.380 -13.800 34.688 -.634
17.040 27.540 -15.480 35.895 -.634
17.040 27.540 -15.480 35.895 -.529
15.000 28.680 -18.240 37.152 -.286
15.000 28.680 -18.240 37.152 -.286
12.480 27.600 -22.320 37.626 -.334
12.480 27.600 -22.320 37.626 -.334
9.900 24.600 -26.100 37.207 -.426
9.900 24.600 -26.100 37.207 -.426
7.800 20.340 -29.760 36.881 -.413
7.800 20.340 -29.760 36.881 -.524
5.820 15.180 -32.100 35.982 -.235
5.820 15.180 -32.100 35.982 -.533
4.200 10.440 -31.800 33.732 -.533
4.200 10.440 -31.800 33.732 -.315
2.880 5.880 -30.540 31.234 -.315
2.880 5.880 -30.540 31.234 -.419
2.040 2.820 -27.720 27.938 -.419
2.040 2.820 -27.720 27.938 -.334
2.040 .600 -24.480 24.572 -1.627
2.040 .600 -24.480 24.572 -1.627
2.580 -.360 -21.420 21.578 -.562
2.580 -.360 -21.420 21.578 -.562
3.000 .120 -19.080 19.315 -1.260
3.000 .120 -19.080 19.315 -1.260
4.020 .840 -17.880 18.346 .343
4.020 .840 -17.880 18.346 .343
4.740 2.220 -16.980 17.768 -.723
4.740 2.220 -16.980 17.768 -.947
5.940 4.080 -17.340 18.778 -.947
5.940 4.080 -17.340 18.778 -.823
7.260 5.400 -18.120 20.253 -.823
7.260 5.400 -18.120 20.253 -1.075
8.340 5.640 -18.960 21.467 -1.075
8.340 5.640 -18.960 21.467 -.976
9.120 5.400 -19.980 22.617 -.976
9.120 5.400 -19.980 22.617 -.682
9.960 4.380 -20.280 23.014 -.709
9.960 4.380 -20.280 23.014 -.709
11.220 2.760 -20.040 23.132 -.980
11.220 2.760 -20.040 23.132 -.980
12.120 1.260 -19.500 22.994 -.949
12.120 1.260 -19.500 22.994 -.949
13.440 -.360 -18.360 22.756 -1.610
13.440 -.360 -18.360 22.756 -1.610
14.520 -1.860 -17.280 22.647 -1.461
14.520 -1.860 -17.280 22.647 -1.617
15.060 -2.940 -16.260 22.357 -1.617
15.060 -2.940 -16.260 22.357 -1.773
15.480 -3.960 -15.420 22.206 -1.773
15.480 -3.960 -15.420 22.206 -1.620
15.600 -4.500 -14.700 21.902 -1.620
15.600 -4.500 -14.700 21.902 -1.677
15.420 -5.340 -13.560 21.217 -1.677
15.420 -5.340 -13.560 21.217 -1.899
15.300 -6.120 -11.880 20.314 -1.860
15.300 -6.120 -11.880 20.314 -1.860
15.300 -6.000 -9.840 19.155 -1.908
15.300 -6.000 -9.840 19.155 -1.908
14.700 -5.640 -7.380 17.389 -2.027
14.700 -5.640 -7.380 17.389 -2.027
13.920 -4.560 -5.760 15.740 -1.863
13.920 -4.560 -5.760 15.740 -1.810
12.780 -2.460 -3.780 13.552 -1.810
12.780 -2.460 -3.780 13.552 -1.753
11.580 -.180 -2.040 11.760 -1.753
11.580 -.180 -2.040 11.760 -1.566
10.680 2.880 -1.680 11.188 -1.566
10.680 2.880 -1.680 11.188 -1.304
9.840 6.720 -.720 11.937 -1.304
9.840 6.720 -.720 11.937 -.981
9.000 9.780 -1.440 13.369 -.740
9.000 9.780 -1.440 13.369 -.740
8.400 12.540 -3.480 15.489 -.557
8.400 12.540 -3.480 15.489 -.557
7.620 13.920 -5.940 16.944 -.468
7.620 13.920 -5.940 16.944 -.468
6.480 14.580 -8.880 18.260 -.476
6.480 14.580 -8.880 18.260 -.476
4.860 14.040 -12.840 19.637 -.429
4.860 14.040 -12.840 19.637 -.340
2.760 13.200 -16.080 20.986 -.340
2.760 13.200 -16.080 20.986 -.138
.420 12.180 -18.900 22.489 -.138
.420 12.180 -18.900 22.489 -.021
-1.800 10.380 -21.420 23.871 -.021
-1.800 10.380 -21.420 23.871 .085
-3.600 8.940 -22.440 24.422 .085
-3.600 8.940 -22.440 24.422 .269
-4.920 7.020 -22.560 24.134 .397
-4.920 7.020 -22.560 24.134 .397
-6.060 5.220 -21.300 22.752 1.007
-6.060 5.220 -21.300 22.752 1.007
-6.720 3.720 -19.740 21.182 .717
-6.720 3.720 -19.740 21.182 .717
-6.780 3.120 -17.520 19.043 .727
-6.780 3.120 -17.520 19.043 .727
-6.060 3.120 -15.540 16.969 1.092
-6.060 3.120 -15.540 16.969 .700
-4.860 3.900 -14.520 15.801 .700
-4.860 3.900 -14.520 15.801 .503
-3.180 3.840 -14.520 15.352 .503
-3.180 3.840 -14.520 15.352 .838
-1.320 3.420 -15.600 16.025 .838
-1.320 3.420 -15.600 16.025 .024
-.060 2.760 -17.820 18.033 .061
-.060 2.760 -17.820 18.033 .061
1.380 1.140 -20.220 20.299 -.061
1.380 1.140 -20.220 20.299 -.061
3.000 .480 -22.320 22.526 -.526
3.000 .480 -22.320 22.526 -.526
4.140 -.180 -24.600 24.947 -.569
4.140 -.180 -24.600 24.947 -.569
5.700 -.300 -25.920 26.541 -1.807
5.700 -.300 -25.920 26.541 -.626
7.380 .240 -26.820 27.818 -.626
7.380 .240 -26.820 27.818 -.359
7.980 1.200 -26.940 28.123 -.359
7.980 1.200 -26.940 28.123 -1.374
9.120 2.220 -26.280 27.906 -1.374
9.120 2.220 -26.280 27.906 -.759
9.060 3.180 -24.960 26.743 -.759
9.060 3.180 -24.960 26.743 -.701
8.700 3.840 -24.000 25.815 -.573
8.700 3.840 -24.000 25.815 -.573
8.460 4.320 -23.160 25.032 -.688
8.460 4.320 -23.160 25.032 -.688
7.920 4.800 -22.140 23.999 -.579
7.920 4.800 -22.140 23.999 -.579
7.620 5.400 -22.920 24.750 -.850
7.620 5.400 -22.920 24.750 -.850
7.620 5.640 -24.000 25.805 -.712
7.620 5.640 -24.000 25.805 -.608
7.440 5.220 -25.140 26.732 -.608
7.440 5.220 -25.140 26.732 -.151
6.600 4.380 -27.480 28.599 -.151
6.600 4.380 -27.480 28.599 -.341
6.240 3.060 -29.580 30.385 -.341
6.240 3.060 -29.580 30.385 -.569
5.640 2.220 -31.260 31.842 -.569
5.640 2.220 -31.260 31.842 -.283
5.040 1.740 -33.120 33.546 -.171
5.040 1.740 -33.120 33.546 -.171
4.680 1.740 -34.200 34.563 -.795
4.680 1.740 -34.200 34.563 -.795
3.600 1.920 -35.100 35.336 .259
3.600 1.920 -35.100 35.336 .259
1.800 1.320 -35.760 35.830 -.188
1.800 1.320 -35.760 35.830 -.188
-.060 1.380 -36.300 36.326 -.130
-.060 1.380 -36.300 36.326 .132
-1.560 .960 -36.420 36.466 .132
-1.560 .960 -36.420 36.466 -.024
-3.120 .480 -36.060 36.198 -.024
-3.120 .480 -36.060 36.198 .310
-4.740 .120 -35.760 36.073 .310
-4.740 .120 -35.760 36.073 .883
-6.960 -1.020 -35.160 35.857 .883
-6.960 -1.020 -35.160 35.857 .675
-8.940 -1.200 -33.660 34.848 1.224
-8.940 -1.200 -33.660 34.848 1.224
-10.860 -.900 -31.680 33.502 1.286
-10.860 -.900 -31.680 33.502 1.286
-12.600 .120 -29.160 31.766 .964
-12.600 .120 -29.160 31.766 .964
-13.800 1.740 -25.680 29.205 1.073
-13.800 1.740 -25.680 29.205 1.128
-16.020 3.120 -22.560 27.845 1.128
-16.020 3.120 -22.560 27.845 1.143
-18.420 4.800 -19.440 27.208 1.143
-18.420 4.800 -19.440 27.208 1.193
-20.400 7.140 -16.260 27.047 1.193
-20.400 7.140 -16.260 27.047 1.004
-22.200 8.940 -13.560 27.507 1.004
-22.200 8.940 -13.560 27.507 1.147
-23.520 10.320 -11.160 28.004 1.088
-23.520 10.320 -11.160 28.004 1.088
-24.420 10.320 -8.580 27.865 1.174
-24.420 10.320 -8.580 27.865 1.174
-25.440 9.540 -5.700 27.761 1.215
-25.440 9.540 -5.700 27.761 1.215
-25.260 9.060 -2.820 26.983 1.218
-25.260 9.060 -2.820 26.983 1.218
-24.480 9.360 .660 26.217 1.199
-24.480 9.360 .660 26.217 1.208
-23.100 10.440 3.900 25.648 1.208
-23.100 10.440 3.900 25.648 1.190
-21.120 12.000 6.780 25.219 1.190
-21.120 12.000 6.780 25.219 1.157
-18.960 13.620 8.700 24.913 1.157
-18.960 13.620 8.700 24.913 1.020
-16.200 15.240 9.480 24.178 1.020
-16.200 15.240 9.480 24.178 .923
-12.420 16.980 9.600 23.124 .794
-12.420 16.980 9.600 23.124 .794
-7.920 18.240 8.040 21.449 .453
-7.920 18.240 8.040 21.449 .453
-3.960 18.420 5.820 19.719 .260
-3.960 18.420 5.820 19.719 .260
-.180 17.340 2.340 17.498 .020
-.180 17.340 2.340 17.498 .020
2.700 14.640 -2.340 15.070 -.186
2.700 14.640 -2.340 15.070 -.196
4.980 10.860 -7.320 14.012 -.196
4.980 10.860 -7.320 14.012 -.435
6.840 6.900 -12.240 15.627 -.435
6.840 6.900 -12.240 15.627 -.812
7.620 2.760 -17.400 19.195 -.812
7.860 -.780 -21.300 22.717 -.722
7.860 -.780 -21.300 22.717 -.722
7.740 -3.720 -25.020 26.453 -1.157
7.740 -3.720 -25.020 26.453 -1.909
6.960 -5.580 -27.720 29.120 -1.909
6.960 -5.580 -27.720 29.120 -1.370
5.940 -7.020 -29.040 30.461 -1.370
5.940 -7.020 -29.040 30.461 -1.386
5.400 -7.980 -29.760 31.281 -1.386
5.400 -7.980 -29.760 31.281 -1.937
5.400 -7.980 -29.760 31.281 -2.059
4.620 -8.280 -29.580 31.063 -.999
4.860 -8.100 -30.240 31.681 -1.782
4.860 -8.100 -30.240 31.681 -1.782
4.980 -6.180 -30.240 31.264 -2.270
4.980 -6.180 -30.240 31.264 -2.270
5.340 -3.960 -30.960 31.666 -1.214
5.340 -3.960 -30.960 31.666 -1.214
5.220 -1.500 -31.860 32.320 -1.010
5.220 -1.500 -31.860 32.320 -1.535
4.380 1.380 -31.500 31.833 -1.535
