X Y Z F A
-2.520 -46.260 13.440 48.239 -2.027
-2.520 -46.260 13.440 48.239 3.077
-2.520 -46.080 13.500 48.083 3.077
-2.520 -46.080 13.500 48.083 3.097
-2.580 -45.600 13.260 47.559 3.090
-2.580 -45.600 13.260 47.559 3.090
-2.220 -45.120 12.900 46.980 -3.106
-2.220 -45.120 12.900 46.980 -3.106
-1.800 -43.980 11.880 45.592 -3.140
-1.800 -43.980 11.880 45.592 -3.140
-1.620 -43.140 10.200 44.359 3.105
-1.620 -43.140 10.200 44.359 3.105
-1.140 -42.720 8.040 43.485 3.134
-.360 -42.720 5.700 43.100 3.112
-.360 -42.720 5.700 43.100 3.112
1.140 -43.800 3.120 43.926 3.140
1.140 -43.800 3.120 43.926 3.140
2.880 -45.420 .660 45.516 -3.108
2.880 -45.420 .660 45.516 -3.108
4.440 -46.980 -1.740 47.221 -3.069
4.440 -46.980 -1.740 47.221 -3.043
5.100 -49.200 -3.960 49.622 -3.043
5.100 -49.200 -3.960 49.622 -3.031
4.920 -50.640 -6.060 51.238 -3.031
4.920 -50.640 -6.060 51.238 -3.044
5.160 -51.480 -8.880 52.494 -3.044
5.160 -51.480 -8.880 52.494 -3.037
5.880 -51.840 -11.220 53.365 -3.037
5.880 -51.840 -11.220 53.365 -3.031
6.420 -50.700 -14.400 53.095 -3.064
6.420 -50.700 -14.400 53.095 -3.064
7.080 -49.200 -17.400 52.664 -3.013
7.080 -49.200 -17.400 52.664 -3.013
6.780 -46.320 -19.740 50.805 -2.962
6.780 -46.320 -19.740 50.805 -2.962
5.880 -43.740 -22.080 49.349 -2.983
5.880 -43.740 -22.080 49.349 -2.983
5.100 -41.580 -23.460 48.013 -2.973
5.100 -41.580 -23.460 48.013 -2.989
3.720 -39.720 -24.060 46.588 -2.989
3.720 -39.720 -24.060 46.588 -3.071
1.560 -39.840 -24.000 46.537 -3.071
1.560 -39.840 -24.000 46.537 -3.092
-.540 -40.980 -23.160 47.075 -3.092
-.540 -40.980 -23.160 47.075 3.069
-3.000 -42.960 -22.020 48.368 3.069
-3.000 -42.960 -22.020 48.368 3.125
-5.640 -45.600 -20.280 50.224 3.023
-5.640 -45.600 -20.280 50.224 3.023
-7.380 -47.820 -18.060 51.647 3.050
-7.380 -47.820 -18.060 51.647 3.050
-9.840 -49.980 -16.020 53.399 3.013
-9.840 -49.980 -16.020 53.399 3.013
-12.000 -50.820 -13.680 53.980 2.918
-12.000 -50.820 -13.680 53.980 2.886
-14.700 -51.240 -11.340 54.500 2.886
-14.700 -51.240 -11.340 54.500 2.854
-16.920 -51.240 -9.300 54.757 2.854
-16.920 -51.240 -9.300 54.757 2.752
-18.480 -50.520 -7.620 54.331 2.752
-18.480 -50.520 -7.620 54.331 2.801
-19.800 -50.460 -5.700 54.505 2.801
-19.800 -50.460 -5.700 54.505 2.783
-20.460 -50.640 -4.320 54.788 2.748
-20.460 -50.640 -4.320 54.788 2.748
-20.880 -51.420 -3.720 55.622 2.740
-20.880 -51.420 -3.720 55.622 2.740
-21.120 -52.740 -3.660 56.929 2.759
-21.120 -52.740 -3.660 56.929 2.759
-20.520 -54.180 -5.220 58.170 2.730
-20.520 -54.180 -5.220 58.170 2.730
-18.540 -55.620 -7.500 59.106 2.781
-18.540 -55.620 -7.500 59.106 2.835
-16.560 -56.460 -9.000 59.523 2.835
-16.560 -56.460 -9.000 59.523 2.835
-13.980 -56.520 -10.380 59.141 2.835
-13.980 -56.520 -10.380 59.141 2.871
-11.160 -55.740 -10.800 57.863 2.871
-11.160 -55.740 -10.800 57.863 2.968
-8.700 -54.900 -11.220 56.706 2.968
-8.700 -54.900 -11.220 56.706 2.968
-6.480 -53.880 -11.880 55.553 3.029
-6.480 -53.880 -11.880 55.553 3.029
-4.200 -52.740 -12.480 54.359 3.035
-4.200 -52.740 -12.480 54.359 3.035
-2.640 -51.360 -13.500 53.170 3.073
-2.640 -51.360 -13.500 53.170 3.073
-2.280 -49.500 -13.800 51.438 3.077
-2.280 -49.500 -13.800 51.438 3.077
-1.260 -47.820 -14.640 50.027 3.125
-1.260 -47.820 -14.640 50.027 3.120
-.540 -46.320 -15.240 48.766 3.120
-.540 -46.320 -15.240 48.766 -3.119
.600 -45.240 -15.900 47.957 -3.119
.600 -45.240 -15.900 47.957 -3.133
2.580 -44.640 -16.380 47.620 -3.133
2.580 -44.640 -16.380 47.620 -3.063
4.140 -43.740 -16.620 46.974 -3.062
4.140 -43.740 -16.620 46.974 -3.062
6.540 -43.200 -16.500 46.704 -2.909
6.540 -43.200 -16.500 46.704 -2.909
8.820 -43.080 -15.960 46.780 -2.921
8.820 -43.080 -15.960 46.780 -2.921
12.180 -42.840 -16.260 47.413 -2.905
12.180 -42.840 -16.260 47.413 -2.905
15.720 -42.960 -17.340 48.922 -2.888
15.720 -42.960 -17.340 48.922 -2.731
18.240 -43.140 -19.680 50.804 -2.731
18.240 -43.140 -19.680 50.804 -2.707
20.400 -43.320 -22.560 52.931 -2.707
20.400 -43.320 -22.560 52.931 -2.666
22.860 -43.500 -25.740 55.474 -2.666
22.860 -43.500 -25.740 55.474 -2.543
25.200 -44.340 -28.800 58.571 -2.543
25.200 -44.340 -28.800 58.571 -2.548
28.500 -45.420 -31.620 62.250 -2.636
28.500 -45.420 -31.620 62.250 -2.636
32.040 -46.620 -36.000 67.052 -2.462
32.040 -46.620 -36.000 67.052 -2.462
33.780 -48.840 -39.600 71.376 -2.492
33.780 -48.840 -39.600 71.376 -2.492
36.120 -51.480 -42.840 76.093 -2.489
36.120 -51.480 -42.840 76.093 -2.489
37.020 -54.960 -45.120 80.168 -2.305
37.020 -54.960 -45.120 80.168 -2.425
37.920 -58.860 -44.700 83.069 -2.425
37.920 -58.860 -44.700 83.069 -2.627
38.220 -62.700 -44.220 85.717 -2.627
38.220 -62.700 -44.220 85.717 -2.476
36.660 -66.240 -41.880 86.520 -2.476
36.660 -66.240 -41.880 86.520 -2.589
33.720 -69.840 -38.940 86.781 -2.589
33.720 -69.840 -38.940 86.781 -2.650
31.080 -72.060 -35.400 86.092 -2.628
31.080 -72.060 -35.400 86.092 -2.628
28.140 -73.380 -31.380 84.624 -2.736
28.140 -73.380 -31.380 84.624 -2.736
25.920 -74.220 -27.720 83.360 -2.823
25.920 -74.220 -27.720 83.360 -2.823
24.300 -73.320 -24.480 81.028 -2.767
24.300 -73.320 -24.480 81.028 -2.767
21.120 -72.780 -22.860 79.155 -2.821
21.120 -72.780 -22.860 79.155 -2.866
18.900 -71.880 -20.760 77.168 -2.866
18.900 -71.880 -20.760 77.168 -2.838
16.440 -69.960 -19.560 74.480 -2.838
16.440 -69.960 -19.560 74.480 -2.863
15.120 -68.160 -18.540 72.237 -2.863
15.120 -68.160 -18.540 72.237 -2.933
14.700 -65.940 -17.700 69.839 -2.933
14.700 -65.940 -17.700 69.839 -2.918
14.100 -63.540 -17.100 67.295 -2.900
14.100 -63.540 -17.100 67.295 -2.900
13.320 -61.740 -16.620 65.311 -2.923
13.320 -61.740 -16.620 65.311 -2.923
13.200 -59.760 -16.200 63.308 -2.903
13.200 -59.760 -16.200 63.308 -2.903
13.020 -58.080 -15.120 61.412 -2.878
13.020 -58.080 -15.120 61.412 -2.878
13.200 -56.220 -13.800 59.375 -2.919
13.200 -56.220 -13.800 59.375 -2.928
14.100 -54.060 -12.660 57.285 -2.928
14.100 -54.060 -12.660 57.285 -2.873
14.100 -52.800 -11.340 55.814 -2.873
14.100 -52.800 -11.340 55.814 -2.850
14.220 -51.660 -9.300 54.382 -2.850
14.220 -51.660 -9.300 54.382 -2.866
14.580 -51.360 -7.860 53.965 -2.854
14.580 -51.360 -7.860 53.965 -2.854
14.940 -51.600 -5.700 54.021 -2.848
14.940 -51.600 -5.700 54.021 -2.848
15.660 -51.360 -3.180 53.788 -2.844
15.660 -51.360 -3.180 53.788 -2.844
15.780 -51.000 -1.500 53.407 -2.839
15.780 -51.000 -1.500 53.407 -2.839
15.480 -50.340 .600 52.670 -2.821
15.480 -50.340 .600 52.670 -2.840
15.300 -49.260 3.180 51.679 -2.840
15.300 -49.260 3.180 51.679 -2.847
14.880 -47.580 5.100 50.113 -2.847
14.880 -47.580 5.100 50.113 -2.841
15.420 -46.380 6.540 49.312 -2.841
15.420 -46.380 6.540 49.312 -2.793
16.260 -45.000 6.960 48.351 -2.793
16.260 -45.000 6.960 48.351 -2.797
16.200 -44.760 5.700 47.942 -2.803
16.200 -44.760 5.700 47.942 -2.803
16.500 -45.540 3.840 48.589 -2.797
16.500 -45.540 3.840 48.589 -2.797
16.500 -46.500 1.980 49.380 -2.788
16.500 -46.500 1.980 49.380 -2.788
16.920 -47.640 .300 50.556 -2.803
16.920 -47.640 .300 50.556 -2.803
17.700 -48.540 -1.080 51.678 -2.796
17.700 -48.540 -1.080 51.678 -2.791
18.060 -49.680 -2.100 52.903 -2.791
18.060 -49.680 -2.100 52.903 -2.786
18.000 -51.000 -3.000 54.166 -2.786
18.000 -51.000 -3.000 54.166 -2.797
18.060 -52.380 -3.660 55.527 -2.797
18.060 -52.380 -3.660 55.527 -2.766
18.300 -53.880 -4.320 57.067 -2.766
18.300 -53.880 -4.320 57.067 -2.806
19.140 -55.080 -4.980 58.523 -2.809
19.140 -55.080 -4.980 58.523 -2.809
20.160 -56.220 -5.820 60.008 -2.776
20.160 -56.220 -5.820 60.008 -2.776
19.920 -57.540 -6.900 61.280 -2.792
19.920 -57.540 -6.900 61.280 -2.792
19.380 -58.380 -7.620 61.983 -2.807
19.380 -58.380 -7.620 61.983 -2.807
18.900 -58.980 -8.400 62.501 -2.783
18.900 -58.980 -8.400 62.501 -2.820
19.020 -59.340 -8.700 62.918 -2.820
19.020 -59.340 -8.700 62.918 -2.825
19.260 -59.220 -8.220 62.813 -2.825
19.260 -59.220 -8.220 62.813 -2.815
18.780 -59.280 -7.860 62.678 -2.815
18.780 -59.280 -7.860 62.678 -2.815
17.460 -59.340 -7.020 62.252 -2.815
17.460 -59.340 -7.020 62.252 -2.842
15.720 -59.880 -5.760 62.176 -2.862
15.720 -59.880 -5.760 62.176 -2.862
14.820 -60.360 -4.380 62.307 -2.893
14.820 -60.360 -4.380 62.307 -2.893
14.100 -60.720 -2.640 62.391 -2.919
14.100 -60.720 -2.640 62.391 -2.919
14.340 -61.140 -.660 62.803 -2.908
14.340 -61.140 -.660 62.803 -2.902
13.200 -60.720 1.020 62.147 -2.902
13.200 -60.720 1.020 62.147 -2.926
11.700 -60.600 2.640 61.776 -2.926
11.700 -60.600 2.640 61.776 -2.943
10.740 -59.520 3.960 60.611 -2.943
10.740 -59.520 3.960 60.611 -2.970
9.780 -57.660 5.340 58.727 -2.970
9.780 -57.660 5.340 58.727 -2.968
9.600 -55.320 6.780 56.555 -2.968
9.600 -55.320 6.780 56.555 -2.968
9.300 -52.200 7.200 53.509 -2.961
9.300 -52.200 7.200 53.509 -2.961
8.700 -48.840 7.620 50.191 -2.980
8.700 -48.840 7.620 50.191 -2.980
7.740 -45.600 7.500 46.856 -2.982
7.740 -45.600 7.500 46.856 -2.982
7.440 -42.720 6.240 43.810 -2.992
7.440 -42.720 6.240 43.810 -2.962
7.200 -40.560 5.700 41.587 -2.962
7.200 -40.560 5.700 41.587 -2.962
7.920 -39.840 5.100 40.939 -2.962
7.920 -39.840 5.100 40.939 -2.944
8.160 -39.840 4.800 40.949 -2.944
8.160 -39.840 4.800 40.949 -2.944
8.520 -40.860 5.700 42.126 -2.944
8.520 -40.860 5.700 42.126 -2.954
9.060 -42.780 6.060 44.147 -2.951
9.060 -42.780 6.060 44.147 -2.951
9.180 -44.940 7.020 46.402 -2.929
9.180 -44.940 7.020 46.402 -2.929
9.540 -48.120 7.560 49.636 -2.954
9.540 -48.120 7.560 49.636 -2.954
9.180 -50.700 7.620 52.085 -2.963
9.180 -50.700 7.620 52.085 -2.963
8.760 -53.040 7.980 54.348 -2.990
8.760 -53.040 7.980 54.348 -2.960
8.340 -55.200 7.860 56.377 -2.960
8.340 -55.200 7.860 56.377 -3.009
8.940 -57.000 8.280 58.288 -3.009
8.940 -57.000 8.280 58.288 -2.978
10.140 -58.740 7.680 60.101 -2.978
10.140 -58.740 7.680 60.101 -2.969
11.880 -59.760 6.060 61.230 -2.969
11.880 -59.760 6.060 61.230 -2.942
12.900 -60.600 4.620 62.130 -2.946
13.800 -60.420 2.640 62.032 -2.946
13.800 -60.420 2.640 62.032 -2.908
15.420 -59.880 1.260 61.846 -2.908
15.420 -59.880 1.260 61.846 -2.888
15.420 -59.880 1.260 61.846 -2.888
17.460 -59.220 .900 61.747 -2.854
20.400 -57.960 .360 61.446 -2.798
20.400 -57.960 .360 61.446 -2.796
22.440 -57.480 .300 61.706 -2.797
22.440 -57.480 .300 61.706 -2.797
24.600 -56.640 .900 61.758 -2.768
24.600 -56.640 .900 61.758 -2.768
26.700 -55.860 2.220 61.953 -2.720
26.700 -55.860 2.220 61.953 -2.720
29.100 -54.600 3.600 61.975 -2.692
29.100 -54.600 3.600 61.975 -2.650
32.100 -52.740 5.100 61.951 -2.650
32.100 -52.740 5.100 61.951 -2.591
34.320 -50.940 6.420 61.757 -2.591
34.320 -50.940 6.420 61.757 -2.533
36.240 -49.620 6.900 61.831 -2.533
36.240 -49.620 6.900 61.831 -2.501
37.320 -48.300 7.500 61.497 -2.501
37.320 -48.300 7.500 61.497 -2.511
37.980 -47.340 7.560 61.161 -2.467
37.980 -47.340 7.560 61.161 -2.467
38.580 -46.740 7.440 61.061 -2.424
38.580 -46.740 7.440 61.061 -2.424
38.520 -46.140 6.420 60.448 -2.435
38.520 -46.140 6.420 60.448 -2.435
37.560 -46.500 4.800 59.967 -2.455
37.560 -46.500 4.800 59.967 -2.455
36.060 -47.100 2.580 59.375 -2.430
36.060 -47.100 2.580 59.375 -2.489
33.840 -47.580 .480 58.389 -2.489
33.840 -47.580 .480 58.389 -2.515
32.280 -47.820 -.840 57.701 -2.515
32.280 -47.820 -.840 57.701 -2.526
31.140 -48.120 -1.740 57.343 -2.526
31.140 -48.120 -1.740 57.343 -2.550
30.180 -48.120 -2.580 56.860 -2.550
30.180 -48.120 -2.580 56.860 -2.572
28.860 -48.300 -3.600 56.380 -2.566
28.860 -48.300 -3.600 56.380 -2.566
27.600 -48.420 -4.200 55.892 -2.600
27.600 -48.420 -4.200 55.892 -2.600
26.520 -48.480 -5.100 55.494 -2.606
26.520 -48.480 -5.100 55.494 -2.606
25.800 -48.420 -6.000 55.192 -2.625
25.800 -48.420 -6.000 55.192 -2.625
25.260 -48.900 -6.840 55.462 -2.643
25.260 -48.900 -6.840 55.462 -2.642
24.360 -49.620 -8.460 55.921 -2.642
24.360 -49.620 -8.460 55.921 -2.639
23.280 -49.680 -9.360 55.657 -2.639
23.280 -49.680 -9.360 55.657 -2.698
22.380 -50.160 -10.200 55.865 -2.698
22.380 -50.160 -10.200 55.865 -2.703
22.080 -50.160 -10.980 55.894 -2.701
22.080 -50.160 -10.980 55.894 -2.701
20.820 -50.220 -11.940 55.660 -2.766
20.820 -50.220 -11.940 55.660 -2.766
19.740 -50.700 -13.200 55.986 -2.722
19.740 -50.700 -13.200 55.986 -2.722
17.880 -50.760 -14.700 55.789 -2.735
17.880 -50.760 -14.700 55.789 -2.735
16.200 -51.000 -16.140 55.892 -2.771
16.200 -51.000 -16.140 55.892 -2.804
15.180 -50.760 -16.920 55.617 -2.788
15.180 -50.760 -16.920 55.617 -2.819
13.740 -50.520 -17.580 55.228 -2.819
13.740 -50.520 -17.580 55.228 -2.914
12.660 -49.800 -17.940 54.426 -2.914
12.660 -49.800 -17.940 54.426 -2.878
10.860 -48.780 -18.000 53.117 -2.878
10.860 -48.780 -18.000 53.117 -2.917
9.540 -47.880 -17.520 51.870 -2.916
9.540 -47.880 -17.520 51.870 -2.916
8.940 -47.280 -17.340 51.147 -2.935
8.940 -47.280 -17.340 51.147 -2.935
9.180 -47.040 -16.500 50.688 -2.922
9.180 -47.040 -16.500 50.688 -2.922
9.360 -47.280 -16.200 50.847 -2.994
9.360 -47.280 -16.200 50.847 -2.994
8.940 -47.760 -16.500 51.315 -2.934
8.940 -47.760 -16.500 51.315 -2.940
8.100 -48.480 -16.620 51.886 -2.940
8.100 -48.480 -16.620 51.886 -2.949
7.440 -49.740 -16.440 52.912 -2.949
7.440 -49.740 -16.440 52.912 -2.941
7.500 -50.880 -15.480 53.709 -2.941
7.500 -50.880 -15.480 53.709 -2.962
8.400 -52.320 -13.980 54.803 -2.962
8.400 -52.320 -13.980 54.803 -3.007
9.480 -52.920 -11.880 55.059 -2.946
9.480 -52.920 -11.880 55.059 -2.946
9.300 -53.160 -10.320 54.945 -2.953
9.300 -53.160 -10.320 54.945 -2.953
9.840 -53.400 -8.220 54.918 -2.952
9.840 -53.400 -8.220 54.918 -2.952
10.260 -53.340 -5.700 54.616 -2.937
10.260 -53.340 -5.700 54.616 -2.937
11.700 -53.160 -3.180 54.525 -2.935
11.700 -53.160 -3.180 54.525 -2.926
13.920 -53.400 -.540 55.187 -2.926
13.920 -53.400 -.540 55.187 -2.881
15.180 -53.880 1.980 56.013 -2.881
15.180 -53.880 1.980 56.013 -2.863
15.900 -54.780 4.380 57.209 -2.863
15.900 -54.780 4.380 57.209 -2.865
16.320 -56.700 6.240 59.331 -2.865
16.320 -56.700 6.240 59.331 -2.846
17.520 -59.160 8.760 62.318 -2.871
17.520 -59.160 8.760 62.318 -2.871
18.780 -61.800 10.560 65.448 -2.844
18.780 -61.800 10.560 65.448 -2.844
20.460 -64.320 10.680 68.335 -2.848
20.460 -64.320 10.680 68.335 -2.848
22.080 -66.780 10.380 71.097 -2.839
22.080 -66.780 10.380 71.097 -2.844
23.160 -68.460 8.700 72.793 -2.844
23.160 -68.460 8.700 72.793 -2.807
24.600 -69.600 6.360 74.093 -2.807
24.600 -69.600 6.360 74.093 -2.809
26.280 -70.200 4.680 75.104 -2.809
26.280 -70.200 4.680 75.104 -2.782
26.580 -69.780 2.580 74.715 -2.782
26.580 -69.780 2.580 74.715 -2.768
26.460 -69.120 .120 74.012 -2.767
26.460 -69.120 .120 74.012 -2.767
25.560 -68.280 -2.040 72.936 -2.782
25.560 -68.280 -2.040 72.936 -2.782
24.180 -67.380 -3.720 71.684 -2.767
24.180 -67.380 -3.720 71.684 -2.767
23.640 -66.360 -5.520 70.661 -2.781
23.640 -66.360 -5.520 70.661 -2.781
22.440 -65.100 -6.780 69.192 -2.804
22.440 -65.100 -6.780 69.192 -2.782
21.540 -63.360 -7.620 67.354 -2.782
21.540 -63.360 -7.620 67.354 -2.792
20.400 -61.020 -8.820 64.941 -2.792
20.400 -61.020 -8.820 64.941 -2.814
19.500 -58.500 -9.480 62.389 -2.814
19.500 -58.500 -9.480 62.389 -2.788
18.900 -56.700 -10.200 60.631 -2.788
18.900 -56.700 -10.200 60.631 -2.791
19.140 -55.200 -10.680 59.392 -2.833
19.140 -55.200 -10.680 59.392 -2.833
19.500 -55.560 -10.920 59.887 -2.759
19.500 -55.560 -10.920 59.887 -2.759
18.720 -57.060 -10.500 60.963 -2.800
18.720 -57.060 -10.500 60.963 -2.800
18.240 -59.040 -9.780 62.563 -2.825
18.240 -59.040 -9.780 62.563 -2.819
17.400 -62.400 -9.360 65.453 -2.819
17.400 -62.400 -9.360 65.453 -2.832
17.280 -65.100 -10.200 68.122 -2.862
17.280 -65.100 -10.200 68.122 -2.862
18.660 -67.620 -11.520 71.087 -2.870
18.660 -67.620 -11.520 71.087 -2.870
20.400 -70.380 -13.380 74.488 -2.829
20.400 -70.380 -13.380 74.488 -2.829
21.900 -72.300 -15.780 77.175 -2.835
21.900 -72.300 -15.780 77.175 -2.835
24.240 -73.560 -17.760 79.461 -2.796
24.240 -73.560 -17.760 79.461 -2.778
27.240 -74.340 -20.460 81.774 -2.778
27.240 -74.340 -20.460 81.774 -2.758
32.940 -71.580 -22.620 81.978 -2.758
32.940 -71.580 -22.620 81.978 -2.681
40.440 -66.180 -24.060 81.204 -2.681
40.440 -66.180 -24.060 81.204 -2.551
47.700 -57.600 -24.660 78.747 -2.367
47.700 -57.600 -24.660 78.747 -2.367
53.940 -45.600 -24.720 74.833 -2.257
53.940 -45.600 -24.720 74.833 -2.257
57.420 -33.000 -24.000 70.442 -1.998
57.420 -33.000 -24.000 70.442 -1.998
57.600 -20.460 -22.980 65.303 -1.803
57.600 -20.460 -22.980 65.303 -1.803
56.280 -10.260 -21.120 60.982 -1.865
56.280 -10.260 -21.120 60.982 -1.624
54.240 -3.060 -18.060 57.249 -1.624
54.240 -3.060 -18.060 57.249 -1.529
51.180 .900 -14.400 53.175 -1.529
51.180 .900 -14.400 53.175 -1.459
49.380 2.580 -10.320 50.513 -1.459
49.380 2.580 -10.320 50.513 -1.506
47.940 2.340 -6.720 48.465 -1.506
47.940 2.340 -6.720 48.465 -1.455
46.500 1.260 -3.300 46.634 -1.431
46.500 1.260 -3.300 46.634 -1.431
45.600 -.840 -.480 45.610 -1.534
45.600 -.840 -.480 45.610 -1.534
44.820 -4.140 .840 45.019 -1.662
44.820 -4.140 .840 45.019 -1.662
43.500 -7.800 1.920 44.235 -1.742
43.500 -7.800 1.920 44.235 -1.742
42.600 -11.940 2.100 44.291 -1.771
42.600 -11.940 2.100 44.291 -1.852
42.000 -15.660 .720 44.830 -1.852
42.000 -15.660 .720 44.830 -1.869
41.340 -18.240 -.720 45.191 -1.869
41.340 -18.240 -.720 45.191 -1.985
41.160 -19.860 -2.640 45.777 -1.985
41.160 -19.860 -2.640 45.777 -1.990
40.980 -20.640 -5.220 46.180 -1.990
40.980 -20.640 -5.220 46.180 -2.031
40.620 -20.280 -7.200 45.968 -2.025
40.620 -20.280 -7.200 45.968 -2.025
40.440 -19.140 -8.880 45.613 -1.885
40.440 -19.140 -8.880 45.613 -1.885
39.900 -17.340 -9.900 44.617 -1.923
39.900 -17.340 -9.900 44.617 -1.923
39.900 -15.000 -10.380 43.872 -1.896
39.900 -15.000 -10.380 43.872 -1.896
39.840 -13.440 -9.960 43.209 -1.891
39.840 -13.440 -9.960 43.209 -1.865
39.420 -13.140 -9.420 42.607 -1.865
39.420 -13.140 -9.420 42.607 -1.878
39.720 -13.260 -8.520 42.733 -1.878
39.720 -13.260 -8.520 42.733 -1.774
39.060 -14.100 -6.720 42.067 -1.774
39.060 -14.100 -6.720 42.067 -1.867
38.700 -15.060 -5.160 41.846 -1.925
38.700 -15.060 -5.160 41.846 -1.914
38.580 -15.780 -2.820 41.778 -1.925
38.580 -15.780 -2.820 41.778 -1.925
38.100 -17.340 -.900 41.870 -1.972
38.100 -17.340 -.900 41.870 -1.972
37.680 -19.560 .180 42.455 -2.057
37.680 -19.560 .180 42.455 -2.057
37.320 -21.420 1.380 43.052 -2.089
37.320 -21.420 1.380 43.052 -2.084
36.660 -23.160 1.800 43.400 -2.084
36.660 -24.360 2.040 44.063 -2.135
36.660 -24.360 2.040 44.063 -2.135
36.660 -24.360 2.040 44.063 -2.158
36.420 -25.680 2.460 44.631 -2.158
36.420 -25.680 2.460 44.631 -2.186
35.940 -27.900 2.460 45.565 -2.186
35.940 -27.900 2.460 45.565 -2.228
35.880 -29.880 2.880 46.781 -2.258
35.220 -31.440 2.760 47.292 -2.258
35.220 -31.440 2.760 47.292 -2.293
35.220 -31.440 2.760 47.292 -2.293
35.700 -31.680 2.940 47.820 -2.291
35.700 -31.680 2.940 47.820 -2.291
36.240 -30.720 3.000 47.603 -2.262
36.240 -30.720 3.000 47.603 -2.262
36.300 -29.700 2.460 46.966 -2.250
36.300 -29.700 2.460 46.966 -2.246
36.540 -28.560 2.160 46.427 -2.246
36.540 -28.560 2.160 46.427 -2.254
36.420 -26.580 1.560 45.115 -2.254
36.420 -26.580 1.560 45.115 -2.190
36.420 -24.300 .540 43.786 -2.190
36.420 -24.300 .540 43.786 -2.155
36.960 -21.060 .240 42.540 -2.155
36.960 -21.060 .240 42.540 -2.049
37.560 -17.460 .420 41.422 -2.006
38.400 -14.760 .480 41.142 -2.006
38.400 -14.760 .480 41.142 -1.870
38.400 -14.760 .480 41.142 -1.870
39.000 -12.540 1.200 40.984 -1.872
39.000 -12.540 1.200 40.984 -1.872
39.300 -11.520 2.400 41.024 -1.869
39.300 -11.520 2.400 41.024 -1.869
39.600 -10.860 3.780 41.236 -1.846
39.240 -10.740 4.680 40.952 -1.838
39.240 -10.740 4.680 40.952 -1.838
38.700 -11.820 6.120 40.925 -1.814
38.700 -11.820 6.120 40.925 -1.814
38.340 -13.380 6.840 41.180 -1.889
38.340 -13.380 6.840 41.180 -1.889
37.980 -16.140 6.600 41.792 -1.918
37.980 -16.140 6.600 41.792 -2.034
38.340 -18.960 6.360 43.242 -2.034
38.340 -18.960 6.360 43.242 -2.082
38.220 -21.480 5.220 44.152 -2.082
38.220 -21.480 5.220 44.152 -2.023
37.740 -23.220 3.000 44.413 -2.023
37.740 -23.220 3.000 44.413 -2.100
36.600 -24.840 .420 44.235 -2.100
36.600 -24.840 .420 44.235 -2.166
34.980 -26.040 -2.340 43.671 -2.157
34.980 -26.040 -2.340 43.671 -2.157
33.720 -26.220 -5.340 43.047 -2.216
33.720 -26.220 -5.340 43.047 -2.216
32.640 -26.820 -7.920 42.981 -2.162
32.640 -26.820 -7.920 42.981 -2.162
32.160 -26.760 -10.260 43.077 -2.227
32.160 -26.760 -10.260 43.077 -2.227
30.960 -26.160 -12.000 42.271 -2.244
30.960 -26.160 -12.000 42.271 -2.175
30.180 -25.440 -13.500 41.717 -2.175
30.180 -25.440 -13.500 41.717 -2.193
29.040 -23.820 -14.220 40.161 -2.193
29.040 -23.820 -14.220 40.161 -2.206
27.480 -21.000 -13.920 37.282 -2.206
27.480 -21.000 -13.920 37.282 -2.076
26.160 -17.700 -13.860 34.493 -2.076
26.160 -17.700 -13.860 34.493 -2.049
24.060 -14.160 -12.840 30.729 -2.087
24.060 -14.160 -12.840 30.729 -2.087
21.480 -10.260 -12.360 26.822 -1.976
21.480 -10.260 -12.360 26.822 -1.976
18.480 -7.140 -12.360 23.351 -1.870
18.480 -7.140 -12.360 23.351 -1.870
15.900 -4.680 -12.120 20.533 -1.850
15.900 -4.680 -12.120 20.533 -1.850
13.560 -2.880 -12.600 18.733 -1.782
13.560 -2.880 -12.600 18.733 -1.585
11.880 -2.040 -12.720 17.524 -1.585
11.880 -2.040 -12.720 17.524 -1.489
10.860 -1.860 -13.380 17.333 -1.489
10.860 -1.860 -13.380 17.333 -1.335
9.780 -2.820 -14.160 17.439 -1.335
9.780 -2.820 -14.160 17.439 -1.590
9.480 -4.260 -14.220 17.613 -1.384
9.480 -4.260 -14.220 17.613 -1.384
9.360 -5.760 -14.520 18.210 -2.062
9.360 -5.760 -14.520 18.210 -2.062
9.180 -7.320 -14.220 18.441 -1.760
9.180 -7.320 -14.220 18.441 -1.760
9.180 -7.620 -13.980 18.379 -1.845
9.180 -7.620 -13.980 18.379 -1.845
8.220 -6.900 -14.400 17.959 -1.791
8.220 -6.900 -14.400 17.959 -2.032
6.840 -5.460 -14.460 16.902 -2.032
6.840 -5.460 -14.460 16.902 -1.687
5.520 -2.520 -14.700 15.903 -1.687
5.520 -2.520 -14.700 15.903 -1.810
4.020 .600 -15.000 15.541 -1.810
4.020 .600 -15.000 15.541 -1.072
2.940 3.120 -15.480 16.063 -1.072
2.940 3.120 -15.480 16.063 -.026
2.160 5.460 -16.320 17.344 .045
2.160 5.460 -16.320 17.344 .045
1.800 6.180 -17.880 19.003 -.241
1.800 6.180 -17.880 19.003 -.241
1.500 6.120 -19.920 20.893 .075
1.500 6.120 -19.920 20.893 .075
1.980 5.760 -22.320 23.136 -.580
1.980 5.760 -22.320 23.136 -.580
2.100 4.260 -25.140 25.585 -.009
2.100 4.260 -25.140 25.585 -.445
1.800 3.420 -28.380 28.642 -.445
1.800 3.420 -28.380 28.642 .165
2.040 2.520 -31.740 31.905 .165
2.040 2.520 -31.740 31.905 -.362
1.800 2.220 -35.340 35.455 -.362
1.800 2.220 -35.340 35.455 -.079
2.640 3.300 -38.460 38.691 -1.292
2.640 3.300 -38.460 38.691 -1.292
4.140 4.320 -40.740 41.177 .033
4.140 4.320 -40.740 41.177 .033
4.500 6.540 -41.700 42.449 -.436
4.500 6.540 -41.700 42.449 -.436
4.680 9.300 -41.040 42.340 -.074
4.680 9.300 -41.040 42.340 -.074
5.220 11.460 -39.540 41.497 -.204
5.220 11.460 -39.540 41.497 -.142
5.700 13.500 -37.320 40.094 -.142
5.700 13.500 -37.320 40.094 -.792
7.440 14.280 -34.620 38.181 -.792
7.440 14.280 -34.620 38.181 -.135
9.600 13.920 -31.800 36.016 -.135
9.600 13.920 -31.800 36.016 -.649
11.100 12.900 -28.980 33.607 -.649
11.100 12.900 -28.980 33.607 -.967
12.960 11.400 -25.980 31.191 -.762
12.960 11.400 -25.980 31.191 -.762
15.540 9.960 -22.680 29.242 -.857
15.540 9.960 -22.680 29.242 -.857
18.360 7.800 -20.220 28.404 -1.312
18.360 7.800 -20.220 28.404 -1.312
21.600 6.120 -17.280 28.330 -1.004
21.600 6.120 -17.280 28.330 -1.004
24.420 5.040 -14.160 28.675 -1.190
24.420 5.040 -14.160 28.675 -1.432
26.700 4.200 -11.340 29.311 -1.432
26.700 4.200 -11.340 29.311 -1.350
28.380 4.020 -8.220 29.819 -1.350
28.380 4.020 -8.220 29.819 -1.389
30.240 4.020 -5.940 31.079 -1.389
30.240 4.020 -5.940 31.079 -1.447
31.620 3.960 -3.900 32.105 -1.447
31.620 3.960 -3.900 32.105 -1.447
32.340 4.020 -2.520 32.686 -1.439
32.340 4.020 -2.520 32.686 -1.439
32.160 4.500 -1.380 32.503 -1.382
32.160 4.500 -1.380 32.503 -1.382
31.260 5.280 -.180 31.703 -1.390
31.260 5.280 -.180 31.703 -1.390
30.000 5.880 .180 30.571 -1.404
30.000 5.880 .180 30.571 -1.363
28.320 7.020 .600 29.183 -1.363
28.320 7.020 .600 29.183 -1.327
26.880 8.040 1.200 28.082 -1.327
26.880 8.040 1.200 28.082 -1.305
25.020 9.240 1.680 26.725 -1.305
25.020 9.240 1.680 26.725 -1.227
22.560 10.920 2.640 25.203 -1.227
22.560 10.920 2.640 25.203 -1.123
19.740 12.540 3.960 23.719 -1.033
19.740 12.540 3.960 23.719 -1.033
16.860 14.280 4.860 22.623 -.915
16.860 14.280 4.860 22.623 -.915
14.280 15.240 5.400 21.572 -.799
14.280 15.240 5.400 21.572 -.799
12.600 15.300 5.640 20.607 -.778
12.600 15.300 5.640 20.607 -.778
10.680 14.880 4.740 18.919 -.687
10.680 14.880 4.740 18.919 -.593
8.760 13.800 4.080 16.847 -.593
8.760 13.800 4.080 16.847 -.603
7.200 11.820 3.060 14.174 -.603
7.200 11.820 3.060 14.174 -.574
5.040 10.200 1.800 11.519 -.574
5.040 10.200 1.800 11.519 -.450
3.300 8.460 1.080 9.145 -.450
3.300 8.460 1.080 9.145 -.412
1.740 6.540 -.540 6.789 -.268
1.740 6.540 -.540 6.789 -.268
-.420 5.700 -1.140 5.828 .089
-.420 5.700 -1.140 5.828 .089
-1.920 4.560 -1.320 5.121 .371
-1.920 4.560 -1.320 5.121 .371
-3.240 3.600 -1.740 5.146 .710
-3.240 3.600 -1.740 5.146 .710
-4.440 3.240 -1.020 5.590 .717
-4.440 3.240 -1.020 5.590 .911
-5.040 2.940 -.660 5.872 .911
-5.040 2.940 -.660 5.872 1.029
-5.700 3.840 .060 6.873 1.029
-5.700 3.840 .060 6.873 .982
-6.540 5.040 1.500 8.392 .982
-6.540 5.040 1.500 8.392 .939
-6.720 7.140 2.460 10.109 .775
-6.720 7.140 2.460 10.109 .775
-7.320 9.540 3.720 12.587 .665
-7.320 9.540 3.720 12.587 .665
-7.800 11.580 4.800 14.764 .654
-7.800 11.580 4.800 14.764 .654
-8.340 13.980 4.860 16.989 .583
-8.340 13.980 4.860 16.989 .583
-8.700 16.140 5.340 19.097 .513
-8.700 16.140 5.340 19.097 .488
-9.420 17.880 4.800 20.772 .488
-9.420 17.880 4.800 20.772 .513
-10.260 19.440 4.440 22.425 .513
-10.260 19.440 4.440 22.425 .542
-10.680 20.400 4.080 23.385 .542
-10.680 20.400 4.080 23.385 .482
-12.060 19.980 2.280 23.449 .482
-12.060 19.980 2.280 23.449 .554
-13.140 19.320 .480 23.370 .633
-13.140 19.320 .480 23.370 .633
-13.800 18.180 -1.620 22.882 .667
-13.800 18.180 -1.620 22.882 .667
-13.980 16.440 -3.780 21.909 .692
-13.980 16.440 -3.780 21.909 .692
-13.020 15.360 -5.460 20.863 .702
-13.020 15.360 -5.460 20.863 .702
-11.520 13.980 -7.980 19.795 .697
-11.520 13.980 -7.980 19.795 .648
-9.960 12.300 -11.700 19.682 .648
-7.860 11.160 -15.720 20.819 .640
-7.860 11.160 -15.720 20.819 .640
-6.300 10.560 -20.400 23.819 .644
-6.300 10.560 -20.400 23.819 .644
-6.300 10.560 -20.400 23.819 .379
-4.020 11.040 -24.540 27.208 .379
-1.380 12.840 -28.380 31.180 .232
-1.380 12.840 -28.380 31.180 -.081
-1.380 12.840 -28.380 31.180 -.081
.600 15.300 -32.040 35.511 .021
2.520 18.600 -34.140 38.960 .021
2.520 18.600 -34.140 38.960 -.263
3.420 21.780 -34.560 40.993 -.263
3.420 21.780 -34.560 40.993 -.002
3.840 24.240 -33.900 41.851 -.009
3.840 24.240 -33.900 41.851 -.135
3.780 26.400 -32.280 41.872 -.037
3.780 26.400 -32.280 41.872 -.037
3.000 27.000 -30.060 40.517 -.086
3.000 27.000 -30.060 40.517 -.086
1.980 26.340 -28.260 38.683 -.095
1.980 26.340 -28.260 38.683 -.095
.480 25.260 -26.640 36.715 -.100
.480 25.260 -26.640 36.715 .006
-1.020 22.980 -24.780 33.811 .006
-1.020 22.980 -24.780 33.811 .076
-2.280 20.640 -23.100 31.062 .076
-2.280 20.640 -23.100 31.062 .169
-3.420 18.480 -21.300 28.406 .169
-3.420 18.480 -21.300 28.406 .066
-4.500 16.200 -20.220 26.297 .066
-4.500 16.200 -20.220 26.297 .162
-5.040 14.220 -18.660 23.996 .304
-5.040 14.220 -18.660 23.996 .304
-5.220 12.300 -17.100 21.701 .428
-5.220 12.300 -17.100 21.701 .428
-5.520 10.800 -15.600 19.760 .310
-5.520 10.800 -15.600 19.760 .310
-5.040 9.600 -13.200 17.082 .396
-5.040 9.600 -13.200 17.082 .396
-4.920 9.180 -10.980 15.134 .551
-4.920 9.180 -10.980 15.134 .416
-4.800 9.000 -8.880 13.524 .416
-4.800 9.000 -8.880 13.524 .458
-4.920 8.940 -7.080 12.420 .458
-4.920 8.940 -7.080 12.420 .590
-5.460 9.300 -4.860 11.829 .590
-5.460 9.300 -4.860 11.829 .505
-6.720 9.600 -3.420 12.207 .505
-6.720 9.600 -3.420 12.207 .589
-7.740 9.780 -2.040 12.638 .683
-7.740 9.780 -2.040 12.638 .683
-8.940 10.320 -1.260 13.712 .660
-8.940 10.320 -1.260 13.712 .660
-10.440 10.140 -1.980 14.688 .724
-10.440 10.140 -1.980 14.688 .724
-11.580 9.540 -3.240 15.349 .812
-11.580 9.540 -3.240 15.349 .812
-12.780 9.180 -4.920 16.487 .895
-12.780 9.180 -4.920 16.487 .902
-13.800 8.340 -6.000 17.205 .902
-13.800 8.340 -6.000 17.205 .992
-14.520 7.560 -7.200 17.884 .992
-14.520 7.560 -7.200 17.884 1.088
-14.880 6.720 -7.740 18.069 1.088
-14.880 6.720 -7.740 18.069 1.087
-15.660 5.520 -8.100 18.475 1.144
-15.660 5.520 -8.100 18.475 1.144
-16.260 4.680 -7.260 18.412 1.274
-16.260 4.680 -7.260 18.412 1.274
-16.560 4.020 -5.820 18.007 1.206
-16.560 4.020 -5.820 18.007 1.206
-16.920 4.020 -3.180 17.679 1.259
-16.920 4.020 -3.180 17.679 1.259
-16.920 4.140 -.960 17.446 1.321
-16.920 4.140 -.960 17.446 1.349
-17.040 4.320 .360 17.583 1.349
-17.040 4.320 .360 17.583 1.330
-17.460 4.800 1.620 18.180 1.330
-17.460 4.800 1.620 18.180 1.295
-17.520 5.280 2.100 18.418 1.295
-17.520 5.280 2.100 18.418 1.312
-17.040 6.180 2.040 18.240 1.312
-17.040 6.180 2.040 18.240 1.264
-16.260 6.960 1.320 17.736 1.179
-16.260 6.960 1.320 17.736 1.179
-15.000 7.560 .000 16.797 1.166
-15.000 7.560 .000 16.797 1.166
-14.280 7.320 -2.160 16.192 1.096
-14.280 7.320 -2.160 16.192 1.096
-13.860 6.600 -3.600 15.768 1.112
-13.860 6.600 -3.600 15.768 1.112
-13.080 5.940 -4.560 15.072 1.091
-13.080 5.940 -4.560 15.072 1.123
-12.300 5.580 -4.320 14.181 1.123
-12.300 5.580 -4.320 14.181 1.157
-11.040 5.820 -3.840 13.058 1.157
-11.040 5.820 -3.840 13.058 1.014
-9.300 6.360 -3.120 11.691 1.014
-9.300 6.360 -3.120 11.691 .936
-7.800 7.260 -2.580 10.964 .936
-7.800 7.260 -2.580 10.964 .839
-6.420 7.920 -2.220 10.434 .649
-6.420 7.920 -2.220 10.434 .649
-5.220 9.300 -1.380 10.754 .516
-5.220 9.300 -1.380 10.754 .516
-4.080 11.160 -.660 11.901 .511
-4.080 11.160 -.660 11.901 .511
-2.580 12.720 -.660 12.996 .343
-2.580 12.720 -.660 12.996 .200
-1.620 14.880 -1.140 15.011 .200
-1.620 14.880 -1.140 15.011 .122
-.780 16.380 -2.460 16.582 .122
-.780 16.380 -2.460 16.582 .066
-.180 17.040 -5.280 17.840 .066
-.180 17.040 -5.280 17.840 .004
-.240 17.640 -8.160 19.437 .004
-.240 17.640 -8.160 19.437 .040
.300 17.460 -10.920 20.596 -.033
.300 17.460 -10.920 20.596 -.033
.420 16.560 -14.520 22.028 -.001
.420 16.560 -14.520 22.028 -.001
-.300 15.240 -16.920 22.774 .134
-.300 15.240 -16.920 22.774 .134
-1.500 12.600 -18.900 22.764 .216
-1.500 12.600 -18.900 22.764 .216
-3.060 9.960 -21.000 23.443 .062
-3.060 9.960 -21.000 23.443 .279
-3.840 7.980 -21.720 23.456 .279
-3.840 7.980 -21.720 23.456 .226
-3.540 6.240 -22.560 23.673 .226
-3.540 6.240 -22.560 23.673 .302
-2.760 5.640 -22.920 23.765 .302
-2.760 5.640 -22.920 23.765 .429
-1.980 5.340 -23.220 23.908 .429
-1.980 5.340 -23.220 23.908 .782
-1.500 5.040 -23.520 24.101 .022
-1.500 5.040 -23.520 24.101 .022
-1.800 5.220 -24.120 24.744 .386
-1.800 5.220 -24.120 24.744 .386
-1.380 5.280 -25.260 25.843 -.096
-1.380 5.280 -25.260 25.843 -.096
-.660 4.500 -27.240 27.617 .139
-.660 4.500 -27.240 27.617 .002
.000 3.360 -29.640 29.830 .002
.000 3.360 -29.640 29.830 1.235
.780 1.080 -31.500 31.528 1.235
.780 1.080 -31.500 31.528 .063
.960 -1.680 -32.940 32.997 .063
.960 -1.680 -32.940 32.997 .598
.720 -3.900 -33.000 33.237 .598
.720 -3.900 -33.000 33.237 -2.190
.480 -6.360 -31.620 32.257 .125
.480 -6.360 -31.620 32.257 .125
.480 -7.920 -29.580 30.626 -2.455
.480 -7.920 -29.580 30.626 -2.455
-.060 -8.220 -26.640 27.879 -3.063
-.060 -8.220 -26.640 27.879 -3.063
-.540 -6.900 -23.760 24.748 2.181
-.540 -6.900 -23.760 24.748 2.181
-.480 -3.900 -21.360 21.718 2.612
-.480 -3.900 -21.360 21.718 -2.429
.060 -.420 -19.740 19.745 -2.429
.060 -.420 -19.740 19.745 -.213
1.200 3.240 -19.680 19.981 -.213
1.200 3.240 -19.680 19.981 -.367
2.580 6.120 -20.520 21.568 -.367
2.580 6.120 -20.520 21.568 -1.002
3.120 8.340 -22.020 23.752 -1.002
3.120 8.340 -22.020 23.752 -.022
3.540 10.320 -24.240 26.582 -.172
3.540 10.320 -24.240 26.582 -.172
4.620 11.100 -26.400 29.009 -.763
4.620 11.100 -26.400 29.009 -.763
5.340 10.860 -28.620 31.073 -.410
5.340 10.860 -28.620 31.073 -.410
6.420 9.960 -30.120 32.367 -.498
6.420 9.960 -30.120 32.367 -.498
7.140 8.220 -31.140 32.989 -.861
7.140 8.220 -31.140 32.989 -.567
6.420 5.880 -31.680 32.854 -.567
6.420 5.880 -31.680 32.854 -.432
5.640 3.660 -31.500 32.210 -.432
5.640 3.660 -31.500 32.210 -1.042
4.620 1.380 -30.600 30.978 -1.042
4.620 1.380 -30.600 30.978 -.520
3.060 .000 -28.740 28.902 -.391
3.060 .000 -28.740 28.902 -.391
1.920 -.360 -26.400 26.472 .801
1.920 -.360 -26.400 26.472 .801
.180 .000 -23.160 23.161 .348
.180 .000 -23.160 23.161 .348
-1.500 1.620 -20.640 20.758 .337
-1.500 1.620 -20.640 20.758 .337
-3.180 3.720 -18.360 19.001 .858
-3.180 3.720 -18.360 19.001 .426
-4.980 6.120 -17.100 18.833 .426
-4.980 6.120 -17.100 18.833 .612
-6.120 8.820 -16.740 19.887 .612
-6.120 8.820 -16.740 19.887 .672
-7.800 10.800 -16.500 21.207 .672
-7.800 10.800 -16.500 21.207 .583
-9.180 11.940 -16.800 22.563 .583
-9.180 11.940 -16.800 22.563 .549
-10.080 13.200 -16.020 23.076 .657
-10.080 13.200 -16.020 23.076 .657
-10.620 13.200 -15.600 23.030 .694
-10.620 13.200 -15.600 23.030 .694
-9.900 13.500 -14.100 21.888 .582
-9.900 13.500 -14.100 21.888 .582
-8.880 14.220 -11.880 20.547 .578
-8.880 14.220 -11.880 20.547 .578
-7.800 14.640 -8.940 18.844 .555
-7.800 14.640 -8.940 18.844 .489
-6.240 16.380 -5.700 18.432 .489
-6.240 16.380 -5.700 18.432 .361
-4.380 18.000 -3.000 18.767 .361
-4.380 18.000 -3.000 18.767 .247
-2.220 19.560 -.960 19.709 .247
-2.220 19.560 -.960 19.709 .119
.420 21.060 -.240 21.066 .119
3.060 22.440 -.120 22.648 -.020
3.060 22.440 -.120 22.648 -.138
3.060 22.440 -.120 22.648 -.138
5.100 23.280 -1.260 23.865 -.218
5.100 23.280 -1.260 23.865 -.218
7.200 23.760 -4.620 25.253 -.270
9.360 23.820 -8.580 26.993 -.270
9.360 23.820 -8.580 26.993 -.378
9.360 23.820 -8.580 26.993 -.378
11.940 22.140 -13.680 28.634 -.471
14.340 19.920 -18.840 30.942 -.454
14.340 19.920 -18.840 30.942 -.454
16.500 17.340 -22.920 33.140 -.461
16.500 17.340 -22.920 33.140 -.461
18.480 13.740 -27.360 35.761 -.603
18.480 13.740 -27.360 35.761 -.603
19.680 10.680 -29.760 37.243 -.758
19.680 10.680 -29.760 37.243 -.836
21.300 7.560 -31.320 38.624 -.836
21.300 7.560 -31.320 38.624 -1.190
23.040 4.500 -32.220 39.865 -1.190
23.040 4.500 -32.220 39.865 -1.129
24.540 3.120 -31.560 40.100 -1.129
24.540 3.120 -31.560 40.100 -1.041
26.280 2.880 -31.380 41.032 -1.041
26.280 2.880 -31.380 41.032 -1.180
27.780 4.260 -30.480 41.460 -1.297
27.780 4.260 -30.480 41.460 -1.297
28.560 6.540 -29.400 41.507 -1.222
28.560 6.540 -29.400 41.507 -1.222
28.920 9.060 -28.740 41.766 -1.462
28.920 9.060 -28.740 41.766 -1.462
28.800 11.280 -28.140 41.816 -1.117
28.800 11.280 -28.140 41.816 -1.064
28.200 12.720 -28.020 41.739 -1.064
28.200 12.720 -28.020 41.739 -1.121
27.720 13.080 -27.600 41.246 -1.121
27.720 13.080 -27.600 41.246 -1.069
27.240 12.240 -27.060 40.300 -1.069
27.240 12.240 -27.060 40.300 -1.115
26.640 11.340 -26.040 38.941 -1.115
26.640 11.340 -26.040 38.941 -1.257
25.800 10.800 -24.000 36.855 -1.056
25.800 10.800 -24.000 36.855 -1.056
25.200 11.160 -21.480 34.942 -1.109
25.200 11.160 -21.480 34.942 -1.109
24.660 12.960 -18.000 33.167 -1.108
24.660 12.960 -18.000 33.167 -1.108
24.540 15.240 -15.060 32.577 -1.098
24.540 15.240 -15.060 32.577 -1.098
24.420 17.700 -13.080 32.874 -.918
24.420 17.700 -13.080 32.874 -.974
23.760 20.400 -12.000 33.537 -.974
23.760 20.400 -12.000 33.537 -.898
22.440 23.280 -12.300 34.595 -.898
22.440 23.280 -12.300 34.595 -.737
20.160 25.260 -13.620 35.071 -.737
20.160 25.260 -13.620 35.071 -.692
18.480 27.240 -15.480 36.375 -.692
18.480 27.240 -15.480 36.375 -.561
16.680 28.260 -18.300 37.573 -.504
16.680 28.260 -18.300 37.573 -.504
14.640 28.140 -21.180 38.142 -.408
14.640 28.140 -21.180 38.142 -.408
13.440 27.300 -24.120 38.829 -.528
13.440 27.300 -24.120 38.829 -.528
11.520 24.600 -27.840 38.896 -.319
11.520 24.600 -27.840 38.896 -.319
10.080 21.300 -30.900 38.860 -.424
10.080 21.300 -30.900 38.860 -.809
8.580 16.680 -33.600 38.481 -.809
8.580 16.680 -33.600 38.481 -.471
7.740 12.480 -34.380 37.385 -.471
7.740 12.480 -34.380 37.385 -.270
6.720 8.520 -33.660 35.366 -.270
6.720 8.520 -33.660 35.366 -1.021
6.300 4.320 -32.040 32.938 -1.021
6.300 4.320 -32.040 32.938 -.642
6.120 1.620 -29.280 29.957 -.926
6.120 1.620 -29.280 29.957 -.926
5.580 -.540 -26.100 26.695 -2.002
5.580 -.540 -26.100 26.695 -2.002
5.340 -1.320 -22.680 23.338 -.713
5.340 -1.320 -22.680 23.338 -.713
4.620 -.300 -19.800 20.334 -1.494
4.620 -.300 -19.800 20.334 -1.494
4.800 .780 -17.280 17.951 -1.426
4.800 .780 -17.280 17.951 -1.472
5.280 2.100 -16.740 17.678 -1.472
5.280 2.100 -16.740 17.678 -.927
6.420 3.480 -17.340 18.815 -.927
6.420 3.480 -17.340 18.815 -.287
7.860 4.860 -17.820 20.074 -.287
7.860 4.860 -17.820 20.074 -.664
9.180 5.400 -19.620 22.324 -.943
9.180 5.400 -19.620 22.324 -.943
10.200 5.460 -20.640 23.661 -.700
10.200 5.460 -20.640 23.661 -.700
11.400 4.680 -21.000 24.349 -1.132
11.400 4.680 -21.000 24.349 -1.132
12.420 2.160 -21.240 24.699 -1.029
12.420 2.160 -21.240 24.699 -1.029
13.320 .420 -20.460 24.417 -1.280
13.320 .420 -20.460 24.417 -1.280
14.580 -1.440 -19.860 24.679 -1.273
14.580 -1.440 -19.860 24.679 -1.521
15.180 -2.700 -18.780 24.298 -1.521
15.180 -2.700 -18.780 24.298 -1.538
15.660 -3.480 -18.180 24.246 -1.538
15.660 -3.480 -18.180 24.246 -1.712
16.260 -4.980 -17.460 24.373 -1.712
16.260 -4.980 -17.460 24.373 -1.456
16.140 -5.820 -16.440 23.762 -1.456
16.140 -5.820 -16.440 23.762 -1.804
16.020 -7.020 -15.480 23.357 -2.097
16.020 -7.020 -15.480 23.357 -2.097
15.780 -7.860 -14.100 22.574 -1.956
15.780 -7.860 -14.100 22.574 -1.956
14.940 -7.140 -12.360 20.663 -1.877
14.940 -7.140 -12.360 20.663 -2.069
14.280 -6.600 -10.380 18.847 -2.069
14.280 -6.600 -10.380 18.847 -1.794
12.780 -5.400 -8.580 16.313 -1.794
12.780 -5.400 -8.580 16.313 -1.915
11.340 -3.420 -6.300 13.416 -1.915
11.340 -3.420 -6.300 13.416 -1.927
9.720 -1.140 -3.900 10.535 -1.927
9.720 -1.140 -3.900 10.535 -1.637
8.280 1.860 -2.340 8.803 -1.637
8.280 1.860 -2.340 8.803 -1.317
7.800 5.040 -1.560 9.417 -1.001
7.800 5.040 -1.560 9.417 -1.001
6.240 8.700 -1.680 10.837 -.623
6.240 8.700 -1.680 10.837 -.623
5.520 11.700 -3.000 13.280 -.413
5.520 11.700 -3.000 13.280 -.413
4.500 14.220 -5.040 15.744 -.398
4.500 14.220 -5.040 15.744 -.398
3.420 15.900 -7.140 17.762 -.323
3.420 15.900 -7.140 17.762 -.197
3.300 16.860 -9.780 19.769 -.197
3.300 16.860 -9.780 19.769 -.167
2.460 16.980 -13.140 21.611 -.167
2.460 16.980 -13.140 21.611 -.158
1.560 15.900 -16.200 22.753 -.158
1.560 15.900 -16.200 22.753 -.042
-.240 13.980 -19.380 23.897 -.042
-.240 13.980 -19.380 23.897 .203
-1.980 11.640 -22.200 25.145 .315
-1.980 11.640 -22.200 25.145 .315
-3.480 9.000 -23.400 25.311 .224
-3.480 9.000 -23.400 25.311 .224
-4.620 6.900 -23.880 25.283 .166
-4.620 6.900 -23.880 25.283 .166
-4.740 5.340 -23.160 24.236 .549
-4.740 5.340 -23.160 24.236 .549
-4.980 3.960 -21.180 22.115 .504
-4.980 3.960 -21.180 22.115 .543
-4.680 2.700 -19.380 20.119 .543
-4.680 2.700 -19.380 20.119 .918
-4.020 2.280 -17.700 18.293 .918
-4.020 2.280 -17.700 18.293 .657
-3.660 2.460 -16.380 16.963 .657
-3.660 2.460 -16.380 16.963 .293
-2.520 2.400 -16.560 16.922 .293
-2.520 2.400 -16.560 16.922 .697
-1.320 2.280 -17.100 17.302 .216
-1.320 2.280 -17.100 17.302 .216
.060 1.560 -18.300 18.366 -.207
.060 1.560 -18.300 18.366 -.207
1.920 .720 -20.160 20.264 .323
1.920 .720 -20.160 20.264 .323
3.360 -.060 -21.960 22.216 -.299
3.360 -.060 -21.960 22.216 -.299
4.440 -.540 -24.420 24.826 -.457
4.440 -.540 -24.420 24.826 -1.031
5.580 -.960 -26.340 26.942 -1.031
5.580 -.960 -26.340 26.942 -.657
6.480 -1.140 -27.840 28.607 -.657
6.480 -1.140 -27.840 28.607 -.985
7.200 -1.500 -29.160 30.073 -.985
7.200 -1.500 -29.160 30.073 -1.601
8.100 -.960 -29.100 30.222 -1.601
8.100 -.960 -29.100 30.222 -1.253
8.460 .180 -28.500 29.730 -.596
8.460 .180 -28.500 29.730 -.596
8.640 1.260 -27.240 28.605 -1.499
8.640 1.260 -27.240 28.605 -1.499
8.760 2.940 -25.680 27.292 -.666
8.760 2.940 -25.680 27.292 -.666
8.220 4.320 -24.600 26.294 -.807
8.220 4.320 -24.600 26.294 -1.258
7.560 5.280 -24.000 25.711 -1.258
7.560 5.280 -24.000 25.711 -.559
7.020 5.880 -24.240 25.912 -.559
7.020 5.880 -24.240 25.912 -.408
6.660 6.480 -25.140 26.802 -.408
6.660 6.480 -25.140 26.802 -1.012
6.720 6.180 -26.520 28.047 -1.012
6.720 6.180 -26.520 28.047 -.631
6.540 5.520 -28.740 29.987 -.466
6.540 5.520 -28.740 29.987 -.466
5.700 4.440 -30.660 31.500 -.520
5.700 4.440 -30.660 31.500 -.520
4.620 2.640 -32.580 33.012 -.333
4.620 2.640 -32.580 33.012 -.333
3.780 1.740 -34.260 34.512 -.350
3.780 1.740 -34.260 34.512 -.350
3.060 1.200 -35.220 35.373 -1.444
3.060 1.200 -35.220 35.373 -.086
2.700 .900 -36.420 36.531 -.086
2.700 .900 -36.420 36.531 -.315
2.160 .900 -37.080 37.154 -.315
2.160 .900 -37.080 37.154 .465
1.080 .840 -37.560 37.585 .465
1.080 .840 -37.560 37.585 -.036
-.240 .360 -38.040 38.042 -.036
-.240 .360 -38.040 38.042 -.004
-1.800 .180 -38.040 38.083 .620
-1.800 .180 -38.040 38.083 .620
-3.120 -.180 -38.040 38.168 .400
-3.120 -.180 -38.040 38.168 .400
-5.160 -.960 -37.800 38.163 .521
-5.160 -.960 -37.800 38.163 .521
-6.780 -2.040 -37.260 37.927 1.081
-6.780 -2.040 -37.260 37.927 1.081
-8.940 -2.880 -36.180 37.379 .913
-8.940 -2.880 -36.180 37.379 .951
-11.040 -2.940 -34.200 36.058 .951
-11.040 -2.940 -34.200 36.058 .988
-11.820 -1.920 -31.980 34.148 .988
-11.820 -1.920 -31.980 34.148 1.216
-13.260 .480 -28.800 31.710 1.216
-13.260 .480 -28.800 31.710 1.187
-13.680 3.060 -26.040 29.573 1.187
-13.680 3.060 -26.040 29.573 .994
-14.640 5.760 -23.400 28.197 1.016
-14.640 5.760 -23.400 28.197 1.016
-16.320 8.280 -20.760 27.675 .856
-16.320 8.280 -20.760 27.675 .856
-17.880 10.620 -18.780 28.021 .798
-17.880 10.620 -18.780 28.021 .798
-19.560 11.520 -16.380 27.993 .959
-19.560 11.520 -16.380 27.993 .959
-20.880 12.480 -13.920 28.027 .918
-20.880 12.480 -13.920 28.027 .909
-21.480 11.880 -11.460 27.090 .909
-21.480 11.880 -11.460 27.090 1.069
-22.020 11.040 -8.340 26.006 1.069
-22.020 11.040 -8.340 26.006 1.008
-22.080 11.220 -4.740 25.217 1.008
-22.080 11.220 -4.740 25.217 1.052
-21.300 11.340 -1.920 24.207 1.052
-21.300 11.340 -1.920 24.207 1.077
-20.640 12.000 1.260 23.908 1.096
-20.640 12.000 1.260 23.908 1.096
-18.780 12.660 3.240 22.879 .992
-18.780 12.660 3.240 22.879 .992
-16.080 13.800 3.840 21.535 .856
-16.080 13.800 3.840 21.535 .856
-13.140 14.760 4.380 20.241 .797
-13.140 14.760 4.380 20.241 .801
-8.820 16.260 3.900 18.905 .801
-8.820 16.260 3.900 18.905 .522
-4.620 17.400 2.460 18.170 .522
-4.620 17.400 2.460 18.170 .311
-.240 16.680 .180 16.683 .311
-.240 16.680 .180 16.683 .016
3.420 15.060 -3.360 15.805 .016
3.420 15.060 -3.360 15.805 -.245
5.760 11.580 -8.220 15.325 -.489
5.760 11.580 -8.220 15.325 -.489
8.280 7.680 -13.080 17.281 -.646
8.280 7.680 -13.080 17.281 -.646
9.000 4.320 -17.940 20.531 -1.128
9.000 4.320 -17.940 20.531 -1.128
9.960 .900 -22.500 24.622 -.760
9.960 .900 -22.500 24.622 -.760
9.960 -1.320 -26.100 27.967 -1.274
9.960 -1.320 -26.100 27.967 -1.921
9.060 -3.300 -28.560 30.144 -1.921
9.060 -3.300 -28.560 30.144 -.942
8.700 -5.460 -30.660 32.335 -.942
8.700 -5.460 -30.660 32.335 -.717
7.740 -6.840 -31.560 33.207 -.717
7.740 -6.840 -31.560 33.207 -2.070
7.320 -8.220 -31.920 33.764 -2.070
7.320 -8.220 -31.920 33.764 -1.242
6.960 -8.760 -32.520 34.391 -1.306
6.960 -8.760 -32.520 34.391 -1.306
6.480 -8.520 -32.160 33.895 -2.256
6.480 -8.520 -32.160 33.895 -2.256
5.700 -8.040 -32.160 33.636 -1.147
5.700 -8.040 -32.160 33.636 -1.147
5.460 -6.720 -32.520 33.653 -1.130
5.460 -6.720 -32.520 33.653 -1.130
