X Y Z F A
-2.340 -45.780 18.000 49.247 -.749
-2.160 -45.480 16.740 48.511 3.045
-2.160 -45.480 16.740 48.511 3.108
-2.160 -45.480 16.740 48.511 3.108
-1.800 -44.760 14.880 47.203 3.108
-1.800 -44.760 14.880 47.203 3.108
-1.440 -44.160 12.840 46.011 -3.125
-1.440 -44.160 12.840 46.011 -3.125
-.480 -44.100 10.020 45.227 3.116
-.480 -44.100 10.020 45.227 3.116
.240 -44.220 7.980 44.935 -3.139
.240 -44.220 7.980 44.935 -3.139
.840 -45.780 6.000 46.179 -3.133
1.440 -47.880 2.820 47.985 -3.124
1.440 -47.880 2.820 47.985 -3.124
2.640 -50.040 1.140 50.123 -3.111
2.640 -50.040 1.140 50.123 -3.111
4.260 -52.560 -1.500 52.754 -3.086
4.260 -52.560 -1.500 52.754 -3.086
4.860 -54.060 -4.380 54.454 -3.056
4.860 -54.060 -4.380 54.454 -3.046
5.460 -54.300 -6.600 54.971 -3.046
5.460 -54.300 -6.600 54.971 -3.022
5.940 -54.120 -9.840 55.327 -3.022
5.940 -54.120 -9.840 55.327 -3.023
5.820 -52.560 -13.140 54.489 -3.023
5.820 -52.560 -13.140 54.489 -3.021
5.940 -50.040 -16.020 52.877 -3.021
5.940 -50.040 -16.020 52.877 -3.023
5.460 -47.580 -18.360 51.291 -3.012
5.460 -47.580 -18.360 51.291 -3.012
3.720 -45.300 -20.160 49.723 -3.032
3.720 -45.300 -20.160 49.723 -3.032
1.800 -43.860 -20.940 48.636 -2.953
1.800 -43.860 -20.940 48.636 -2.953
.240 -43.920 -20.820 48.606 -3.094
.240 -43.920 -20.820 48.606 -3.094
-1.380 -45.120 -20.340 49.512 -3.094
-1.380 -45.120 -20.340 49.512 3.095
-2.580 -46.800 -19.200 50.651 3.095
-2.580 -46.800 -19.200 50.651 3.031
-4.920 -49.200 -17.520 52.458 3.031
-4.920 -49.200 -17.520 52.458 3.030
-7.080 -51.180 -15.720 54.006 3.030
-7.080 -51.180 -15.720 54.006 3.038
-9.180 -52.980 -13.980 55.557 3.038
-9.180 -52.980 -13.980 55.557 2.912
-11.280 -54.060 -11.520 56.413 2.925
-11.280 -54.060 -11.520 56.413 2.925
-12.360 -54.720 -9.540 56.904 2.922
-12.360 -54.720 -9.540 56.904 2.922
-14.100 -55.020 -6.780 57.201 2.913
-14.100 -55.020 -6.780 57.201 2.913
-16.560 -54.120 -3.780 56.723 2.880
-16.560 -54.120 -3.780 56.723 2.880
-18.060 -53.640 -1.860 56.629 2.848
-18.060 -53.640 -1.860 56.629 2.811
-19.260 -53.880 -.300 57.220 2.811
-19.260 -53.880 -.300 57.220 2.782
-18.840 -54.960 -.720 58.104 2.782
-18.840 -54.960 -.720 58.104 2.805
-17.100 -57.360 -1.380 59.871 2.805
-17.100 -57.360 -1.380 59.871 2.840
-15.540 -59.220 -2.760 61.287 2.840
-15.540 -59.220 -2.760 61.287 2.863
-14.400 -60.120 -4.860 62.011 2.905
-14.400 -60.120 -4.860 62.011 2.905
-12.960 -59.940 -6.300 61.648 2.904
-12.960 -59.940 -6.300 61.648 2.904
-11.520 -58.260 -8.100 59.938 2.925
-11.520 -58.260 -8.100 59.938 2.925
-9.720 -56.580 -9.360 58.167 2.933
-9.720 -56.580 -9.360 58.167 2.978
-7.740 -54.600 -9.900 56.027 2.965
-7.740 -54.600 -9.900 56.027 2.997
-6.420 -52.500 -10.740 53.970 2.997
-6.420 -52.500 -10.740 53.970 3.027
-4.500 -51.240 -11.460 52.698 3.027
-4.500 -51.240 -11.460 52.698 3.081
-3.180 -50.160 -12.120 51.701 3.081
-3.180 -50.160 -12.120 51.701 3.089
-.960 -48.780 -12.600 50.390 3.098
-.960 -48.780 -12.600 50.390 3.098
.720 -47.700 -13.800 49.661 -3.126
.720 -47.700 -13.800 49.661 -3.126
1.380 -46.020 -14.700 48.330 -3.117
1.380 -46.020 -14.700 48.330 -3.117
2.460 -44.280 -15.420 46.953 -3.071
2.460 -44.280 -15.420 46.953 -3.071
3.480 -43.380 -16.200 46.437 -3.058
3.480 -43.380 -16.200 46.437 -3.023
5.700 -42.060 -16.080 45.388 -3.023
5.700 -42.060 -16.080 45.388 -2.981
8.400 -41.880 -16.380 45.747 -2.981
8.400 -41.880 -16.380 45.747 -2.950
11.040 -41.700 -16.920 46.336 -2.950
11.040 -41.700 -16.920 46.336 -2.841
13.380 -41.340 -18.300 47.148 -2.841
13.380 -41.340 -18.300 47.148 -2.800
15.960 -41.580 -20.400 48.988 -2.715
15.960 -41.580 -20.400 48.988 -2.715
18.780 -41.400 -22.740 50.831 -2.648
18.780 -41.400 -22.740 50.831 -2.648
21.900 -41.460 -25.620 53.432 -2.690
21.900 -41.460 -25.620 53.432 -2.690
25.440 -42.060 -29.220 57.184 -2.659
25.440 -42.060 -29.220 57.184 -2.659
27.840 -42.600 -33.480 60.916 -2.560
27.840 -42.600 -33.480 60.916 -2.405
30.360 -43.560 -38.100 65.351 -2.405
30.360 -43.560 -38.100 65.351 -2.537
33.240 -44.940 -42.480 70.207 -2.537
33.240 -44.940 -42.480 70.207 -2.388
35.160 -47.340 -45.540 74.506 -2.388
35.160 -47.340 -45.540 74.506 -2.416
37.560 -51.300 -47.640 79.448 -2.416
37.560 -51.300 -47.640 79.448 -2.425
38.280 -56.040 -47.580 82.884 -2.405
38.280 -56.040 -47.580 82.884 -2.405
36.420 -61.440 -47.280 85.654 -2.445
36.420 -61.440 -47.280 85.654 -2.445
36.000 -65.580 -45.540 87.582 -2.581
36.000 -65.580 -45.540 87.582 -2.581
34.440 -68.220 -42.240 87.317 -2.590
34.440 -68.220 -42.240 87.317 -2.610
32.880 -70.320 -38.880 86.820 -2.610
32.880 -70.320 -38.880 86.820 -2.749
31.620 -71.520 -34.800 85.592 -2.749
31.620 -71.520 -34.800 85.592 -2.670
28.020 -72.480 -31.620 83.895 -2.670
28.020 -72.480 -31.620 83.895 -2.728
25.080 -72.840 -28.020 81.974 -2.728
25.080 -72.840 -28.020 81.974 -2.811
22.860 -72.720 -24.900 80.192 -2.818
22.860 -72.720 -24.900 80.192 -2.818
21.300 -71.340 -22.740 77.847 -2.841
21.300 -71.340 -22.740 77.847 -2.841
20.220 -69.480 -20.520 75.216 -2.871
20.220 -69.480 -20.520 75.216 -2.871
18.960 -67.980 -19.260 73.155 -2.833
18.960 -67.980 -19.260 73.155 -2.833
17.340 -65.760 -18.720 70.537 -2.859
17.340 -65.760 -18.720 70.537 -2.858
16.680 -63.720 -17.400 68.127 -2.858
16.680 -63.720 -17.400 68.127 -2.849
16.500 -61.860 -16.260 66.055 -2.849
16.500 -61.860 -16.260 66.055 -2.865
16.920 -59.460 -15.300 63.686 -2.865
16.920 -59.460 -15.300 63.686 -2.870
17.400 -57.420 -13.920 61.592 -2.870
17.400 -57.420 -13.920 61.592 -2.823
16.920 -55.500 -12.960 59.452 -2.830
16.920 -55.500 -12.960 59.452 -2.830
16.560 -54.000 -11.880 57.718 -2.818
16.560 -54.000 -11.880 57.718 -2.818
16.080 -52.800 -10.860 56.253 -2.818
16.080 -52.800 -10.860 56.253 -2.818
16.320 -51.780 -9.600 55.133 -2.830
16.320 -51.780 -9.600 55.133 -2.830
16.920 -51.240 -7.860 54.531 -2.850
16.920 -51.240 -7.860 54.531 -2.817
17.700 -50.880 -6.120 54.217 -2.817
17.700 -50.880 -6.120 54.217 -2.803
17.580 -50.580 -4.380 53.727 -2.803
17.580 -50.580 -4.380 53.727 -2.802
17.880 -50.220 -2.400 53.362 -2.802
17.880 -50.220 -2.400 53.362 -2.788
17.880 -49.500 -1.020 52.640 -2.793
17.880 -49.500 -1.020 52.640 -2.793
17.820 -48.180 1.080 51.381 -2.780
17.820 -48.180 1.080 51.381 -2.780
18.120 -47.160 2.760 50.597 -2.762
18.120 -47.160 2.760 50.597 -2.762
17.220 -45.840 3.360 49.083 -2.770
17.220 -45.840 3.360 49.083 -2.770
17.220 -45.060 4.020 48.405 -2.783
17.220 -45.060 4.020 48.405 -2.758
17.520 -44.580 3.120 48.001 -2.758
17.520 -44.580 3.120 48.001 -2.771
18.000 -44.760 1.680 48.273 -2.771
18.000 -44.760 1.680 48.273 -2.752
19.260 -45.540 .360 49.447 -2.752
19.260 -45.540 .360 49.447 -2.733
19.740 -46.260 -1.080 50.307 -2.733
19.740 -46.260 -1.080 50.307 -2.735
19.920 -47.700 -2.160 51.737 -2.740
19.920 -47.700 -2.160 51.737 -2.740
20.580 -48.660 -2.820 52.908 -2.714
20.580 -48.660 -2.820 52.908 -2.714
20.700 -49.980 -3.540 54.213 -2.740
20.700 -49.980 -3.540 54.213 -2.740
21.360 -51.420 -4.260 55.843 -2.732
21.360 -51.420 -4.260 55.843 -2.732
21.660 -52.560 -4.920 57.061 -2.739
21.660 -52.560 -4.920 57.061 -2.742
20.880 -53.880 -5.880 58.083 -2.742
20.880 -53.880 -5.880 58.083 -2.761
20.940 -54.900 -6.540 59.121 -2.761
20.940 -54.900 -6.540 59.121 -2.761
21.360 -55.980 -7.500 60.384 -2.761
21.360 -55.980 -7.500 60.384 -2.771
22.140 -56.520 -8.040 61.232 -2.771
22.140 -56.520 -8.040 61.232 -2.785
23.160 -56.880 -7.980 61.931 -2.730
23.160 -56.880 -7.980 61.931 -2.730
22.980 -57.600 -8.520 62.597 -2.757
22.980 -57.600 -8.520 62.597 -2.757
21.780 -57.600 -8.280 62.134 -2.780
21.780 -57.600 -8.280 62.134 -2.780
20.280 -58.080 -7.860 62.019 -2.770
20.280 -58.080 -7.860 62.019 -2.793
18.480 -58.920 -7.020 62.148 -2.793
18.480 -58.920 -7.020 62.148 -2.837
16.560 -59.520 -5.160 61.996 -2.837
16.560 -59.520 -5.160 61.996 -2.861
15.120 -60.360 -3.480 62.322 -2.861
15.120 -60.360 -3.480 62.322 -2.890
13.680 -61.080 -1.740 62.617 -2.890
13.680 -61.080 -1.740 62.617 -2.920
12.660 -61.260 .240 62.555 -2.934
12.660 -61.260 .240 62.555 -2.921
11.880 -61.080 1.920 62.254 -2.947
11.880 -61.080 1.920 62.254 -2.947
11.760 -60.180 3.540 61.420 -2.946
11.760 -60.180 3.540 61.420 -2.946
11.580 -58.380 5.460 59.767 -2.937
11.580 -58.380 5.460 59.767 -2.937
10.740 -56.100 6.480 57.485 -2.947
10.740 -56.100 6.480 57.485 -2.970
10.380 -52.800 7.200 54.290 -2.970
10.380 -52.800 7.200 54.290 -2.943
9.180 -49.620 7.380 50.999 -2.943
9.180 -49.620 7.380 50.999 -2.960
8.700 -46.260 6.780 47.557 -2.960
8.700 -46.260 6.780 47.557 -2.949
8.700 -43.440 6.240 44.740 -2.949
8.700 -43.440 6.240 44.740 -2.943
8.880 -41.580 5.220 42.837 -2.918
8.880 -41.580 5.220 42.837 -2.918
9.240 -40.140 5.340 41.534 -2.920
9.240 -40.140 5.340 41.534 -2.920
9.660 -40.200 5.640 41.727 -2.897
9.660 -40.200 5.640 41.727 -2.897
10.080 -40.740 5.940 42.387 -2.908
10.080 -40.740 5.940 42.387 -2.908
10.920 -41.880 7.080 43.856 -2.877
10.920 -41.880 7.080 43.856 -2.881
11.280 -43.800 7.860 45.907 -2.881
11.280 -43.800 7.860 45.907 -2.891
10.800 -46.200 8.220 48.152 -2.891
10.800 -46.200 8.220 48.152 -2.909
11.220 -48.600 8.820 50.652 -2.909
11.220 -48.600 8.820 50.652 -2.875
11.100 -51.300 9.300 53.305 -2.875
11.100 -51.300 9.300 53.305 -2.945
11.520 -53.760 9.540 55.802 -2.910
11.520 -53.760 9.540 55.802 -2.910
13.140 -55.920 9.480 58.220 -2.907
13.140 -55.920 9.480 58.220 -2.907
13.680 -58.080 8.760 60.309 -2.907
13.680 -58.080 8.760 60.309 -2.907
13.920 -59.040 7.560 61.128 -2.911
13.920 -59.040 7.560 61.128 -2.911
15.180 -60.180 5.880 62.343 -2.898
16.020 -60.420 4.320 62.657 -2.898
16.020 -60.420 4.320 62.657 -2.898
17.820 -60.180 3.300 62.850 -2.879
17.820 -60.180 3.300 62.850 -2.879
20.220 -60.000 2.280 63.357 -2.852
20.220 -60.000 2.280 63.357 -2.852
21.540 -59.400 1.680 63.207 -2.813
21.540 -59.400 1.680 63.207 -2.803
23.580 -58.620 1.980 63.216 -2.803
23.580 -58.620 1.980 63.216 -2.740
25.440 -57.780 2.460 63.180 -2.740
25.440 -57.780 2.460 63.180 -2.717
27.600 -56.760 3.540 63.214 -2.717
27.600 -56.760 3.540 63.214 -2.685
30.480 -55.560 4.980 63.567 -2.685
30.480 -55.560 4.980 63.567 -2.638
31.980 -54.300 5.880 63.291 -2.594
31.980 -54.300 5.880 63.291 -2.594
34.140 -52.560 7.080 63.073 -2.607
34.140 -52.560 7.080 63.073 -2.607
36.120 -50.880 8.280 62.944 -2.574
36.120 -50.880 8.280 62.944 -2.574
37.200 -49.140 8.820 62.261 -2.543
37.200 -49.140 8.820 62.261 -2.543
39.060 -47.520 8.820 62.142 -2.494
39.060 -47.520 8.820 62.142 -2.444
40.020 -46.320 8.220 61.763 -2.444
40.020 -46.320 8.220 61.763 -2.437
39.780 -46.020 6.240 61.149 -2.437
39.780 -46.020 6.240 61.149 -2.440
39.120 -46.020 4.680 60.581 -2.440
39.120 -46.020 4.680 60.581 -2.455
37.920 -46.380 3.720 60.024 -2.455
37.920 -46.380 3.720 60.024 -2.442
36.240 -46.680 2.580 59.152 -2.483
36.240 -46.680 2.580 59.152 -2.483
34.800 -46.500 1.680 58.104 -2.479
34.800 -46.500 1.680 58.104 -2.479
33.180 -46.560 .840 57.179 -2.496
33.180 -46.560 .840 57.179 -2.496
31.260 -47.100 -.540 56.532 -2.520
31.260 -47.100 -.540 56.532 -2.520
30.060 -47.760 -1.440 56.451 -2.561
30.060 -47.760 -1.440 56.451 -2.542
28.920 -48.600 -1.740 56.581 -2.542
28.920 -48.600 -1.740 56.581 -2.594
27.840 -49.080 -2.340 56.475 -2.594
27.840 -49.080 -2.340 56.475 -2.624
27.780 -48.960 -2.640 56.354 -2.624
27.780 -48.960 -2.640 56.354 -2.583
26.760 -49.380 -3.300 56.262 -2.611
26.760 -49.380 -3.300 56.262 -2.622
26.640 -49.500 -4.560 56.398 -2.647
26.640 -49.500 -4.560 56.398 -2.647
27.180 -50.400 -4.920 57.473 -2.581
27.180 -50.400 -4.920 57.473 -2.581
27.180 -50.940 -5.700 58.018 -2.623
27.180 -50.940 -5.700 58.018 -2.623
27.120 -50.520 -6.960 57.760 -2.633
27.120 -50.520 -6.960 57.760 -2.592
26.160 -51.300 -7.380 58.056 -2.592
26.160 -51.300 -7.380 58.056 -2.662
24.180 -51.060 -9.000 57.208 -2.662
24.180 -51.060 -9.000 57.208 -2.668
22.980 -51.000 -10.560 56.926 -2.668
22.980 -51.000 -10.560 56.926 -2.670
21.600 -52.020 -11.460 57.480 -2.670
21.600 -52.020 -11.460 57.480 -2.731
20.820 -51.060 -13.200 56.700 -2.754
20.820 -51.060 -13.200 56.700 -2.754
19.800 -51.480 -14.100 56.930 -2.727
19.800 -51.480 -14.100 56.930 -2.727
17.400 -51.540 -14.400 56.272 -2.759
17.400 -51.540 -14.400 56.272 -2.759
15.840 -50.400 -14.880 54.886 -2.776
15.840 -50.400 -14.880 54.886 -2.776
13.380 -50.820 -14.220 54.442 -2.756
13.380 -50.820 -14.220 54.442 -2.848
12.360 -49.680 -14.100 53.101 -2.848
12.360 -49.680 -14.100 53.101 -2.884
11.700 -49.020 -14.220 52.365 -2.884
11.700 -49.020 -14.220 52.365 -2.873
10.680 -49.200 -13.860 52.219 -2.873
10.680 -49.200 -13.860 52.219 -2.918
9.360 -48.600 -14.220 51.495 -2.918
9.360 -48.600 -14.220 51.495 -2.895
9.000 -48.840 -14.100 51.625 -2.939
9.000 -48.840 -14.100 51.625 -2.939
8.460 -49.320 -13.680 51.877 -2.965
8.460 -49.320 -13.680 51.877 -2.965
8.160 -49.620 -13.740 52.130 -3.015
8.160 -49.620 -13.740 52.130 -3.015
8.760 -51.420 -13.140 53.790 -2.942
8.760 -51.420 -13.140 53.790 -2.942
7.860 -52.380 -12.480 54.417 -2.978
7.860 -52.380 -12.480 54.417 -3.000
7.800 -53.400 -11.940 55.272 -3.000
7.800 -53.400 -11.940 55.272 -3.005
7.980 -54.600 -9.600 56.009 -3.005
7.980 -54.600 -9.600 56.009 -2.992
9.540 -53.940 -7.380 55.272 -2.992
9.540 -53.940 -7.380 55.272 -3.000
11.040 -53.760 -5.580 55.165 -3.000
11.040 -53.760 -5.580 55.165 -2.934
12.600 -53.280 -2.340 54.800 -2.897
12.600 -53.280 -2.340 54.800 -2.897
13.920 -52.440 -.660 54.260 -2.883
13.920 -52.440 -.660 54.260 -2.883
14.400 -52.380 1.740 54.351 -2.878
14.400 -52.380 1.740 54.351 -2.878
15.360 -52.140 5.280 54.611 -2.868
15.360 -52.140 5.280 54.611 -2.841
16.740 -52.560 7.260 55.637 -2.841
16.740 -52.560 7.260 55.637 -2.851
17.700 -54.060 10.620 57.867 -2.851
17.700 -54.060 10.620 57.867 -2.816
18.180 -56.220 12.840 60.465 -2.816
18.180 -56.220 12.840 60.465 -2.827
18.720 -59.460 13.260 63.732 -2.827
18.720 -59.460 13.260 63.732 -2.826
18.600 -62.880 14.040 67.059 -2.857
18.600 -62.880 14.040 67.059 -2.857
19.620 -65.400 12.360 69.389 -2.815
19.620 -65.400 12.360 69.389 -2.815
21.120 -67.740 10.740 71.764 -2.844
21.120 -67.740 10.740 71.764 -2.844
21.480 -69.480 9.660 73.363 -2.839
21.480 -69.480 9.660 73.363 -2.839
21.600 -70.320 7.920 73.988 -2.824
21.600 -70.320 7.920 73.988 -2.846
21.120 -71.580 6.900 74.949 -2.846
21.120 -71.580 6.900 74.949 -2.853
21.420 -71.700 5.400 75.026 -2.853
21.420 -71.700 5.400 75.026 -2.834
22.200 -70.560 2.700 74.019 -2.834
22.200 -70.560 2.700 74.019 -2.829
22.020 -70.440 .480 73.803 -2.829
22.020 -70.440 .480 73.803 -2.827
21.300 -69.300 -2.220 72.533 -2.818
21.300 -69.300 -2.220 72.533 -2.818
19.860 -67.440 -4.800 70.467 -2.848
19.860 -67.440 -4.800 70.467 -2.848
17.400 -66.600 -6.240 69.118 -2.879
17.400 -66.600 -6.240 69.118 -2.879
17.640 -63.600 -8.220 66.511 -2.871
17.640 -63.600 -8.220 66.511 -2.871
18.240 -60.840 -9.540 64.228 -2.877
18.240 -60.840 -9.540 64.228 -2.814
17.880 -59.100 -10.200 62.582 -2.814
17.880 -59.100 -10.200 62.582 -2.821
18.540 -57.060 -11.040 61.004 -2.821
18.540 -57.060 -11.040 61.004 -2.788
17.940 -56.700 -11.100 60.497 -2.788
17.940 -56.700 -11.100 60.497 -2.804
17.640 -56.640 -10.860 60.309 -2.804
17.640 -56.640 -10.860 60.309 -2.827
18.240 -57.300 -10.860 61.106 -2.838
18.240 -57.300 -10.860 61.106 -2.838
18.480 -59.520 -9.540 63.049 -2.808
18.480 -59.520 -9.540 63.049 -2.808
17.820 -62.340 -8.760 65.426 -2.848
17.820 -62.340 -8.760 65.426 -2.848
17.280 -65.340 -8.520 68.121 -2.834
17.280 -65.340 -8.520 68.121 -2.829
16.260 -69.360 -7.680 71.653 -2.829
16.260 -69.360 -7.680 71.653 -2.888
17.400 -71.460 -8.460 74.033 -2.888
17.400 -71.460 -8.460 74.033 -2.882
19.080 -72.900 -9.540 75.957 -2.882
19.080 -72.900 -9.540 75.957 -2.859
20.520 -75.240 -10.080 78.637 -2.859
20.520 -75.240 -10.080 78.637 -2.850
22.380 -76.080 -12.180 80.233 -2.846
22.380 -76.080 -12.180 80.233 -2.846
24.720 -76.500 -14.040 81.612 -2.817
24.720 -76.500 -14.040 81.612 -2.817
30.420 -74.760 -15.360 82.161 -2.746
30.420 -74.760 -15.360 82.161 -2.746
38.520 -67.440 -18.240 79.779 -2.542
38.520 -67.440 -18.240 79.779 -2.542
47.460 -57.600 -20.040 77.278 -2.596
47.460 -57.600 -20.040 77.278 -2.417
54.480 -45.900 -22.320 74.653 -2.417
54.480 -45.900 -22.320 74.653 -2.153
57.720 -33.240 -24.600 71.005 -2.153
57.720 -33.240 -24.600 71.005 -2.079
58.080 -22.320 -24.780 66.974 -2.079
58.080 -22.320 -24.780 66.974 -1.892
56.700 -14.580 -24.720 63.550 -1.892
56.700 -14.580 -24.720 63.550 -1.678
54.540 -6.840 -22.860 59.531 -1.521
54.540 -6.840 -22.860 59.531 -1.521
52.500 -1.260 -20.040 56.209 -1.508
52.500 -1.260 -20.040 56.209 -1.508
50.100 .420 -17.760 53.156 -1.407
50.100 .420 -17.760 53.156 -1.407
47.880 3.540 -14.820 50.246 -1.397
47.880 3.540 -14.820 50.246 -1.397
46.740 3.720 -11.460 48.268 -1.527
46.740 3.720 -11.460 48.268 -1.373
45.840 3.060 -8.760 46.770 -1.373
45.840 3.060 -8.760 46.770 -1.446
44.460 3.540 -5.700 44.963 -1.446
44.460 3.540 -5.700 44.963 -1.479
43.560 2.040 -3.240 43.728 -1.479
43.560 2.040 -3.240 43.728 -1.435
42.600 -.900 -1.740 42.645 -1.435
42.600 -.900 -1.740 42.645 -1.567
41.940 -4.620 .000 42.194 -1.610
41.940 -4.620 .000 42.194 -1.610
42.420 -10.140 1.200 43.632 -1.856
42.420 -10.140 1.200 43.632 -1.856
42.840 -14.880 1.620 45.380 -1.900
42.840 -14.880 1.620 45.380 -1.900
42.960 -18.120 .660 46.630 -1.969
42.960 -18.120 .660 46.630 -1.969
42.660 -21.480 -1.140 47.776 -1.901
42.660 -21.480 -1.140 47.776 -2.032
42.360 -23.160 -2.940 48.367 -2.032
42.360 -23.160 -2.940 48.367 -2.073
41.700 -24.300 -5.100 48.532 -2.073
41.700 -24.300 -5.100 48.532 -2.062
40.680 -24.960 -7.200 48.267 -2.062
40.680 -24.960 -7.200 48.267 -2.092
40.320 -22.620 -8.400 46.989 -2.015
40.320 -22.620 -8.400 46.989 -2.098
39.180 -20.100 -10.260 45.214 -1.930
39.180 -20.100 -10.260 45.214 -1.930
38.640 -17.220 -11.100 43.735 -1.930
38.640 -17.220 -11.100 43.735 -1.930
38.760 -14.760 -10.800 42.858 -1.926
38.760 -14.760 -10.800 42.858 -1.926
38.520 -14.280 -10.740 42.462 -1.831
38.520 -14.280 -10.740 42.462 -1.873
38.880 -13.620 -9.480 42.273 -1.873
38.880 -13.620 -9.480 42.273 -1.905
38.340 -13.020 -8.040 41.281 -1.905
38.340 -13.020 -8.040 41.281 -1.856
37.860 -13.320 -6.540 40.664 -1.856
37.860 -13.320 -6.540 40.664 -1.876
37.440 -14.040 -4.380 40.225 -1.876
37.440 -14.040 -4.380 40.225 -1.938
36.900 -15.480 -2.520 40.095 -1.952
36.900 -15.480 -2.520 40.095 -1.952
37.380 -18.060 -.240 41.515 -2.005
37.380 -18.060 -.240 41.515 -2.005
37.500 -19.440 1.800 42.278 -2.019
37.500 -19.440 1.800 42.278 -2.019
37.620 -20.460 2.820 42.917 -2.064
37.620 -20.460 2.820 42.917 -2.064
37.680 -22.260 3.660 43.917 -2.053
37.680 -22.260 3.660 43.917 -2.105
37.140 -23.520 3.840 44.128 -2.105
37.140 -23.520 3.840 44.128 -2.162
36.840 -25.500 3.480 44.939 -2.162
36.840 -25.500 3.480 44.939 -2.212
36.060 -28.200 3.660 45.923 -2.212
36.060 -28.200 3.660 45.923 -2.226
35.940 -29.100 3.420 46.370 -2.226
35.940 -29.100 3.420 46.370 -2.244
36.120 -29.580 3.000 46.783 -2.249
36.120 -29.580 3.000 46.783 -2.249
35.640 -30.300 2.940 46.872 -2.265
35.640 -30.300 2.940 46.872 -2.265
36.180 -29.700 2.220 46.862 -2.253
36.180 -29.700 2.220 46.862 -2.253
35.940 -29.340 1.860 46.433 -2.291
35.940 -29.340 1.860 46.433 -2.291
35.820 -28.920 1.680 46.068 -2.218
35.820 -28.920 1.680 46.068 -2.219
36.660 -26.280 1.140 45.121 -2.219
36.660 -26.280 1.140 45.121 -2.181
37.140 -23.400 1.200 43.913 -2.181
37.140 -23.400 1.200 43.913 -2.071
37.320 -20.820 .840 42.743 -2.071
37.320 -20.820 .840 42.743 -2.061
38.160 -18.360 .780 42.354 -2.026
38.160 -18.360 .780 42.354 -2.034
38.400 -16.980 .900 41.996 -1.986
38.520 -15.600 1.140 41.575 -1.986
38.520 -15.600 1.140 41.575 -1.936
39.540 -13.440 1.260 41.781 -1.936
39.540 -13.440 1.260 41.781 -1.899
39.540 -11.340 2.100 41.188 -1.899
39.540 -11.340 2.100 41.188 -1.848
39.540 -10.440 3.540 41.048 -1.835
39.540 -10.440 3.540 41.048 -1.835
39.540 -10.860 4.920 41.298 -1.781
39.540 -10.860 4.920 41.298 -1.781
39.180 -12.900 7.200 41.873 -1.862
39.180 -12.900 7.200 41.873 -1.862
39.060 -15.660 8.760 42.984 -1.924
39.060 -15.660 8.760 42.984 -1.924
38.940 -17.880 9.540 43.898 -1.993
38.940 -17.880 9.540 43.898 -2.012
38.820 -20.400 9.480 44.867 -2.012
38.820 -20.400 9.480 44.867 -2.085
38.280 -22.800 9.120 45.479 -2.085
38.280 -22.800 9.120 45.479 -2.113
37.560 -24.540 7.440 45.479 -2.113
37.560 -24.540 7.440 45.479 -2.124
37.140 -26.160 5.640 45.777 -2.124
37.140 -26.160 5.640 45.777 -2.207
36.180 -27.480 3.840 45.595 -2.204
36.180 -27.480 3.840 45.595 -2.204
35.520 -27.840 1.020 45.142 -2.224
35.520 -27.840 1.020 45.142 -2.224
34.920 -28.920 -1.440 45.363 -2.244
34.920 -28.920 -1.440 45.363 -2.244
33.720 -30.540 -3.780 45.651 -2.140
33.720 -30.540 -3.780 45.651 -2.140
32.640 -31.560 -6.240 45.829 -2.260
32.640 -31.560 -6.240 45.829 -2.331
32.400 -33.000 -7.920 46.920 -2.331
32.400 -33.000 -7.920 46.920 -2.340
31.800 -33.840 -9.000 47.301 -2.340
31.800 -33.840 -9.000 47.301 -2.329
31.620 -32.220 -10.500 46.349 -2.329
31.620 -32.220 -10.500 46.349 -2.381
31.680 -29.940 -11.400 45.055 -2.381
31.680 -29.940 -11.400 45.055 -2.262
30.540 -26.460 -12.480 42.292 -2.167
30.540 -26.460 -12.480 42.292 -2.167
28.860 -21.420 -13.680 38.456 -2.079
28.860 -21.420 -13.680 38.456 -2.079
26.700 -16.980 -13.560 34.425 -2.153
26.700 -16.980 -13.560 34.425 -2.153
23.580 -12.600 -13.380 29.897 -1.914
23.580 -12.600 -13.380 29.897 -1.978
19.740 -8.580 -12.960 25.125 -1.978
19.740 -8.580 -12.960 25.125 -1.962
16.380 -5.760 -12.060 21.141 -1.962
16.380 -5.760 -12.060 21.141 -1.609
13.200 -4.260 -11.760 18.185 -1.609
13.200 -4.260 -11.760 18.185 -1.583
10.860 -3.180 -12.000 16.494 -1.583
10.860 -3.180 -12.000 16.494 -1.778
10.380 -3.060 -12.480 16.518 -1.128
10.380 -3.060 -12.480 16.518 -1.128
10.080 -3.120 -12.960 16.712 -1.516
10.080 -3.120 -12.960 16.712 -1.516
10.080 -3.360 -13.620 17.274 -2.030
10.080 -3.360 -13.620 17.274 -2.030
10.560 -4.740 -14.100 18.243 -1.589
10.560 -4.740 -14.100 18.243 -1.589
10.320 -5.220 -13.800 18.005 -1.627
10.320 -5.220 -13.800 18.005 -1.975
10.200 -6.300 -13.740 18.235 -1.975
10.200 -6.300 -13.740 18.235 -1.922
10.140 -7.740 -13.860 18.837 -1.922
10.140 -7.740 -13.860 18.837 -1.809
9.660 -7.860 -13.680 18.500 -1.809
9.660 -7.860 -13.680 18.500 -2.391
9.060 -7.680 -13.620 18.071 -2.391
9.060 -7.680 -13.620 18.071 -2.096
8.460 -6.660 -13.920 17.598 -2.044
8.460 -6.660 -13.920 17.598 -2.044
7.380 -4.080 -13.860 16.224 -1.842
7.380 -4.080 -13.860 16.224 -1.842
6.480 -1.260 -14.040 15.514 -1.788
6.480 -1.260 -14.040 15.514 -1.788
5.580 .840 -15.000 16.026 -1.361
5.580 .840 -15.000 16.026 -1.361
4.620 3.000 -15.900 16.827 -.548
4.620 3.000 -15.900 16.827 -.519
3.660 4.380 -17.340 18.255 -.519
3.660 4.380 -17.340 18.255 -.158
2.220 4.680 -18.780 19.481 -.158
2.220 4.680 -18.780 19.481 .119
1.380 4.740 -20.100 20.697 .119
1.380 4.740 -20.100 20.697 -.800
1.080 3.480 -22.800 23.089 -.800
1.080 3.480 -22.800 23.089 -.103
.840 2.340 -25.080 25.203 -.596
.840 2.340 -25.080 25.203 -.596
1.080 1.740 -28.320 28.394 -1.432
1.080 1.740 -28.320 28.394 -1.432
1.080 1.200 -32.100 32.141 -.334
1.080 1.200 -32.100 32.141 -.334
.180 1.560 -35.040 35.075 .156
.180 1.560 -35.040 35.075 .156
.240 2.640 -38.400 38.491 -.615
.240 2.640 -38.400 38.491 .008
-.660 4.500 -40.560 40.814 .008
-.660 4.500 -40.560 40.814 -.192
-.600 7.740 -41.400 42.122 -.192
-.600 7.740 -41.400 42.122 -.953
.000 11.460 -41.040 42.610 -.953
.000 11.460 -41.040 42.610 -.082
.480 14.280 -39.420 41.930 -.047
.480 14.280 -39.420 41.930 .070
1.920 16.140 -37.260 40.651 -.411
1.920 16.140 -37.260 40.651 -.411
3.360 16.620 -34.560 38.496 -.333
3.360 16.620 -34.560 38.496 -.333
5.340 16.200 -31.380 35.716 -.119
5.340 16.200 -31.380 35.716 -.119
7.800 15.420 -28.440 33.278 -.224
7.800 15.420 -28.440 33.278 -.310
11.340 13.680 -25.200 30.835 -.310
11.340 13.680 -25.200 30.835 -.526
14.400 11.640 -22.740 29.325 -.526
14.400 11.640 -22.740 29.325 -.792
17.580 9.240 -19.920 28.129 -.792
17.580 9.240 -19.920 28.129 -1.028
20.220 7.080 -17.340 27.562 -1.028
20.220 7.080 -17.340 27.562 -1.144
22.140 5.940 -14.760 27.264 -1.124
22.140 5.940 -14.760 27.264 -1.124
24.180 4.980 -11.820 27.371 -1.245
24.180 4.980 -11.820 27.371 -1.245
26.280 4.740 -9.600 28.377 -1.327
26.280 4.740 -9.600 28.377 -1.327
27.960 4.140 -7.200 29.167 -1.336
27.960 4.140 -7.200 29.167 -1.336
29.880 4.140 -4.440 30.490 -1.416
29.880 4.140 -4.440 30.490 -1.414
30.660 3.960 -2.460 31.012 -1.414
30.660 3.960 -2.460 31.012 -1.430
31.020 4.200 -.840 31.314 -1.430
31.020 4.200 -.840 31.314 -1.418
30.840 4.560 .300 31.177 -1.418
30.840 4.560 .300 31.177 -1.426
30.120 4.500 .420 30.457 -1.426
30.120 4.500 .420 30.457 -1.421
29.400 5.280 .780 29.881 -1.393
29.400 5.280 .780 29.881 -1.393
28.080 6.060 1.080 28.747 -1.374
28.080 6.060 1.080 28.747 -1.374
26.160 7.560 1.560 27.275 -1.289
26.160 7.560 1.560 27.275 -1.289
24.180 9.360 2.820 26.081 -1.284
24.180 9.360 2.820 26.081 -1.221
21.480 10.740 3.660 24.293 -1.221
21.480 10.740 3.660 24.293 -1.131
18.840 12.360 4.560 22.989 -1.131
18.840 12.360 4.560 22.989 -.992
17.040 13.440 5.760 22.454 -.992
17.040 13.440 5.760 22.454 -.948
14.760 14.100 6.240 21.345 -.948
14.760 14.100 6.240 21.345 -.848
12.720 14.400 7.020 20.456 -.713
12.720 14.400 7.020 20.456 -.713
10.860 13.740 7.200 18.936 -.703
10.860 13.740 7.200 18.936 -.703
9.240 12.360 6.300 16.668 -.701
9.240 12.360 6.300 16.668 -.701
7.980 10.440 5.040 14.074 -.641
7.980 10.440 5.040 14.074 -.641
6.420 8.520 3.120 11.115 -.740
6.420 8.520 3.120 11.115 -.685
4.920 6.420 .780 8.126 -.685
4.920 6.420 .780 8.126 -.658
2.940 4.920 -.360 5.743 -.658
2.940 4.920 -.360 5.743 -.548
1.080 3.600 -1.320 3.984 -.548
1.080 3.600 -1.320 3.984 -.259
.000 3.120 -1.800 3.602 -.259
.000 3.120 -1.800 3.602 .019
-1.080 3.180 -1.320 3.608 .308
-1.080 3.180 -1.320 3.608 .308
-2.040 3.360 -1.080 4.076 .541
-2.040 3.360 -1.080 4.076 .541
-3.060 4.440 -.480 5.414 .614
-3.060 4.440 -.480 5.414 .614
-4.140 5.640 .300 7.003 .645
-4.140 5.640 .300 7.003 .645
-4.800 7.440 1.800 9.035 .648
-4.800 7.440 1.800 9.035 .588
-4.980 9.540 3.060 11.188 .588
-4.980 9.540 3.060 11.188 .503
-5.400 12.000 4.140 13.795 .503
-5.400 12.000 4.140 13.795 .438
-5.460 14.280 4.740 16.006 .438
-5.460 14.280 4.740 16.006 .367
-6.180 16.320 4.440 18.007 .367
-6.180 16.320 4.440 18.007 .341
-7.200 18.120 3.840 19.873 .410
-7.200 18.120 3.840 19.873 .410
-8.100 19.440 3.480 21.346 .406
-8.100 19.440 3.480 21.346 .406
-9.000 20.640 3.000 22.716 .433
-9.000 20.640 3.000 22.716 .433
-9.720 20.940 1.800 23.156 .481
-9.720 20.940 1.800 23.156 .481
-11.160 20.340 .300 23.202 .440
-11.160 20.340 .300 23.202 .502
-12.240 19.260 -1.500 22.870 .502
-12.240 19.260 -1.500 22.870 .559
-12.420 17.400 -3.900 21.731 .559
-12.420 17.400 -3.900 21.731 .622
-12.540 15.780 -5.760 20.963 .622
-12.540 15.780 -5.760 20.963 .680
-11.820 13.980 -8.640 20.244 .634
-11.820 13.980 -8.640 20.244 .634
-10.620 12.000 -12.300 20.201 .610
-10.620 12.000 -12.300 20.201 .610
-9.480 10.620 -15.840 21.297 .858
-9.480 10.620 -15.840 21.297 .858
-7.860 9.660 -20.160 23.696 .474
-7.860 9.660 -20.160 23.696 .474
-5.700 9.720 -24.480 26.949 .439
-5.700 9.720 -24.480 26.949 .205
-3.600 11.280 -28.080 30.474 .205
-3.600 11.280 -28.080 30.474 .184
-2.400 12.960 -31.740 34.368 .184
-2.400 12.960 -31.740 34.368 .151
-.720 15.720 -34.020 37.483 .151
-.720 15.720 -34.020 37.483 .204
.480 19.380 -34.200 39.312 .204
.480 19.380 -34.200 39.312 -.047
1.260 21.360 -34.140 40.291 -.011
1.260 21.360 -34.140 40.291 -.011
2.100 23.940 -32.580 40.484 -.045
2.100 23.940 -32.580 40.484 -.045
1.740 25.140 -30.720 39.734 -.074
1.740 25.140 -30.720 39.734 -.074
1.140 25.020 -29.400 38.622 -.002
1.140 25.020 -29.400 38.622 -.002
.120 24.120 -27.660 36.700 .107
.120 24.120 -27.660 36.700 .009
-1.320 22.740 -26.040 34.597 .009
-1.320 22.740 -26.040 34.597 .044
-2.700 20.460 -24.420 31.972 .044
-3.660 18.120 -22.740 29.306 .252
-3.660 18.120 -22.740 29.306 .252
-4.260 16.140 -21.180 26.967 .115
-4.260 16.140 -21.180 26.967 .115
-4.620 13.860 -20.280 24.994 .244
-4.620 13.860 -20.280 24.994 .475
-5.400 11.880 -18.480 22.623 .475
-5.400 11.880 -18.480 22.623 .440
-5.880 9.900 -16.680 20.268 .440
-5.880 9.900 -16.680 20.268 .426
-5.880 9.900 -16.680 20.268 .426
-6.480 8.580 -14.580 18.116 .569
-6.720 7.740 -11.760 15.600 .672
-6.720 7.740 -11.760 15.600 .672
-6.420 7.500 -9.420 13.646 .604
-6.420 7.500 -9.420 13.646 .604
-6.780 7.800 -7.320 12.665 .709
-6.780 7.800 -7.320 12.665 .709
-6.840 8.280 -4.800 11.764 .720
-6.840 8.280 -4.800 11.764 .720
-7.140 8.520 -3.000 11.514 .640
-7.140 8.520 -3.000 11.514 .688
-7.860 8.700 -1.800 11.862 .688
-7.860 8.700 -1.800 11.862 .727
-8.340 8.820 -1.020 12.181 .727
-8.340 8.820 -1.020 12.181 .756
-9.480 8.940 -1.380 13.103 .756
-9.480 8.940 -1.380 13.103 .804
-11.040 9.180 -1.860 14.478 .804
-11.040 9.180 -1.860 14.478 .887
-12.120 9.300 -3.000 15.569 .876
-12.120 9.300 -3.000 15.569 .876
-13.200 9.480 -3.720 16.672 .898
-13.200 9.480 -3.720 16.672 .898
-14.100 9.240 -4.980 17.578 .867
-14.100 9.240 -4.980 17.578 .867
-14.520 8.640 -6.600 18.139 .958
-14.520 8.640 -6.600 18.139 .958
-15.420 7.320 -7.500 18.644 .970
-15.420 7.320 -7.500 18.644 1.142
-16.020 6.240 -7.800 18.879 1.142
-16.020 6.240 -7.800 18.879 1.115
-16.320 4.980 -7.020 18.451 1.115
-16.320 4.980 -7.020 18.451 1.228
-17.040 4.260 -5.040 18.273 1.228
-17.040 4.260 -5.040 18.273 1.272
-16.920 4.020 -2.820 17.618 1.272
-16.920 4.020 -2.820 17.618 1.313
-17.580 3.480 -.720 17.936 1.358
-17.580 3.480 -.720 17.936 1.358
-18.120 3.360 1.260 18.472 1.381
-18.120 3.360 1.260 18.472 1.381
-17.880 3.780 2.520 18.448 1.389
-17.880 3.780 2.520 18.448 1.389
-17.880 4.740 3.600 18.845 1.424
-17.880 4.740 3.600 18.845 1.296
-17.220 5.940 3.660 18.580 1.296
-17.220 5.940 3.660 18.580 1.279
-16.920 6.960 2.760 18.503 1.279
-16.920 6.960 2.760 18.503 1.201
-16.440 7.380 1.380 18.073 1.201
-16.440 7.380 1.380 18.073 1.202
-15.960 7.320 -.480 17.565 1.202
-15.960 7.320 -.480 17.565 1.149
-15.360 6.840 -1.860 16.917 1.145
-15.360 6.840 -1.860 16.917 1.145
-14.220 6.300 -3.000 15.840 1.154
-14.220 6.300 -3.000 15.840 1.154
-12.900 5.460 -3.720 14.493 1.139
-12.900 5.460 -3.720 14.493 1.139
-11.280 5.220 -3.720 12.974 1.126
-11.280 5.220 -3.720 12.974 1.126
-9.660 5.160 -3.600 11.528 1.081
-9.660 5.160 -3.600 11.528 1.079
-7.800 5.820 -2.940 10.166 1.079
-7.800 5.820 -2.940 10.166 .886
-5.940 7.680 -1.320 9.798 .886
-5.940 7.680 -1.320 9.798 .667
-3.780 9.120 -.240 9.875 .667
-3.780 9.120 -.240 9.875 .392
-1.860 11.340 .360 11.497 .392
-1.860 11.340 .360 11.497 .168
-.720 13.500 .480 13.528 .056
-.720 13.500 .480 13.528 .056
.720 15.120 -.720 15.154 -.040
.720 15.120 -.720 15.154 -.040
1.920 16.500 -3.060 16.891 -.050
1.920 16.500 -3.060 16.891 -.050
2.880 17.640 -5.400 18.671 -.110
2.880 17.640 -5.400 18.671 -.178
3.900 17.460 -8.760 19.920 -.178
3.900 17.460 -8.760 19.920 -.183
3.780 16.800 -11.940 20.955 -.183
3.780 16.800 -11.940 20.955 -.256
2.820 15.600 -14.820 21.701 -.256
2.820 15.600 -14.820 21.701 -.176
1.560 13.320 -18.000 22.447 -.176
1.560 13.320 -18.000 22.447 -.133
.240 11.160 -20.160 23.044 .032
.240 11.160 -20.160 23.044 .032
-.960 8.580 -22.140 23.764 -.161
-.960 8.580 -22.140 23.764 -.161
-1.500 6.300 -23.340 24.222 .233
-1.500 6.300 -23.340 24.222 .233
-1.860 4.140 -24.000 24.425 -.007
-1.860 4.140 -24.000 24.425 -.007
-2.100 3.240 -24.240 24.546 .485
-2.100 3.240 -24.240 24.546 .214
-1.500 2.340 -24.420 24.578 .214
-1.500 2.340 -24.420 24.578 .412
-1.200 2.460 -24.540 24.692 .412
-1.200 2.460 -24.540 24.692 .469
-.660 2.760 -25.200 25.359 .469
-.660 2.760 -25.200 25.359 .100
-.360 2.280 -26.280 26.381 .100
-.360 2.280 -26.280 26.381 -.060
-.060 1.560 -27.720 27.764 .570
-.060 1.560 -27.720 27.764 .570
.480 -.600 -29.940 29.950 .394
.480 -.600 -29.940 29.950 .394
1.020 -3.000 -31.380 31.540 -1.577
1.020 -3.000 -31.380 31.540 -1.577
1.620 -5.400 -32.700 33.182 -.180
1.620 -5.400 -32.700 33.182 -.180
1.560 -7.560 -33.120 34.008 -2.483
1.560 -7.560 -33.120 34.008 .928
1.380 -9.060 -31.860 33.152 .928
1.380 -9.060 -31.860 33.152 -2.464
.900 -9.660 -30.060 31.587 -2.464
.900 -9.660 -30.060 31.587 2.618
.660 -9.360 -27.180 28.754 2.618
.660 -9.360 -27.180 28.754 -2.513
.360 -7.560 -24.480 25.623 -2.513
.360 -7.560 -24.480 25.623 -2.699
.900 -4.740 -22.140 22.660 -2.742
.900 -4.740 -22.140 22.660 -2.742
1.740 -1.440 -20.760 20.882 -.277
1.740 -1.440 -20.760 20.882 -.277
2.400 2.100 -20.520 20.766 -.586
2.400 2.100 -20.520 20.766 -.586
3.180 5.520 -21.000 21.945 -.867
3.180 5.520 -21.000 21.945 -.305
3.660 7.800 -22.740 24.318 -.305
3.660 7.800 -22.740 24.318 -.215
4.140 9.540 -24.540 26.653 -.215
4.140 9.540 -24.540 26.653 -.717
5.640 10.320 -26.340 28.846 -.717
5.640 10.320 -26.340 28.846 -.217
6.840 9.780 -28.380 30.787 -.217
6.840 9.780 -28.380 30.787 -.520
7.560 8.940 -29.940 32.148 -1.201
7.560 8.940 -29.940 32.148 -1.201
7.500 6.960 -30.960 32.607 -.417
7.500 6.960 -30.960 32.607 -.417
6.780 4.740 -32.100 33.149 -.464
6.780 4.740 -32.100 33.149 -.464
6.120 2.460 -31.980 32.653 -1.336
6.120 2.460 -31.980 32.653 -1.336
4.440 -.120 -31.020 31.336 -.995
4.440 -.120 -31.020 31.336 -.754
3.000 -1.680 -29.100 29.302 -.754
3.000 -1.680 -29.100 29.302 -2.260
1.320 -2.100 -26.280 26.397 -2.260
1.320 -2.100 -26.280 26.397 -.296
-.660 -1.860 -23.580 23.662 -.296
-.660 -1.860 -23.580 23.662 .143
-1.860 -.240 -20.460 20.546 .143
-1.860 -.240 -20.460 20.546 1.999
-3.360 1.800 -18.300 18.693 .413
-3.360 1.800 -18.300 18.693 .413
-4.980 3.840 -17.040 18.163 .609
-4.980 3.840 -17.040 18.163 .609
-6.780 6.240 -16.080 18.533 .814
-6.780 6.240 -16.080 18.533 .814
-9.240 7.740 -16.260 20.240 .750
-9.240 7.740 -16.260 20.240 .667
-10.560 9.180 -16.440 21.588 .738
-10.560 9.180 -16.440 21.588 .719
-11.880 9.900 -15.720 22.051 .719
-11.880 9.900 -15.720 22.051 .819
-12.060 10.380 -15.060 21.909 .819
-12.060 10.380 -15.060 21.909 .649
-11.040 11.580 -13.980 21.247 .649
-11.040 11.580 -13.980 21.247 .672
-10.500 12.660 -11.760 20.219 .733
-10.500 12.660 -11.760 20.219 .733
-8.880 14.100 -8.940 18.910 .505
-8.880 14.100 -8.940 18.910 .505
-7.080 15.960 -5.760 18.385 .423
-7.080 15.960 -5.760 18.385 .423
-4.620 17.760 -2.580 18.532 .262
-4.620 17.760 -2.580 18.532 .262
-1.500 19.140 -1.380 19.248 .079
-1.500 19.140 -1.380 19.248 .074
1.080 20.400 -1.200 20.464 .074
1.080 20.400 -1.200 20.464 -.054
3.420 21.360 -1.860 21.712 -.054
3.420 21.360 -1.860 21.712 -.156
5.100 21.660 -4.500 22.703 -.156
5.100 21.660 -4.500 22.703 -.210
7.200 21.900 -7.020 24.098 -.210
7.200 21.900 -7.020 24.098 -.340
9.480 21.840 -11.340 26.371 -.364
9.480 21.840 -11.340 26.371 -.364
12.000 20.040 -16.440 28.564 -.470
12.000 20.040 -16.440 28.564 -.470
14.280 17.520 -20.820 30.730 -.431
14.280 17.520 -20.820 30.730 -.431
16.140 14.700 -25.080 33.251 -.771
16.140 14.700 -25.080 33.251 -.771
18.240 10.680 -28.260 35.290 -.805
18.240 10.680 -28.260 35.290 -.829
20.160 7.260 -30.420 37.209 -.829
20.160 7.260 -30.420 37.209 -1.013
22.500 4.080 -31.980 39.314 -1.013
22.500 4.080 -31.980 39.314 -1.153
24.600 1.260 -32.340 40.652 -1.153
24.600 1.260 -32.340 40.652 -.788
26.400 .060 -31.920 41.423 -.788
26.400 .060 -31.920 41.423 -1.296
27.360 .000 -32.040 42.132 -1.329
27.360 .000 -32.040 42.132 -1.329
27.600 .660 -31.920 42.203 -1.044
27.600 .660 -31.920 42.203 -1.044
28.020 2.220 -32.340 42.848 -1.451
27.900 3.480 -33.120 43.445 -1.451
27.900 3.480 -33.120 43.445 -1.241
27.900 3.480 -33.120 43.445 -1.241
27.720 4.920 -33.420 43.698 -1.124
27.420 6.000 -33.420 43.643 -1.092
27.420 6.000 -33.420 43.643 -1.092
26.520 6.420 -33.120 42.912 -1.163
26.520 6.420 -33.120 42.912 -1.163
25.920 6.360 -32.160 41.792 -.990
25.920 6.360 -32.160 41.792 -.990
26.280 5.760 -30.060 40.341 -1.322
26.280 5.760 -30.060 40.341 -1.026
26.220 5.940 -27.360 38.358 -1.026
26.220 5.940 -27.360 38.358 -1.211
26.640 6.600 -24.540 36.817 -1.211
26.640 6.600 -24.540 36.817 -1.170
26.280 8.280 -21.540 34.974 -1.170
26.280 8.280 -21.540 34.974 -1.094
25.140 10.560 -19.320 33.418 -1.094
25.140 10.560 -19.320 33.418 -1.010
24.540 13.200 -17.700 33.011 -1.087
24.540 13.200 -17.700 33.011 -1.087
23.400 15.300 -17.460 32.962 -.929
23.400 15.300 -17.460 32.962 -.929
21.780 17.940 -18.420 33.697 -.956
21.780 17.940 -18.420 33.697 -.956
19.380 20.280 -19.980 34.439 -.877
19.380 20.280 -19.980 34.439 -.877
16.560 21.180 -22.620 35.135 -.626
16.560 21.180 -22.620 35.135 -.535
13.740 21.540 -25.380 36.013 -.535
13.740 21.540 -25.380 36.013 -.338
11.760 20.400 -28.260 36.784 -.338
11.760 20.400 -28.260 36.784 -.472
10.380 17.700 -32.760 38.656 -.472
10.380 17.700 -32.760 38.656 -.490
9.060 15.000 -36.420 40.417 -.490
9.060 15.000 -36.420 40.417 -.362
7.920 11.820 -39.180 41.683 -.157
7.920 11.820 -39.180 41.683 -.157
6.720 7.800 -41.160 42.428 -.711
6.720 7.800 -41.160 42.428 -.711
6.120 4.440 -40.500 41.200 -.244
6.120 4.440 -40.500 41.200 -.244
5.820 .900 -39.180 39.620 -.693
5.820 .900 -39.180 39.620 -.693
5.400 -2.400 -36.540 37.015 -.684
5.400 -2.400 -36.540 37.015 .025
5.220 -4.560 -33.120 33.837 .025
5.220 -4.560 -33.120 33.837 -.599
4.860 -6.180 -29.880 30.897 -.599
4.860 -6.180 -29.880 30.897 -1.206
4.320 -6.420 -26.640 27.741 -1.206
4.320 -6.420 -26.640 27.741 -.331
4.260 -5.460 -24.360 25.325 -2.175
4.260 -5.460 -24.360 25.325 -2.175
4.440 -3.900 -22.980 23.728 -1.090
4.440 -3.900 -22.980 23.728 -1.090
4.560 -2.040 -22.140 22.697 -1.101
4.560 -2.040 -22.140 22.697 -1.101
5.400 -.300 -22.140 22.791 -.032
5.400 -.300 -22.140 22.791 -.032
6.600 .960 -22.320 23.295 -.883
6.600 .960 -22.320 23.295 -.697
7.920 2.100 -22.560 24.002 -.697
7.920 2.100 -22.560 24.002 -1.299
9.420 1.920 -22.980 24.910 -1.299
9.420 1.920 -22.980 24.910 -.795
10.860 1.260 -22.740 25.232 -.795
10.860 1.260 -22.740 25.232 -1.059
12.180 .120 -22.080 25.217 -1.059
12.180 .120 -22.080 25.217 -1.114
13.320 -2.040 -21.600 25.459 -1.444
13.320 -2.040 -21.600 25.459 -1.444
14.520 -3.240 -20.820 25.589 -1.486
14.520 -3.240 -20.820 25.589 -1.486
15.600 -4.680 -19.980 25.777 -1.745
15.600 -4.680 -19.980 25.777 -1.745
16.560 -5.760 -19.620 26.313 -1.561
16.560 -5.760 -19.620 26.313 -1.561
17.040 -6.420 -18.600 26.030 -1.639
17.040 -6.420 -18.600 26.030 -1.759
17.280 -7.440 -17.280 25.545 -1.759
17.280 -7.440 -17.280 25.545 -1.794
17.040 -8.460 -16.440 25.144 -1.794
17.040 -8.460 -16.440 25.144 -1.724
16.620 -9.240 -14.940 24.183 -1.724
16.620 -9.240 -14.940 24.183 -1.955
16.200 -9.900 -13.320 23.192 -1.930
16.200 -9.900 -13.320 23.192 -1.930
15.360 -9.420 -11.580 21.419 -1.992
15.360 -9.420 -11.580 21.419 -1.992
14.760 -8.160 -8.820 19.032 -2.065
14.760 -8.160 -8.820 19.032 -2.065
13.980 -6.240 -6.840 16.768 -1.995
13.980 -6.240 -6.840 16.768 -1.995
13.320 -3.240 -4.800 14.524 -1.876
13.320 -3.240 -4.800 14.524 -1.795
12.840 .240 -3.300 13.259 -1.795
12.840 .240 -3.300 13.259 -1.449
12.180 3.540 -3.000 13.034 -1.449
12.180 3.540 -3.000 13.034 -1.258
10.680 7.200 -2.880 13.198 -1.258
10.680 7.200 -2.880 13.198 -.976
9.480 10.200 -4.020 14.494 -.976
9.480 10.200 -4.020 14.494 -.716
8.460 12.540 -5.700 16.165 -.549
8.460 12.540 -5.700 16.165 -.549
7.320 14.400 -8.160 18.098 -.522
7.320 14.400 -8.160 18.098 -.522
6.360 14.160 -12.000 19.620 -.279
6.360 14.160 -12.000 19.620 -.279
4.500 13.680 -15.480 21.143 -.440
4.500 13.680 -15.480 21.143 -.440
2.160 12.420 -18.660 22.519 -.269
2.160 12.420 -18.660 22.519 -.010
.060 10.860 -21.540 24.123 -.010
.060 10.860 -21.540 24.123 .075
-1.860 9.900 -22.980 25.091 .075
-1.860 9.900 -22.980 25.091 -.227
-3.720 8.340 -23.760 25.455 -.227
-3.720 8.340 -23.760 25.455 .162
-4.620 6.480 -23.760 25.057 .162
-4.620 6.480 -23.760 25.057 .242
-6.060 4.560 -22.560 23.801 1.099
-6.060 4.560 -22.560 23.801 1.099
-7.020 2.700 -21.000 22.306 .733
-7.020 2.700 -21.000 22.306 .733
-7.020 1.860 -19.020 20.359 .910
-7.020 1.860 -19.020 20.359 .910
-6.480 1.560 -17.340 18.577 1.348
-6.480 1.560 -17.340 18.577 .650
-4.740 1.560 -16.140 16.894 .650
-4.740 1.560 -16.140 16.894 .632
-3.180 1.740 -15.780 16.191 .632
-3.180 1.740 -15.780 16.191 1.439
-1.380 1.560 -16.260 16.393 1.439
-1.380 1.560 -16.260 16.393 .203
.180 .840 -17.640 17.661 .203
.180 .840 -17.640 17.661 .044
1.740 .600 -19.260 19.348 -1.155
1.740 .600 -19.260 19.348 -1.155
4.020 -.060 -21.420 21.794 -.267
4.020 -.060 -21.420 21.794 -.267
5.640 -.420 -23.640 24.307 -1.085
5.640 -.420 -23.640 24.307 -1.085
6.900 -.180 -25.440 26.360 -1.913
6.900 -.180 -25.440 26.360 -1.913
7.800 -.840 -27.420 28.520 -.703
7.800 -.840 -27.420 28.520 -.927
8.160 -.180 -28.500 29.646 -.927
8.160 -.180 -28.500 29.646 -1.478
9.180 .360 -28.380 29.830 -1.478
9.180 .360 -28.380 29.830 -.533
9.660 1.200 -27.900 29.549 -.533
9.660 1.200 -27.900 29.549 -1.025
9.780 2.580 -26.580 28.439 -1.025
9.780 2.580 -26.580 28.439 -1.668
9.480 3.300 -24.540 26.514 -.779
9.480 3.300 -24.540 26.514 -.779
8.820 4.320 -23.460 25.433 -.651
8.820 4.320 -23.460 25.433 -.651
8.700 4.860 -22.980 25.048 -1.130
8.700 4.860 -22.980 25.048 -1.130
8.640 5.220 -22.920 25.044 -.481
8.640 5.220 -22.920 25.044 -.413
8.820 5.640 -24.000 26.184 -.760
8.820 5.640 -24.000 26.184 -1.237
8.460 4.860 -25.980 27.752 -1.237
8.460 4.860 -25.980 27.752 -.702
8.100 3.660 -27.660 29.053 -.702
8.100 3.660 -27.660 29.053 -.559
7.500 2.640 -29.940 30.978 -.559
7.500 2.640 -29.940 30.978 -1.414
7.500 1.440 -32.220 33.113 -.489
7.500 1.440 -32.220 33.113 -.489
7.080 .720 -33.420 34.169 -.942
7.080 .720 -33.420 34.169 -.942
6.540 .660 -34.920 35.533 -1.981
6.540 .660 -34.920 35.533 -1.981
5.880 -.120 -36.180 36.655 -.712
5.880 -.120 -36.180 36.655 -.712
4.380 -.180 -36.900 37.159 -.229
4.380 -.180 -36.900 37.159 -1.425
3.240 .000 -37.740 37.879 -1.425
1.560 -.600 -38.160 38.197 -.219
1.560 -.600 -38.160 38.197 -.219
-.060 -.840 -38.280 38.289 -.725
-.060 -.840 -38.280 38.289 -.725
-2.040 -1.380 -38.220 38.299 3.061
-2.040 -1.380 -38.220 38.299 1.125
-4.380 -1.980 -37.200 37.509 .351
-4.380 -1.980 -37.200 37.509 .605
-6.300 -2.400 -36.180 36.803 .605
-6.300 -2.400 -36.180 36.803 -2.950
-6.300 -2.400 -36.180 36.803 -2.950
-7.860 -2.520 -34.380 35.357 .412
-7.860 -2.520 -34.380 35.357 .412
-9.600 -2.520 -32.460 33.944 .917
-11.640 -2.760 -30.480 32.744 1.175
-11.640 -2.760 -30.480 32.744 2.019
-13.980 -1.620 -27.540 30.928 1.046
-13.980 -1.620 -27.540 30.928 1.046
-13.980 -1.620 -27.540 30.928 1.245
-16.800 .120 -24.060 29.345 1.245
-16.800 .120 -24.060 29.345 1.556
-18.480 2.040 -20.700 27.824 1.556
-18.480 2.040 -20.700 27.824 1.158
-19.800 4.440 -18.300 27.325 1.158
-21.120 5.940 -16.200 27.272 1.107
-21.120 5.940 -16.200 27.272 1.323
-21.120 5.940 -16.200 27.272 1.323
-22.140 7.080 -14.700 27.503 1.105
-22.140 7.080 -14.700 27.503 1.105
-23.400 7.680 -12.240 27.502 1.167
-23.940 8.400 -9.060 26.940 1.167
-23.940 8.400 -9.060 26.940 1.237
-23.880 8.700 -6.180 26.156 1.199
-23.880 8.700 -6.180 26.156 1.182
-23.100 9.240 -3.180 25.082 1.179
-23.100 9.240 -3.180 25.082 1.179
-21.960 9.420 -.840 23.910 1.237
-21.960 9.420 -.840 23.910 1.237
-21.000 10.020 1.860 23.342 1.182
-21.000 10.020 1.860 23.342 1.182
-19.380 11.880 4.800 23.233 1.154
-19.380 11.880 4.800 23.233 1.141
-17.100 13.680 6.840 22.942 1.141
-17.100 13.680 6.840 22.942 .899
-13.860 15.900 7.260 22.307 .899
-13.860 15.900 7.260 22.307 .794
-9.900 17.520 6.600 21.178 .794
-9.900 17.520 6.600 21.178 .566
-6.060 18.180 5.520 19.943 .566
-6.060 18.180 5.520 19.943 .302
-2.640 17.580 2.760 17.990 .162
-2.640 17.580 2.760 17.990 .162
.060 16.020 -.300 16.023 .167
.060 16.020 -.300 16.023 .167
2.460 13.320 -3.960 14.112 -.009
2.460 13.320 -3.960 14.112 -.009
4.560 9.300 -9.300 13.920 -.184
4.560 9.300 -9.300 13.920 -.184
6.120 5.640 -13.920 16.218 -.403
6.120 5.640 -13.920 16.218 -.450
7.560 1.800 -18.540 20.103 -.450
7.560 1.800 -18.540 20.103 -.878
8.940 -1.260 -22.440 24.188 -.878
8.940 -1.260 -22.440 24.188 -.876
9.300 -3.660 -25.740 27.612 -.876
9.300 -3.660 -25.740 27.612 -1.369
9.240 -6.420 -28.380 30.529 -1.369
9.240 -6.420 -28.380 30.529 -.656
8.460 -8.040 -29.400 31.632 -1.437
8.460 -8.040 -29.400 31.632 -1.437
7.200 -8.880 -30.360 32.441 -2.270
7.200 -8.880 -30.360 32.441 -2.270
6.780 -9.300 -30.660 32.749 -1.748
6.780 -9.300 -30.660 32.749 -1.748
6.360 -8.400 -30.540 32.306 -1.841
6.360 -8.400 -30.540 32.306 -2.222
6.420 -7.200 -30.600 32.085 -2.222
6.420 -7.200 -30.600 32.085 -1.449
6.000 -5.760 -31.560 32.638 -1.449
6.000 -5.760 -31.560 32.638 -1.308
4.980 -3.120 -31.860 32.397 -1.308
4.980 -3.120 -31.860 32.397 -2.027
